1.000000 0.000082 0.000000 0.003097 -0.000082 1.000000 -0.000000 -0.007862 -0.000000 0.000000 1.000000 0.000000
1.000000 0.000197 0.000000 -0.000244 -0.000197 1.000000 -0.000000 -0.016222 -0.000000 0.000000 1.000000 0.000000
1.000000 0.000390 0.000000 0.004035 -0.000390 1.000000 -0.000000 0.006168 -0.000000 0.000000 1.000000 0.000000
1.000000 0.000003 0.000000 0.002148 -0.000003 1.000000 -0.000000 -0.000990 -0.000000 0.000000 1.000000 0.000000
1.000000 -0.000083 0.000000 0.002923 0.000083 1.000000 0.000000 -0.008021 0.000000 0.000000 1.000000 0.000000
1.000000 0.000016 0.000000 -0.002438 -0.000016 1.000000 -0.000000 -0.000890 -0.000000 0.000000 1.000000 0.000000
1.000000 0.000022 0.000000 0.000417 -0.000022 1.000000 -0.000000 -0.001561 -0.000000 0.000000 1.000000 0.000000
1.000000 0.000007 0.000000 -0.009601 -0.000007 1.000000 -0.000000 0.000599 -0.000000 0.000000 1.000000 0.000000
1.000000 0.000064 0.000000 -0.001717 -0.000064 1.000000 -0.000000 0.001678 -0.000000 0.000000 1.000000 0.000000
1.000000 0.000069 0.000000 -0.008966 -0.000069 1.000000 -0.000000 0.002338 -0.000000 0.000000 1.000000 0.000000
1.000000 0.000063 0.000000 0.003770 -0.000063 1.000000 -0.000000 -0.000023 -0.000000 0.000000 1.000000 0.000000
1.000000 0.000089 0.000000 -0.004700 -0.000089 1.000000 -0.000000 0.000081 -0.000000 0.000000 1.000000 0.000000
1.000000 0.000101 0.000000 -0.004369 -0.000101 1.000000 -0.000000 0.000898 -0.000000 0.000000 1.000000 0.000000
1.000000 0.000104 0.000000 0.001810 -0.000104 1.000000 -0.000000 0.001775 -0.000000 0.000000 1.000000 0.000000
1.000000 0.000193 0.000000 -0.017876 -0.000193 1.000000 -0.000000 -0.004923 -0.000000 0.000000 1.000000 0.000000
1.000000 0.000327 0.000000 -0.038663 -0.000327 1.000000 -0.000000 -0.012640 -0.000000 0.000000 1.000000 0.000000
1.000000 0.000318 0.000000 -0.022589 -0.000318 1.000000 -0.000000 -0.010272 -0.000000 0.000000 1.000000 0.000000
1.000000 0.000324 0.000000 -0.035364 -0.000324 1.000000 -0.000000 -0.011104 -0.000000 0.000000 1.000000 0.000000
1.000000 0.000287 0.000000 -0.023895 -0.000287 1.000000 -0.000000 -0.007029 -0.000000 0.000000 1.000000 0.000000
1.000000 0.000154 0.000000 -0.038639 -0.000154 1.000000 -0.000000 -0.001776 -0.000000 0.000000 1.000000 0.000000
1.000000 0.000306 0.000000 -0.022282 -0.000306 1.000000 -0.000000 -0.006622 -0.000000 0.000000 1.000000 0.000000
1.000000 0.000304 0.000000 -0.025684 -0.000304 1.000000 -0.000000 -0.004865 -0.000000 0.000000 1.000000 0.000000
1.000000 0.000300 0.000000 -0.024612 -0.000300 1.000000 -0.000000 -0.005061 -0.000000 0.000000 1.000000 0.000000
1.000000 0.000271 0.000000 -0.034344 -0.000271 1.000000 -0.000000 -0.003493 -0.000000 0.000000 1.000000 0.000000
1.000000 0.000231 0.000000 -0.059193 -0.000231 1.000000 -0.000000 -0.004292 -0.000000 0.000000 1.000000 0.000000
1.000000 0.000301 0.000000 -0.040848 -0.000301 1.000000 -0.000000 -0.004271 -0.000000 0.000000 1.000000 0.000000
1.000000 0.000338 0.000000 -0.043819 -0.000338 1.000000 -0.000000 -0.005042 -0.000000 0.000000 1.000000 0.000000
1.000000 0.000318 0.000000 -0.041464 -0.000318 1.000000 -0.000000 -0.002757 -0.000000 0.000000 1.000000 0.000000
1.000000 0.000420 0.000000 -0.045502 -0.000420 1.000000 -0.000000 -0.007769 -0.000000 0.000000 1.000000 0.000000
1.000000 0.000382 0.000000 -0.039205 -0.000382 1.000000 -0.000000 -0.004319 -0.000000 0.000000 1.000000 0.000000
1.000000 0.000328 0.000000 -0.036208 -0.000328 1.000000 -0.000000 -0.000692 -0.000000 0.000000 1.000000 0.000000
1.000000 0.000379 0.000000 -0.039280 -0.000379 1.000000 -0.000000 -0.002731 -0.000000 0.000000 1.000000 0.000000
1.000000 0.000355 0.000000 -0.038593 -0.000355 1.000000 -0.000000 -0.000389 -0.000000 0.000000 1.000000 0.000000
1.000000 0.000512 0.000000 -0.052239 -0.000512 1.000000 -0.000000 -0.009043 -0.000000 0.000000 1.000000 0.000000
1.000000 0.000374 0.000000 -0.044649 -0.000374 1.000000 -0.000000 -0.000155 -0.000000 0.000000 1.000000 0.000000
1.000000 0.000393 0.000000 -0.043451 -0.000393 1.000000 -0.000000 -0.000181 -0.000000 0.000000 1.000000 0.000000
1.000000 0.000410 0.000000 -0.045920 -0.000410 1.000000 -0.000000 -0.000483 -0.000000 0.000000 1.000000 0.000000
1.000000 0.000358 0.000000 -0.055802 -0.000358 1.000000 -0.000000 0.000991 -0.000000 0.000000 1.000000 0.000000
1.000000 0.000534 0.000000 -0.055947 -0.000534 1.000000 -0.000000 -0.006446 -0.000000 0.000000 1.000000 0.000000
1.000000 0.000353 0.000000 -0.050503 -0.000353 1.000000 -0.000000 0.000293 -0.000000 0.000000 1.000000 0.000000
1.000000 0.000441 0.000000 -0.043470 -0.000441 1.000000 -0.000000 0.001908 -0.000000 0.000000 1.000000 0.000000
1.000000 0.000440 0.000000 -0.051694 -0.000440 1.000000 -0.000000 0.001464 -0.000000 0.000000 1.000000 0.000000
1.000000 0.000655 0.000000 -0.065302 -0.000655 1.000000 -0.000000 -0.010623 -0.000000 0.000000 1.000000 0.000000
1.000000 0.000477 0.000000 -0.066360 -0.000477 1.000000 -0.000000 -0.003553 -0.000000 0.000000 1.000000 0.000000
1.000000 0.000413 0.000000 -0.059442 -0.000413 1.000000 -0.000000 0.000799 -0.000000 0.000000 1.000000 0.000000
1.000000 0.000527 0.000000 -0.062972 -0.000527 1.000000 -0.000000 -0.006388 -0.000000 0.000000 1.000000 0.000000
1.000000 0.000368 0.000000 -0.045239 -0.000368 1.000000 -0.000000 -0.002983 -0.000000 0.000000 1.000000 0.000000
1.000000 0.000451 0.000000 -0.059104 -0.000451 1.000000 -0.000000 -0.003307 -0.000000 0.000000 1.000000 0.000000
1.000000 0.000344 0.000000 -0.053065 -0.000344 1.000000 -0.000000 0.001611 -0.000000 0.000000 1.000000 0.000000
1.000000 0.000454 0.000000 -0.061974 -0.000454 1.000000 -0.000000 -0.005459 -0.000000 0.000000 1.000000 0.000000
1.000000 0.000355 0.000000 -0.060406 -0.000355 1.000000 -0.000000 0.001670 -0.000000 0.000000 1.000000 0.000000
1.000000 0.000649 0.000000 -0.056436 -0.000649 1.000000 -0.000000 -0.006981 -0.000000 0.000000 1.000000 0.000000
1.000000 0.000397 0.000000 -0.068951 -0.000397 1.000000 -0.000000 -0.002202 -0.000000 0.000000 1.000000 0.000000
1.000000 0.000300 0.000000 -0.065985 -0.000300 1.000000 -0.000000 -0.000033 -0.000000 0.000000 1.000000 0.000000
1.000000 0.000480 0.000000 -0.062546 -0.000480 1.000000 -0.000000 -0.000370 -0.000000 0.000000 1.000000 0.000000
1.000000 0.000262 0.000000 -0.055990 -0.000262 1.000000 -0.000000 0.003913 -0.000000 0.000000 1.000000 0.000000
1.000000 0.000943 0.000000 -0.075208 -0.000943 1.000000 -0.000000 -0.000558 -0.000000 0.000000 1.000000 0.000000
1.000000 0.000395 0.000000 -0.066249 -0.000395 1.000000 -0.000000 -0.004763 -0.000000 0.000000 1.000000 0.000000
1.000000 0.000531 0.000000 -0.074344 -0.000531 1.000000 -0.000000 -0.015786 -0.000000 0.000000 1.000000 0.000000
1.000000 0.000284 0.000000 -0.067713 -0.000284 1.000000 -0.000000 -0.000317 -0.000000 0.000000 1.000000 0.000000
1.000000 0.000414 0.000000 -0.072989 -0.000414 1.000000 -0.000000 -0.007941 -0.000000 0.000000 1.000000 0.000000
1.000000 0.000242 0.000000 -0.070090 -0.000242 1.000000 -0.000000 0.000826 -0.000000 0.000000 1.000000 0.000000
1.000000 0.000389 0.000000 -0.070314 -0.000389 1.000000 -0.000000 -0.007647 -0.000000 0.000000 1.000000 0.000000
1.000000 0.000242 0.000000 -0.064124 -0.000242 1.000000 -0.000000 0.000262 -0.000000 0.000000 1.000000 0.000000
1.000000 0.000299 0.000000 -0.069362 -0.000299 1.000000 -0.000000 -0.003908 -0.000000 0.000000 1.000000 0.000000
1.000000 0.000272 0.000000 -0.069494 -0.000272 1.000000 -0.000000 -0.003436 -0.000000 0.000000 1.000000 0.000000
1.000000 0.000215 0.000000 -0.069231 -0.000215 1.000000 -0.000000 -0.000723 -0.000000 0.000000 1.000000 0.000000
1.000000 0.000329 0.000000 -0.065203 -0.000329 1.000000 -0.000000 -0.006083 -0.000000 0.000000 1.000000 0.000000
1.000000 0.000313 0.000000 -0.065100 -0.000313 1.000000 -0.000000 -0.005658 -0.000000 0.000000 1.000000 0.000000
1.000000 0.000380 0.000000 -0.062056 -0.000380 1.000000 -0.000000 -0.009080 -0.000000 0.000000 1.000000 0.000000
1.000000 0.000560 0.000000 -0.062807 -0.000560 1.000000 -0.000000 -0.016916 -0.000000 0.000000 1.000000 0.000000
1.000000 0.000453 0.000000 -0.062204 -0.000453 1.000000 -0.000000 -0.013011 -0.000000 0.000000 1.000000 0.000000
1.000000 0.000286 0.000000 -0.066241 -0.000286 1.000000 -0.000000 -0.006395 -0.000000 0.000000 1.000000 0.000000
1.000000 0.000521 0.000000 -0.062509 -0.000521 1.000000 -0.000000 -0.016367 -0.000000 0.000000 1.000000 0.000000
1.000000 0.000435 0.000000 -0.068157 -0.000435 1.000000 -0.000000 -0.014697 -0.000000 0.000000 1.000000 0.000000
1.000000 0.000281 0.000000 -0.068686 -0.000281 1.000000 -0.000000 -0.008358 -0.000000 0.000000 1.000000 0.000000
1.000000 0.000420 0.000000 -0.066379 -0.000420 1.000000 -0.000000 -0.014659 -0.000000 0.000000 1.000000 0.000000
1.000000 0.000282 0.000000 -0.070164 -0.000282 1.000000 -0.000000 -0.009184 -0.000000 0.000000 1.000000 0.000000
1.000000 0.000289 0.000000 -0.072774 -0.000289 1.000000 -0.000000 -0.010388 -0.000000 0.000000 1.000000 0.000000
1.000000 0.000260 0.000000 -0.070030 -0.000260 1.000000 -0.000000 -0.009256 -0.000000 0.000000 1.000000 0.000000
1.000000 0.000287 0.000000 -0.073146 -0.000287 1.000000 -0.000000 -0.011462 -0.000000 0.000000 1.000000 0.000000
1.000000 0.000241 0.000000 -0.068563 -0.000241 1.000000 -0.000000 -0.009490 -0.000000 0.000000 1.000000 0.000000
1.000000 0.000303 0.000000 -0.076459 -0.000303 1.000000 -0.000000 -0.013601 -0.000000 0.000000 1.000000 0.000000
1.000000 0.000220 0.000000 -0.071116 -0.000220 1.000000 -0.000000 -0.009510 -0.000000 0.000000 1.000000 0.000000
1.000000 0.000246 0.000000 -0.066726 -0.000246 1.000000 -0.000000 -0.010200 -0.000000 0.000000 1.000000 0.000000
1.000000 0.000197 0.000000 -0.071338 -0.000197 1.000000 -0.000000 -0.009515 -0.000000 0.000000 1.000000 0.000000
1.000000 0.000232 0.000000 -0.071235 -0.000232 1.000000 -0.000000 -0.011637 -0.000000 0.000000 1.000000 0.000000
1.000000 0.000243 0.000000 -0.070273 -0.000243 1.000000 -0.000000 -0.013171 -0.000000 0.000000 1.000000 0.000000
1.000000 0.000188 0.000000 -0.063500 -0.000188 1.000000 -0.000000 -0.018220 -0.000000 0.000000 1.000000 0.000000
1.000000 0.000230 0.000000 -0.026187 -0.000230 1.000000 -0.000000 -0.018999 -0.000000 0.000000 1.000000 0.000000
0.999997 -0.002409 0.000000 0.124609 0.002409 0.999997 0.000000 0.005850 0.000000 0.000000 1.000000 0.000000
0.999961 -0.008783 0.000000 0.334110 0.008783 0.999961 0.000000 0.024869 0.000000 0.000000 1.000000 0.000000
0.999305 -0.037286 0.000000 0.810122 0.037286 0.999305 0.000000 0.011609 0.000000 0.000000 1.000000 0.000000
0.998349 -0.057447 0.000000 1.489282 0.057447 0.998349 0.000000 0.099180 0.000000 0.000000 1.000000 0.000000
0.996031 -0.089010 0.000000 2.475770 0.089010 0.996031 0.000000 0.176571 0.000000 0.000000 1.000000 0.000000
0.992602 -0.121410 0.000000 5.325329 0.121410 0.992602 0.000000 0.586171 0.000000 0.000000 1.000000 0.000000
0.992631 -0.121178 0.000000 6.253660 0.121178 0.992631 0.000000 0.668621 0.000000 0.000000 1.000000 0.000000
0.992986 -0.118235 0.000000 8.374517 0.118235 0.992986 0.000000 0.994661 0.000000 0.000000 1.000000 0.000000
0.993095 -0.117311 0.000000 10.552626 0.117311 0.993095 0.000000 1.234465 0.000000 0.000000 1.000000 0.000000
0.993857 -0.110674 0.000000 13.100124 0.110674 0.993857 0.000000 1.499483 0.000000 0.000000 1.000000 0.000000
0.994502 -0.104722 0.000000 15.593107 0.104722 0.994502 0.000000 1.696732 0.000000 0.000000 1.000000 0.000000
0.995613 -0.093567 0.000000 18.154517 0.093567 0.995613 0.000000 1.982059 0.000000 0.000000 1.000000 0.000000
0.996873 -0.079022 0.000000 20.909482 0.079022 0.996873 0.000000 2.172774 0.000000 0.000000 1.000000 0.000000
0.997869 -0.065245 0.000000 23.590291 0.065245 0.997869 0.000000 2.346366 0.000000 0.000000 1.000000 0.000000
0.998452 -0.055624 0.000000 29.111038 0.055624 0.998452 0.000000 2.634572 0.000000 0.000000 1.000000 0.000000
0.998547 -0.053880 0.000000 30.586386 0.053880 0.998547 0.000000 2.674637 0.000000 0.000000 1.000000 0.000000
0.998710 -0.050787 0.000000 33.894259 0.050787 0.998710 0.000000 2.882867 0.000000 0.000000 1.000000 0.000000
0.998730 -0.050389 0.000000 37.161500 0.050389 0.998730 0.000000 3.020383 0.000000 0.000000 1.000000 0.000000
0.999187 -0.040321 0.000000 40.798721 0.040321 0.999187 0.000000 3.185058 0.000000 0.000000 1.000000 0.000000
0.999513 -0.031204 0.000000 44.494876 0.031204 0.999513 0.000000 3.256352 0.000000 0.000000 1.000000 0.000000
0.999694 -0.024756 0.000000 48.416254 0.024756 0.999694 0.000000 3.336501 0.000000 0.000000 1.000000 0.000000
0.999945 -0.010447 0.000000 52.388711 0.010447 0.999945 0.000000 3.343435 0.000000 0.000000 1.000000 0.000000
0.999966 0.008213 0.000000 56.243018 -0.008213 0.999966 -0.000000 3.350981 -0.000000 0.000000 1.000000 0.000000
0.999872 0.016000 0.000000 64.150343 -0.016000 0.999872 -0.000000 3.041914 -0.000000 0.000000 1.000000 0.000000
0.999981 0.006203 0.000000 66.101345 -0.006203 0.999981 -0.000000 2.964584 -0.000000 0.000000 1.000000 0.000000
0.999845 -0.017634 0.000000 70.287506 0.017634 0.999845 0.000000 3.042413 0.000000 0.000000 1.000000 0.000000
0.999404 -0.034532 0.000000 74.320487 0.034532 0.999404 0.000000 3.037897 0.000000 0.000000 1.000000 0.000000
0.998313 -0.058065 0.000000 78.472224 0.058065 0.998313 0.000000 3.269130 0.000000 0.000000 1.000000 0.000000
0.998043 -0.062533 0.000000 82.882231 0.062533 0.998043 0.000000 3.601300 0.000000 0.000000 1.000000 0.000000
0.998176 -0.060367 0.000000 87.199496 0.060367 0.998176 0.000000 3.832142 0.000000 0.000000 1.000000 0.000000
0.998051 -0.062404 0.000000 91.619779 0.062404 0.998051 0.000000 4.105174 0.000000 0.000000 1.000000 0.000000
0.998139 -0.060978 0.000000 96.159863 0.060978 0.998139 0.000000 4.424256 0.000000 0.000000 1.000000 0.000000
0.999335 -0.036464 0.000000 105.355066 0.036464 0.999335 0.000000 4.550195 0.000000 0.000000 1.000000 0.000000
0.999446 -0.033268 0.000000 107.679992 0.033268 0.999446 0.000000 4.683313 0.000000 0.000000 1.000000 0.000000
0.999603 -0.028170 0.000000 112.490322 0.028170 0.999603 0.000000 4.683289 0.000000 0.000000 1.000000 0.000000
0.999526 -0.030775 0.000000 117.325522 0.030775 0.999526 0.000000 4.761426 0.000000 0.000000 1.000000 0.000000
0.999468 -0.032602 0.000000 122.268965 0.032602 0.999468 0.000000 4.845330 0.000000 0.000000 1.000000 0.000000
0.999340 -0.036325 0.000000 127.059943 0.036325 0.999340 0.000000 5.098983 0.000000 0.000000 1.000000 0.000000
0.999428 -0.033820 0.000000 132.124357 0.033820 0.999428 0.000000 5.273680 0.000000 0.000000 1.000000 0.000000
0.999394 -0.034812 0.000000 137.156640 0.034812 0.999394 0.000000 5.402225 0.000000 0.000000 1.000000 0.000000
0.999373 -0.035408 0.000000 142.074964 0.035408 0.999373 0.000000 5.590376 0.000000 0.000000 1.000000 0.000000
0.999289 -0.037704 0.000000 152.175661 0.037704 0.999289 0.000000 5.884084 0.000000 0.000000 1.000000 0.000000
0.999253 -0.038636 0.000000 154.636466 0.038636 0.999253 0.000000 5.971017 0.000000 0.000000 1.000000 0.000000
0.999346 -0.036149 0.000000 159.389740 0.036149 0.999346 0.000000 6.033464 0.000000 0.000000 1.000000 0.000000
0.999066 -0.043206 0.000000 164.122866 0.043206 0.999066 0.000000 6.241562 0.000000 0.000000 1.000000 0.000000
0.998968 -0.045410 0.000000 168.767701 0.045410 0.998968 0.000000 6.430421 0.000000 0.000000 1.000000 0.000000
0.999028 -0.044090 0.000000 173.133006 0.044090 0.999028 0.000000 6.617226 0.000000 0.000000 1.000000 0.000000
0.998951 -0.045798 0.000000 177.606284 0.045798 0.998951 0.000000 6.796175 0.000000 0.000000 1.000000 0.000000
0.998584 -0.053191 0.000000 181.813831 0.053191 0.998584 0.000000 7.122497 0.000000 0.000000 1.000000 0.000000
0.998610 -0.052715 0.000000 186.151357 0.052715 0.998610 0.000000 7.307660 0.000000 0.000000 1.000000 0.000000
0.996883 -0.078889 0.000000 193.857774 0.078889 0.996883 0.000000 7.782371 0.000000 0.000000 1.000000 0.000000
0.995955 -0.089859 0.000000 195.780561 0.089859 0.995955 0.000000 7.938243 0.000000 0.000000 1.000000 0.000000
0.993979 -0.109568 0.000000 199.436920 0.109568 0.993979 0.000000 8.309775 0.000000 0.000000 1.000000 0.000000
0.992128 -0.125228 0.000000 202.799818 0.125228 0.992128 0.000000 8.677885 0.000000 0.000000 1.000000 0.000000
0.991736 -0.128292 0.000000 206.307850 0.128292 0.991736 0.000000 9.135918 0.000000 0.000000 1.000000 0.000000
0.990965 -0.134118 0.000000 209.730721 0.134118 0.990965 0.000000 9.614012 0.000000 0.000000 1.000000 0.000000
0.989856 -0.142074 0.000000 212.832421 0.142074 0.989856 0.000000 10.159410 0.000000 0.000000 1.000000 0.000000
0.988945 -0.148282 0.000000 216.225963 0.148282 0.988945 0.000000 10.580170 0.000000 0.000000 1.000000 0.000000
0.987799 -0.155732 0.000000 219.336720 0.155732 0.987799 0.000000 11.016251 0.000000 0.000000 1.000000 0.000000
0.986948 -0.161039 0.000000 225.361973 0.161039 0.986948 0.000000 12.044510 0.000000 0.000000 1.000000 0.000000
0.987365 -0.158465 0.000000 226.753604 0.158465 0.987365 0.000000 12.244270 0.000000 0.000000 1.000000 0.000000
0.987861 -0.155341 0.000000 229.392463 0.155341 0.987861 0.000000 12.677669 0.000000 0.000000 1.000000 0.000000
0.987598 -0.157002 0.000000 231.917833 0.157002 0.987598 0.000000 13.099931 0.000000 0.000000 1.000000 0.000000
0.986682 -0.162663 0.000000 234.361772 0.162663 0.986682 0.000000 13.447641 0.000000 0.000000 1.000000 0.000000
0.985624 -0.168952 0.000000 236.724549 0.168952 0.985624 0.000000 13.817509 0.000000 0.000000 1.000000 0.000000
0.986134 -0.165948 0.000000 238.996996 0.165948 0.986134 0.000000 14.225013 0.000000 0.000000 1.000000 0.000000
0.986554 -0.163433 0.000000 241.285054 0.163433 0.986554 0.000000 14.618091 0.000000 0.000000 1.000000 0.000000
0.987950 -0.154775 0.000000 243.806515 0.154775 0.987950 0.000000 14.985628 0.000000 0.000000 1.000000 0.000000
0.989120 -0.147109 0.000000 249.347203 0.147109 0.989120 0.000000 15.746336 0.000000 0.000000 1.000000 0.000000
0.988513 -0.151138 0.000000 250.846753 0.151138 0.988513 0.000000 15.980861 0.000000 0.000000 1.000000 0.000000
0.986966 -0.160927 0.000000 253.897818 0.160927 0.986966 0.000000 16.481447 0.000000 0.000000 1.000000 0.000000
0.986707 -0.162507 0.000000 257.279816 0.162507 0.986707 0.000000 17.046689 0.000000 0.000000 1.000000 0.000000
0.986575 -0.163310 0.000000 260.657191 0.163310 0.986575 0.000000 17.618724 0.000000 0.000000 1.000000 0.000000
0.986833 -0.161745 0.000000 264.118591 0.161745 0.986833 0.000000 18.202473 0.000000 0.000000 1.000000 0.000000
0.987587 -0.157071 0.000000 267.759486 0.157071 0.987587 0.000000 18.703868 0.000000 0.000000 1.000000 0.000000
0.988545 -0.150929 0.000000 271.474677 0.150929 0.988545 0.000000 19.203393 0.000000 0.000000 1.000000 0.000000
0.989922 -0.141612 0.000000 275.223852 0.141612 0.989922 0.000000 19.747507 0.000000 0.000000 1.000000 0.000000
0.992521 -0.122077 0.000000 282.833510 0.122077 0.992521 0.000000 20.698046 0.000000 0.000000 1.000000 0.000000
0.993112 -0.117170 0.000000 284.717459 0.117170 0.993112 0.000000 20.936045 0.000000 0.000000 1.000000 0.000000
0.994365 -0.106009 0.000000 288.630478 0.106009 0.994365 0.000000 21.304028 0.000000 0.000000 1.000000 0.000000
0.994397 -0.105706 0.000000 292.545631 0.105706 0.994397 0.000000 21.604768 0.000000 0.000000 1.000000 0.000000
0.995258 -0.097275 0.000000 296.636248 0.097275 0.995258 0.000000 22.066652 0.000000 0.000000 1.000000 0.000000
0.995638 -0.093297 0.000000 300.394050 0.093297 0.995638 0.000000 22.331322 0.000000 0.000000 1.000000 0.000000
0.995288 -0.096968 0.000000 304.366465 0.096968 0.995288 0.000000 22.748974 0.000000 0.000000 1.000000 0.000000
0.996054 -0.088752 0.000000 307.935062 0.088752 0.996054 0.000000 22.986895 0.000000 0.000000 1.000000 0.000000
0.995915 -0.090294 0.000000 311.504130 0.090294 0.995915 0.000000 23.253982 0.000000 0.000000 1.000000 0.000000
0.996595 -0.082458 0.000000 318.391359 0.082458 0.996595 0.000000 23.812302 0.000000 0.000000 1.000000 0.000000
0.996917 -0.078463 0.000000 320.192714 0.078463 0.996917 0.000000 23.947153 0.000000 0.000000 1.000000 0.000000
0.997441 -0.071490 0.000000 323.845867 0.071490 0.997441 0.000000 24.139937 0.000000 0.000000 1.000000 0.000000
0.998202 -0.059935 0.000000 327.565535 0.059935 0.998202 0.000000 24.436026 0.000000 0.000000 1.000000 0.000000
0.999062 -0.043306 0.000000 331.322087 0.043306 0.999062 0.000000 24.447076 0.000000 0.000000 1.000000 0.000000
0.999548 -0.030054 0.000000 335.322067 0.030054 0.999548 0.000000 24.619034 0.000000 0.000000 1.000000 0.000000
0.999667 -0.025823 0.000000 339.295453 0.025823 0.999667 0.000000 24.664182 0.000000 0.000000 1.000000 0.000000
0.999922 -0.012484 0.000000 343.482604 0.012484 0.999922 0.000000 24.669775 0.000000 0.000000 1.000000 0.000000
0.999979 -0.006463 0.000000 347.582300 0.006463 0.999979 0.000000 24.722097 0.000000 0.000000 1.000000 0.000000
0.999998 -0.001940 0.000000 356.017949 0.001940 0.999998 0.000000 24.738748 0.000000 0.000000 1.000000 0.000000
0.999993 -0.003687 0.000000 358.127359 0.003687 0.999993 0.000000 24.718587 0.000000 0.000000 1.000000 0.000000
0.999976 -0.006938 0.000000 362.508271 0.006938 0.999976 0.000000 24.748558 0.000000 0.000000 1.000000 0.000000
1.000000 0.000234 0.000000 366.738016 -0.000234 1.000000 -0.000000 24.674437 -0.000000 0.000000 1.000000 0.000000
0.999983 -0.005876 0.000000 371.123997 0.005876 0.999983 0.000000 24.736584 0.000000 0.000000 1.000000 0.000000
0.999950 -0.009988 0.000000 375.413241 0.009988 0.999950 0.000000 24.663469 0.000000 0.000000 1.000000 0.000000
0.999874 -0.015887 0.000000 379.774153 0.015887 0.999874 0.000000 24.834162 0.000000 0.000000 1.000000 0.000000
0.999735 -0.023018 0.000000 384.100092 0.023018 0.999735 0.000000 24.800515 0.000000 0.000000 1.000000 0.000000
0.999411 -0.034315 0.000000 388.488498 0.034315 0.999411 0.000000 24.904073 0.000000 0.000000 1.000000 0.000000
0.998806 -0.048861 0.000000 396.759046 0.048861 0.998806 0.000000 25.317107 0.000000 0.000000 1.000000 0.000000
0.998562 -0.053604 0.000000 398.821926 0.053604 0.998562 0.000000 25.363251 0.000000 0.000000 1.000000 0.000000
0.998110 -0.061453 0.000000 402.805457 0.061453 0.998110 0.000000 25.656513 0.000000 0.000000 1.000000 0.000000
0.998167 -0.060515 0.000000 406.715777 0.060515 0.998167 0.000000 25.874788 0.000000 0.000000 1.000000 0.000000
0.998039 -0.062593 0.000000 410.609283 0.062593 0.998039 0.000000 26.115770 0.000000 0.000000 1.000000 0.000000
0.998039 -0.062596 0.000000 414.364368 0.062596 0.998039 0.000000 26.342426 0.000000 0.000000 1.000000 0.000000
0.997937 -0.064204 0.000000 418.163319 0.064204 0.997937 0.000000 26.497307 0.000000 0.000000 1.000000 0.000000
0.997872 -0.065208 0.000000 421.708309 0.065208 0.997872 0.000000 26.762553 0.000000 0.000000 1.000000 0.000000
0.997919 -0.064480 0.000000 425.169699 0.064480 0.997919 0.000000 26.964735 0.000000 0.000000 1.000000 0.000000
0.999751 -0.022297 0.000000 431.765385 0.022297 0.999751 0.000000 27.278402 0.000000 0.000000 1.000000 0.000000
0.999991 0.004198 0.000000 433.255756 -0.004198 0.999991 -0.000000 27.235606 -0.000000 0.000000 1.000000 0.000000
0.996864 0.079135 0.000000 435.950641 -0.079135 0.996864 -0.000000 27.062710 -0.000000 0.000000 1.000000 0.000000
0.984536 0.175180 0.000000 438.204489 -0.175180 0.984536 -0.000000 26.631765 -0.000000 0.000000 1.000000 0.000000
0.957470 0.288534 0.000000 440.316373 -0.288534 0.957470 -0.000000 26.017163 -0.000000 0.000000 1.000000 0.000000
0.919581 0.392900 0.000000 441.836418 -0.392900 0.919581 -0.000000 25.309688 -0.000000 0.000000 1.000000 0.000000
0.864517 0.502603 0.000000 443.122668 -0.502603 0.864517 -0.000000 24.462079 -0.000000 0.000000 1.000000 0.000000
0.787976 0.615706 0.000000 444.206494 -0.615706 0.787976 -0.000000 23.645060 -0.000000 0.000000 1.000000 0.000000
0.712940 0.701225 0.000000 444.864370 -0.701225 0.712940 -0.000000 22.856720 -0.000000 0.000000 1.000000 0.000000
0.608288 0.793717 0.000000 445.265851 -0.793717 0.608288 -0.000000 22.042804 -0.000000 0.000000 1.000000 0.000000
0.596038 0.802956 0.000000 445.331538 -0.802956 0.596038 -0.000000 21.944759 -0.000000 0.000000 1.000000 0.000000
0.570795 0.821093 0.000000 445.423771 -0.821093 0.570795 -0.000000 21.807537 -0.000000 0.000000 1.000000 0.000000
0.559463 0.828855 0.000000 445.454297 -0.828855 0.559463 -0.000000 21.635060 -0.000000 0.000000 1.000000 0.000000
0.555794 0.831320 0.000000 445.492020 -0.831320 0.555794 -0.000000 21.678443 -0.000000 0.000000 1.000000 0.000000
0.555593 0.831454 0.000000 445.506460 -0.831454 0.555593 -0.000000 21.655140 -0.000000 0.000000 1.000000 0.000000
0.555415 0.831573 0.000000 445.500095 -0.831573 0.555415 -0.000000 21.690640 -0.000000 0.000000 1.000000 0.000000
0.554929 0.831898 0.000000 445.511983 -0.831898 0.554929 -0.000000 21.656767 -0.000000 0.000000 1.000000 0.000000
0.555099 0.831785 0.000000 445.501955 -0.831785 0.555099 -0.000000 21.650932 -0.000000 0.000000 1.000000 0.000000
0.554844 0.831955 0.000000 445.505807 -0.831955 0.554844 -0.000000 21.661846 -0.000000 0.000000 1.000000 0.000000
0.554660 0.832077 0.000000 445.506396 -0.832077 0.554660 -0.000000 21.661264 -0.000000 0.000000 1.000000 0.000000
0.554495 0.832187 0.000000 445.506504 -0.832187 0.554495 -0.000000 21.661814 -0.000000 0.000000 1.000000 0.000000
0.554332 0.832295 0.000000 445.507090 -0.832295 0.554332 -0.000000 21.659263 -0.000000 0.000000 1.000000 0.000000
0.554093 0.832455 0.000000 445.507873 -0.832455 0.554093 -0.000000 21.654254 -0.000000 0.000000 1.000000 0.000000
0.553860 0.832610 0.000000 445.510145 -0.832610 0.553860 -0.000000 21.647147 -0.000000 0.000000 1.000000 0.000000
0.553596 0.832785 0.000000 445.513804 -0.832785 0.553596 -0.000000 21.635823 -0.000000 0.000000 1.000000 0.000000
0.553232 0.833028 0.000000 445.521352 -0.833028 0.553232 -0.000000 21.626248 -0.000000 0.000000 1.000000 0.000000
0.551764 0.834000 0.000000 445.567046 -0.834000 0.551764 -0.000000 21.639286 -0.000000 0.000000 1.000000 0.000000
0.552874 0.833265 0.000000 445.521409 -0.833265 0.552874 -0.000000 21.619048 -0.000000 0.000000 1.000000 0.000000
0.552696 0.833383 0.000000 445.522497 -0.833383 0.552696 -0.000000 21.617850 -0.000000 0.000000 1.000000 0.000000
0.551589 0.834116 0.000000 445.538224 -0.834116 0.551589 -0.000000 21.515854 -0.000000 0.000000 1.000000 0.000000
0.534005 0.845481 0.000000 445.604199 -0.845481 0.534005 -0.000000 21.455833 -0.000000 0.000000 1.000000 0.000000
0.517787 0.855510 0.000000 445.651256 -0.855510 0.517787 -0.000000 21.370314 -0.000000 0.000000 1.000000 0.000000
0.506685 0.862131 0.000000 445.723188 -0.862131 0.506685 -0.000000 21.272680 -0.000000 0.000000 1.000000 0.000000
0.488294 0.872679 0.000000 445.746081 -0.872679 0.488294 -0.000000 21.221820 -0.000000 0.000000 1.000000 0.000000
0.458942 0.888466 0.000000 445.798683 -0.888466 0.458942 -0.000000 21.006940 -0.000000 0.000000 1.000000 0.000000
0.412325 0.911037 0.000000 445.881316 -0.911037 0.412325 -0.000000 20.672663 -0.000000 0.000000 1.000000 0.000000
0.214764 0.976666 0.000000 446.189549 -0.976666 0.214764 -0.000000 19.544605 -0.000000 0.000000 1.000000 0.000000
0.131729 0.991286 0.000000 446.175532 -0.991286 0.131729 -0.000000 19.030697 -0.000000 0.000000 1.000000 0.000000
-0.063742 0.997966 0.000000 446.008221 -0.997966 -0.063742 -0.000000 17.771352 -0.000000 0.000000 1.000000 0.000000
-0.286946 0.957947 0.000000 445.428858 -0.957947 -0.286946 -0.000000 16.263735 -0.000000 0.000000 1.000000 0.000000
-0.501035 0.865427 0.000000 444.501300 -0.865427 -0.501035 -0.000000 14.648135 -0.000000 0.000000 1.000000 0.000000
-0.683672 0.729790 0.000000 443.034230 -0.729790 -0.683672 -0.000000 13.034575 -0.000000 0.000000 1.000000 0.000000
-0.797074 0.603881 0.000000 440.894097 -0.603881 -0.797074 -0.000000 11.390343 -0.000000 0.000000 1.000000 0.000000
-0.840257 0.542189 0.000000 438.542389 -0.542189 -0.840257 -0.000000 9.763066 -0.000000 0.000000 1.000000 0.000000
-0.852101 0.523377 0.000000 435.824761 -0.523377 -0.852101 -0.000000 8.150708 -0.000000 0.000000 1.000000 0.000000
-0.873879 0.486143 0.000000 429.508666 -0.486143 -0.873879 -0.000000 4.457342 -0.000000 0.000000 1.000000 0.000000
-0.878691 0.477391 0.000000 427.884244 -0.477391 -0.878691 -0.000000 3.555062 -0.000000 0.000000 1.000000 0.000000
-0.888487 0.458901 0.000000 424.320946 -0.458901 -0.888487 -0.000000 1.742587 -0.000000 0.000000 1.000000 0.000000
-0.895196 0.445672 0.000000 420.888447 -0.445672 -0.895196 -0.000000 0.070528 -0.000000 0.000000 1.000000 0.000000
-0.896330 0.443388 0.000000 417.375670 -0.443388 -0.896330 -0.000000 -1.643312 -0.000000 0.000000 1.000000 0.000000
-0.897835 0.440333 0.000000 414.056295 -0.440333 -0.897835 -0.000000 -3.257103 -0.000000 0.000000 1.000000 0.000000
-0.896309 0.443430 0.000000 410.815968 -0.443430 -0.896309 -0.000000 -4.830104 -0.000000 0.000000 1.000000 0.000000
-0.896816 0.442405 0.000000 407.525855 -0.442405 -0.896816 -0.000000 -6.470800 -0.000000 0.000000 1.000000 0.000000
-0.897734 0.440537 0.000000 404.304463 -0.440537 -0.897734 -0.000000 -8.096922 -0.000000 0.000000 1.000000 0.000000
-0.896620 0.442800 0.000000 398.018015 -0.442800 -0.896620 -0.000000 -11.142633 -0.000000 0.000000 1.000000 0.000000
-0.896441 0.443162 0.000000 396.567888 -0.443162 -0.896441 -0.000000 -11.944776 -0.000000 0.000000 1.000000 0.000000
-0.897518 0.440977 0.000000 393.587603 -0.440977 -0.897518 -0.000000 -13.296203 -0.000000 0.000000 1.000000 0.000000
-0.899469 0.436984 0.000000 390.708638 -0.436984 -0.899469 -0.000000 -14.744198 -0.000000 0.000000 1.000000 0.000000
-0.900750 0.434338 0.000000 387.887949 -0.434338 -0.900750 -0.000000 -16.092369 -0.000000 0.000000 1.000000 0.000000
-0.903394 0.428812 0.000000 385.320395 -0.428812 -0.903394 -0.000000 -17.365576 -0.000000 0.000000 1.000000 0.000000
-0.904796 0.425845 0.000000 382.955705 -0.425845 -0.904796 -0.000000 -18.482303 -0.000000 0.000000 1.000000 0.000000
-0.907883 0.419224 0.000000 380.939325 -0.419224 -0.907883 -0.000000 -19.353730 -0.000000 0.000000 1.000000 0.000000
-0.908620 0.417624 0.000000 378.996126 -0.417624 -0.908620 -0.000000 -20.302976 -0.000000 0.000000 1.000000 0.000000
-0.909894 0.414842 0.000000 375.875670 -0.414842 -0.909894 -0.000000 -21.693778 -0.000000 0.000000 1.000000 0.000000
-0.910413 0.413701 0.000000 375.300004 -0.413701 -0.910413 -0.000000 -21.923318 -0.000000 0.000000 1.000000 0.000000
-0.911332 0.411672 0.000000 374.325306 -0.411672 -0.911332 -0.000000 -22.326460 -0.000000 0.000000 1.000000 0.000000
-0.912153 0.409850 0.000000 373.738997 -0.409850 -0.912153 -0.000000 -22.582664 -0.000000 0.000000 1.000000 0.000000
-0.910998 0.412411 0.000000 373.321962 -0.412411 -0.910998 -0.000000 -22.772035 -0.000000 0.000000 1.000000 0.000000
-0.909964 0.414686 0.000000 373.012065 -0.414686 -0.909964 -0.000000 -22.891370 -0.000000 0.000000 1.000000 0.000000
-0.911799 0.410638 0.000000 372.697101 -0.410638 -0.911799 -0.000000 -23.032899 -0.000000 0.000000 1.000000 0.000000
-0.910987 0.412435 0.000000 372.455423 -0.412435 -0.910987 -0.000000 -23.183259 -0.000000 0.000000 1.000000 0.000000
-0.910575 0.413345 0.000000 372.289511 -0.413345 -0.910575 -0.000000 -23.222558 -0.000000 0.000000 1.000000 0.000000
-0.910612 0.413262 0.000000 371.991032 -0.413262 -0.910612 -0.000000 -23.418040 -0.000000 0.000000 1.000000 0.000000
-0.910212 0.414142 0.000000 371.941528 -0.414142 -0.910212 -0.000000 -23.424812 -0.000000 0.000000 1.000000 0.000000
-0.911336 0.411663 0.000000 371.833073 -0.411663 -0.911336 -0.000000 -23.436477 -0.000000 0.000000 1.000000 0.000000
-0.910188 0.414194 0.000000 371.716928 -0.414194 -0.910188 -0.000000 -23.540256 -0.000000 0.000000 1.000000 0.000000
-0.910748 0.412962 0.000000 371.630321 -0.412962 -0.910748 -0.000000 -23.565103 -0.000000 0.000000 1.000000 0.000000
-0.911289 0.411768 0.000000 371.517688 -0.411768 -0.911289 -0.000000 -23.621483 -0.000000 0.000000 1.000000 0.000000
-0.911624 0.411025 0.000000 371.307462 -0.411025 -0.911624 -0.000000 -23.713476 -0.000000 0.000000 1.000000 0.000000
-0.910765 0.412925 0.000000 370.921551 -0.412925 -0.910765 -0.000000 -23.842934 -0.000000 0.000000 1.000000 0.000000
-0.911802 0.410631 0.000000 370.400190 -0.410631 -0.911802 -0.000000 -24.103114 -0.000000 0.000000 1.000000 0.000000
-0.914129 0.405423 0.000000 368.323982 -0.405423 -0.914129 -0.000000 -24.988409 -0.000000 0.000000 1.000000 0.000000
-0.914698 0.404139 0.000000 367.674952 -0.404139 -0.914698 -0.000000 -25.286522 -0.000000 0.000000 1.000000 0.000000
-0.916378 0.400313 0.000000 366.195859 -0.400313 -0.916378 -0.000000 -25.951652 -0.000000 0.000000 1.000000 0.000000
-0.918055 0.396453 0.000000 364.420920 -0.396453 -0.918055 -0.000000 -26.632022 -0.000000 0.000000 1.000000 0.000000
-0.919017 0.394219 0.000000 362.275588 -0.394219 -0.919017 -0.000000 -27.625783 -0.000000 0.000000 1.000000 0.000000
-0.922360 0.386332 0.000000 359.856898 -0.386332 -0.922360 -0.000000 -28.537207 -0.000000 0.000000 1.000000 0.000000
-0.923723 0.383061 0.000000 357.292603 -0.383061 -0.923723 -0.000000 -29.651485 -0.000000 0.000000 1.000000 0.000000
-0.925935 0.377684 0.000000 354.413658 -0.377684 -0.925935 -0.000000 -30.757627 -0.000000 0.000000 1.000000 0.000000
-0.925368 0.379070 0.000000 351.474536 -0.379070 -0.925368 -0.000000 -32.011251 -0.000000 0.000000 1.000000 0.000000
-0.928961 0.370177 0.000000 345.156225 -0.370177 -0.928961 -0.000000 -34.433037 -0.000000 0.000000 1.000000 0.000000
-0.930671 0.365856 0.000000 343.470694 -0.365856 -0.930671 -0.000000 -35.005273 -0.000000 0.000000 1.000000 0.000000
-0.937977 0.346699 0.000000 339.821625 -0.346699 -0.937977 -0.000000 -36.375748 -0.000000 0.000000 1.000000 0.000000
-0.942340 0.334657 0.000000 336.102037 -0.334657 -0.942340 -0.000000 -37.601193 -0.000000 0.000000 1.000000 0.000000
-0.948460 0.316896 0.000000 332.113920 -0.316896 -0.948460 -0.000000 -38.997626 -0.000000 0.000000 1.000000 0.000000
-0.949693 0.313182 0.000000 328.012183 -0.313182 -0.949693 -0.000000 -40.322881 -0.000000 0.000000 1.000000 0.000000
-0.951425 0.307880 0.000000 323.828159 -0.307880 -0.951425 -0.000000 -41.649134 -0.000000 0.000000 1.000000 0.000000
-0.953868 0.300226 0.000000 319.547720 -0.300226 -0.953868 -0.000000 -43.036949 -0.000000 0.000000 1.000000 0.000000
-0.954520 0.298147 0.000000 315.104687 -0.298147 -0.954520 -0.000000 -44.329687 -0.000000 0.000000 1.000000 0.000000
-0.951606 0.307321 0.000000 306.397373 -0.307321 -0.951606 -0.000000 -47.136343 -0.000000 0.000000 1.000000 0.000000
-0.950543 0.310592 0.000000 304.169135 -0.310592 -0.950543 -0.000000 -47.868769 -0.000000 0.000000 1.000000 0.000000
-0.948364 0.317183 0.000000 299.732538 -0.317183 -0.948364 -0.000000 -49.290451 -0.000000 0.000000 1.000000 0.000000
-0.943334 0.331844 0.000000 295.237574 -0.331844 -0.943334 -0.000000 -50.812149 -0.000000 0.000000 1.000000 0.000000
-0.943420 0.331600 0.000000 290.711236 -0.331600 -0.943420 -0.000000 -52.424570 -0.000000 0.000000 1.000000 0.000000
-0.939890 0.341477 0.000000 286.034874 -0.341477 -0.939890 -0.000000 -54.067451 -0.000000 0.000000 1.000000 0.000000
-0.936974 0.349399 0.000000 281.586140 -0.349399 -0.936974 -0.000000 -55.725386 -0.000000 0.000000 1.000000 0.000000
-0.935438 0.353491 0.000000 276.993232 -0.353491 -0.935438 -0.000000 -57.459387 -0.000000 0.000000 1.000000 0.000000
-0.934127 0.356942 0.000000 272.501447 -0.356942 -0.934127 -0.000000 -59.171179 -0.000000 0.000000 1.000000 0.000000
-0.927991 0.372603 0.000000 263.308302 -0.372603 -0.927991 -0.000000 -62.694482 -0.000000 0.000000 1.000000 0.000000
-0.927655 0.373438 0.000000 260.989046 -0.373438 -0.927655 -0.000000 -63.611060 -0.000000 0.000000 1.000000 0.000000
-0.929351 0.369197 0.000000 256.369830 -0.369197 -0.929351 -0.000000 -65.426657 -0.000000 0.000000 1.000000 0.000000
-0.924869 0.380285 0.000000 251.854204 -0.380285 -0.924869 -0.000000 -67.345264 -0.000000 0.000000 1.000000 0.000000
-0.925887 0.377800 0.000000 247.045912 -0.377800 -0.925887 -0.000000 -69.062867 -0.000000 0.000000 1.000000 0.000000
-0.922116 0.386914 0.000000 242.466925 -0.386914 -0.922116 -0.000000 -71.009483 -0.000000 0.000000 1.000000 0.000000
-0.920110 0.391660 0.000000 237.631020 -0.391660 -0.920110 -0.000000 -73.097639 -0.000000 0.000000 1.000000 0.000000
-0.921884 0.387467 0.000000 232.801273 -0.387467 -0.921884 -0.000000 -74.981649 -0.000000 0.000000 1.000000 0.000000
-0.919350 0.393441 0.000000 227.974441 -0.393441 -0.919350 -0.000000 -77.115486 -0.000000 0.000000 1.000000 0.000000
-0.919506 0.393077 0.000000 218.293624 -0.393077 -0.919506 -0.000000 -81.189090 -0.000000 0.000000 1.000000 0.000000
-0.918548 0.395309 0.000000 215.848415 -0.395309 -0.918548 -0.000000 -82.214295 -0.000000 0.000000 1.000000 0.000000
-0.922910 0.385015 0.000000 211.003224 -0.385015 -0.922910 -0.000000 -84.211838 -0.000000 0.000000 1.000000 0.000000
-0.923762 0.382967 0.000000 206.222206 -0.382967 -0.923762 -0.000000 -86.299931 -0.000000 0.000000 1.000000 0.000000
-0.921726 0.387841 0.000000 201.581873 -0.387841 -0.921726 -0.000000 -88.119694 -0.000000 0.000000 1.000000 0.000000
-0.926372 0.376610 0.000000 196.869132 -0.376610 -0.926372 -0.000000 -90.091278 -0.000000 0.000000 1.000000 0.000000
-0.928201 0.372080 0.000000 192.378501 -0.372080 -0.928201 -0.000000 -92.007472 -0.000000 0.000000 1.000000 0.000000
-0.927970 0.372656 0.000000 187.870746 -0.372656 -0.927970 -0.000000 -93.750108 -0.000000 0.000000 1.000000 0.000000
-0.926030 0.377449 0.000000 183.373416 -0.377449 -0.926030 -0.000000 -95.517259 -0.000000 0.000000 1.000000 0.000000
-0.922678 0.385572 0.000000 174.015091 -0.385572 -0.922678 -0.000000 -99.102764 -0.000000 0.000000 1.000000 0.000000
-0.923537 0.383508 0.000000 171.859406 -0.383508 -0.923537 -0.000000 -100.101100 -0.000000 0.000000 1.000000 0.000000
-0.922490 0.386020 0.000000 167.471150 -0.386020 -0.922490 -0.000000 -101.850855 -0.000000 0.000000 1.000000 0.000000
-0.921920 0.387381 0.000000 163.008742 -0.387381 -0.921920 -0.000000 -103.682892 -0.000000 0.000000 1.000000 0.000000
-0.924172 0.381977 0.000000 158.687759 -0.381977 -0.924172 -0.000000 -105.434045 -0.000000 0.000000 1.000000 0.000000
-0.929807 0.368047 0.000000 154.435141 -0.368047 -0.929807 -0.000000 -107.166072 -0.000000 0.000000 1.000000 0.000000
-0.929960 0.367660 0.000000 150.134578 -0.367660 -0.929960 -0.000000 -108.769401 -0.000000 0.000000 1.000000 0.000000
-0.931058 0.364871 0.000000 145.893014 -0.364871 -0.931058 -0.000000 -110.239595 -0.000000 0.000000 1.000000 0.000000
-0.927985 0.372618 0.000000 141.941912 -0.372618 -0.927985 -0.000000 -112.130912 -0.000000 0.000000 1.000000 0.000000
-0.928481 0.371381 0.000000 134.219951 -0.371381 -0.928481 -0.000000 -115.060089 -0.000000 0.000000 1.000000 0.000000
-0.927969 0.372656 0.000000 132.301736 -0.372656 -0.927969 -0.000000 -115.811665 -0.000000 0.000000 1.000000 0.000000
-0.929573 0.368638 0.000000 128.530293 -0.368638 -0.929573 -0.000000 -117.333635 -0.000000 0.000000 1.000000 0.000000
-0.929719 0.368270 0.000000 124.902743 -0.368270 -0.929719 -0.000000 -118.793331 -0.000000 0.000000 1.000000 0.000000
-0.932817 0.360351 0.000000 121.508653 -0.360351 -0.932817 -0.000000 -119.976817 -0.000000 0.000000 1.000000 0.000000
-0.934110 0.356984 0.000000 118.216705 -0.356984 -0.934110 -0.000000 -121.236414 -0.000000 0.000000 1.000000 0.000000
-0.933720 0.358005 0.000000 115.103753 -0.358005 -0.933720 -0.000000 -122.421597 -0.000000 0.000000 1.000000 0.000000
-0.935736 0.352702 0.000000 112.123352 -0.352702 -0.935736 -0.000000 -123.530397 -0.000000 0.000000 1.000000 0.000000
-0.936997 0.349336 0.000000 109.433235 -0.349336 -0.936997 -0.000000 -124.454442 -0.000000 0.000000 1.000000 0.000000
-0.938302 0.345818 0.000000 104.500699 -0.345818 -0.938302 -0.000000 -126.279646 -0.000000 0.000000 1.000000 0.000000
-0.938540 0.345169 0.000000 103.451401 -0.345169 -0.938540 -0.000000 -126.679172 -0.000000 0.000000 1.000000 0.000000
-0.939486 0.342588 0.000000 101.552095 -0.342588 -0.939486 -0.000000 -127.374458 -0.000000 0.000000 1.000000 0.000000
-0.939896 0.341460 0.000000 99.871296 -0.341460 -0.939896 -0.000000 -127.957310 -0.000000 0.000000 1.000000 0.000000
