1.000000 -0.000015 0.000000 0.000679 0.000015 1.000000 0.000000 0.000288 0.000000 0.000000 1.000000 0.000000
1.000000 -0.000034 0.000000 0.000730 0.000034 1.000000 0.000000 0.000299 0.000000 0.000000 1.000000 0.000000
1.000000 -0.000030 0.000000 0.001045 0.000030 1.000000 0.000000 0.000352 0.000000 0.000000 1.000000 0.000000
1.000000 -0.000041 0.000000 0.001442 0.000041 1.000000 0.000000 0.000355 0.000000 0.000000 1.000000 0.000000
1.000000 -0.000067 0.000000 0.001316 0.000067 1.000000 0.000000 0.000456 0.000000 0.000000 1.000000 0.000000
1.000000 -0.000081 0.000000 0.002114 0.000081 1.000000 0.000000 0.000600 0.000000 0.000000 1.000000 0.000000
1.000000 -0.000079 0.000000 0.002269 0.000079 1.000000 0.000000 0.000706 0.000000 0.000000 1.000000 0.000000
1.000000 -0.000102 0.000000 0.002710 0.000102 1.000000 0.000000 0.000757 0.000000 0.000000 1.000000 0.000000
1.000000 -0.000120 0.000000 0.002614 0.000120 1.000000 0.000000 0.000855 0.000000 0.000000 1.000000 0.000000
1.000000 -0.000122 0.000000 0.002592 0.000122 1.000000 0.000000 0.000941 0.000000 0.000000 1.000000 0.000000
1.000000 -0.000131 0.000000 0.002850 0.000131 1.000000 0.000000 0.000954 0.000000 0.000000 1.000000 0.000000
1.000000 -0.000148 0.000000 0.002971 0.000148 1.000000 0.000000 0.000982 0.000000 0.000000 1.000000 0.000000
1.000000 -0.000163 0.000000 0.003098 0.000163 1.000000 0.000000 0.001022 0.000000 0.000000 1.000000 0.000000
1.000000 -0.000168 0.000000 0.003241 0.000168 1.000000 0.000000 0.001104 0.000000 0.000000 1.000000 0.000000
1.000000 -0.000171 0.000000 0.002737 0.000171 1.000000 0.000000 0.001660 0.000000 0.000000 1.000000 0.000000
1.000000 -0.000177 0.000000 0.002895 0.000177 1.000000 0.000000 0.001695 0.000000 0.000000 1.000000 0.000000
1.000000 -0.000198 0.000000 0.003031 0.000198 1.000000 0.000000 0.001716 0.000000 0.000000 1.000000 0.000000
1.000000 -0.000208 0.000000 0.002902 0.000208 1.000000 0.000000 0.001752 0.000000 0.000000 1.000000 0.000000
1.000000 -0.000226 0.000000 0.003005 0.000226 1.000000 0.000000 0.001780 0.000000 0.000000 1.000000 0.000000
1.000000 -0.000228 0.000000 0.004145 0.000228 1.000000 0.000000 0.001617 0.000000 0.000000 1.000000 0.000000
1.000000 -0.000237 0.000000 0.004290 0.000237 1.000000 0.000000 0.001655 0.000000 0.000000 1.000000 0.000000
1.000000 -0.000244 0.000000 0.004647 0.000244 1.000000 0.000000 0.001715 0.000000 0.000000 1.000000 0.000000
1.000000 -0.000247 0.000000 0.004830 0.000247 1.000000 0.000000 0.001815 0.000000 0.000000 1.000000 0.000000
1.000000 -0.000289 0.000000 0.005283 0.000289 1.000000 0.000000 0.001962 0.000000 0.000000 1.000000 0.000000
1.000000 -0.000280 0.000000 0.005398 0.000280 1.000000 0.000000 0.002065 0.000000 0.000000 1.000000 0.000000
1.000000 -0.000301 0.000000 0.005492 0.000301 1.000000 0.000000 0.002118 0.000000 0.000000 1.000000 0.000000
1.000000 -0.000317 0.000000 0.005608 0.000317 1.000000 0.000000 0.002138 0.000000 0.000000 1.000000 0.000000
1.000000 -0.000325 0.000000 0.005787 0.000325 1.000000 0.000000 0.002220 0.000000 0.000000 1.000000 0.000000
1.000000 -0.000346 0.000000 0.005956 0.000346 1.000000 0.000000 0.002191 0.000000 0.000000 1.000000 0.000000
1.000000 -0.000344 0.000000 0.006131 0.000344 1.000000 0.000000 0.002259 0.000000 0.000000 1.000000 0.000000
1.000000 -0.000350 0.000000 0.006198 0.000350 1.000000 0.000000 0.002349 0.000000 0.000000 1.000000 0.000000
1.000000 -0.000369 0.000000 0.006378 0.000369 1.000000 0.000000 0.002401 0.000000 0.000000 1.000000 0.000000
1.000000 -0.000392 0.000000 0.006884 0.000392 1.000000 0.000000 0.002509 0.000000 0.000000 1.000000 0.000000
1.000000 -0.000399 0.000000 0.007285 0.000399 1.000000 0.000000 0.002493 0.000000 0.000000 1.000000 0.000000
1.000000 -0.000408 0.000000 0.007197 0.000408 1.000000 0.000000 0.002583 0.000000 0.000000 1.000000 0.000000
1.000000 -0.000430 0.000000 0.007280 0.000430 1.000000 0.000000 0.002638 0.000000 0.000000 1.000000 0.000000
1.000000 -0.000449 0.000000 0.007388 0.000449 1.000000 0.000000 0.002741 0.000000 0.000000 1.000000 0.000000
1.000000 -0.000458 0.000000 0.007425 0.000458 1.000000 0.000000 0.002795 0.000000 0.000000 1.000000 0.000000
1.000000 -0.000479 0.000000 0.007425 0.000479 1.000000 0.000000 0.002883 0.000000 0.000000 1.000000 0.000000
1.000000 -0.000506 0.000000 0.007437 0.000506 1.000000 0.000000 0.002929 0.000000 0.000000 1.000000 0.000000
1.000000 -0.000520 0.000000 0.007349 0.000520 1.000000 0.000000 0.003021 0.000000 0.000000 1.000000 0.000000
1.000000 -0.000539 0.000000 0.007334 0.000539 1.000000 0.000000 0.003217 0.000000 0.000000 1.000000 0.000000
1.000000 -0.000559 0.000000 0.007551 0.000559 1.000000 0.000000 0.003005 0.000000 0.000000 1.000000 0.000000
1.000000 -0.000561 0.000000 0.007524 0.000561 1.000000 0.000000 0.003089 0.000000 0.000000 1.000000 0.000000
1.000000 -0.000571 0.000000 0.007652 0.000571 1.000000 0.000000 0.003182 0.000000 0.000000 1.000000 0.000000
1.000000 -0.000568 0.000000 0.007584 0.000568 1.000000 0.000000 0.003378 0.000000 0.000000 1.000000 0.000000
1.000000 -0.000564 0.000000 0.007816 0.000564 1.000000 0.000000 0.003463 0.000000 0.000000 1.000000 0.000000
1.000000 -0.000587 0.000000 0.007642 0.000587 1.000000 0.000000 0.003519 0.000000 0.000000 1.000000 0.000000
1.000000 -0.000584 0.000000 0.007800 0.000584 1.000000 0.000000 0.003580 0.000000 0.000000 1.000000 0.000000
1.000000 -0.000608 0.000000 0.007782 0.000608 1.000000 0.000000 0.003589 0.000000 0.000000 1.000000 0.000000
1.000000 -0.000626 0.000000 0.007860 0.000626 1.000000 0.000000 0.003776 0.000000 0.000000 1.000000 0.000000
1.000000 -0.000635 0.000000 0.007961 0.000635 1.000000 0.000000 0.003820 0.000000 0.000000 1.000000 0.000000
1.000000 -0.000658 0.000000 0.008116 0.000658 1.000000 0.000000 0.003877 0.000000 0.000000 1.000000 0.000000
1.000000 -0.000678 0.000000 0.008405 0.000678 1.000000 0.000000 0.003904 0.000000 0.000000 1.000000 0.000000
1.000000 -0.000693 0.000000 0.008631 0.000693 1.000000 0.000000 0.003963 0.000000 0.000000 1.000000 0.000000
1.000000 -0.000700 0.000000 0.008610 0.000700 1.000000 0.000000 0.004010 0.000000 0.000000 1.000000 0.000000
1.000000 -0.000725 0.000000 0.008826 0.000725 1.000000 0.000000 0.004057 0.000000 0.000000 1.000000 0.000000
1.000000 -0.000742 0.000000 0.009035 0.000742 1.000000 0.000000 0.004178 0.000000 0.000000 1.000000 0.000000
1.000000 -0.000756 0.000000 0.009150 0.000756 1.000000 0.000000 0.004270 0.000000 0.000000 1.000000 0.000000
1.000000 -0.000796 0.000000 0.009554 0.000796 1.000000 0.000000 0.004375 0.000000 0.000000 1.000000 0.000000
1.000000 -0.000799 0.000000 0.009717 0.000799 1.000000 0.000000 0.004422 0.000000 0.000000 1.000000 0.000000
1.000000 -0.000807 0.000000 0.009677 0.000807 1.000000 0.000000 0.004524 0.000000 0.000000 1.000000 0.000000
1.000000 -0.000819 0.000000 0.009864 0.000819 1.000000 0.000000 0.004632 0.000000 0.000000 1.000000 0.000000
1.000000 -0.000831 0.000000 0.009985 0.000831 1.000000 0.000000 0.004677 0.000000 0.000000 1.000000 0.000000
1.000000 -0.000851 0.000000 0.010434 0.000851 1.000000 0.000000 0.004732 0.000000 0.000000 1.000000 0.000000
1.000000 -0.000863 0.000000 0.010618 0.000863 1.000000 0.000000 0.004876 0.000000 0.000000 1.000000 0.000000
1.000000 -0.000877 0.000000 0.010886 0.000877 1.000000 0.000000 0.004916 0.000000 0.000000 1.000000 0.000000
1.000000 -0.000905 0.000000 0.011367 0.000905 1.000000 0.000000 0.004860 0.000000 0.000000 1.000000 0.000000
1.000000 -0.000913 0.000000 0.011710 0.000913 1.000000 0.000000 0.005065 0.000000 0.000000 1.000000 0.000000
1.000000 -0.000923 0.000000 0.011768 0.000923 1.000000 0.000000 0.005085 0.000000 0.000000 1.000000 0.000000
1.000000 -0.000944 0.000000 0.011858 0.000944 1.000000 0.000000 0.005125 0.000000 0.000000 1.000000 0.000000
1.000000 -0.000963 0.000000 0.011947 0.000963 1.000000 0.000000 0.005152 0.000000 0.000000 1.000000 0.000000
1.000000 -0.000981 0.000000 0.012122 0.000981 1.000000 0.000000 0.005205 0.000000 0.000000 1.000000 0.000000
1.000000 -0.000999 0.000000 0.012245 0.000999 1.000000 0.000000 0.005263 0.000000 0.000000 1.000000 0.000000
0.999999 -0.001020 0.000000 0.012264 0.001020 0.999999 0.000000 0.005321 0.000000 0.000000 1.000000 0.000000
0.999999 -0.001042 0.000000 0.012267 0.001042 0.999999 0.000000 0.005395 0.000000 0.000000 1.000000 0.000000
0.999999 -0.001053 0.000000 0.012483 0.001053 0.999999 0.000000 0.005475 0.000000 0.000000 1.000000 0.000000
0.999999 -0.001098 0.000000 0.012414 0.001098 0.999999 0.000000 0.005696 0.000000 0.000000 1.000000 0.000000
0.999999 -0.001109 0.000000 0.012406 0.001109 0.999999 0.000000 0.005695 0.000000 0.000000 1.000000 0.000000
0.999999 -0.001144 0.000000 0.012516 0.001144 0.999999 0.000000 0.005707 0.000000 0.000000 1.000000 0.000000
0.999999 -0.001163 0.000000 0.012730 0.001163 0.999999 0.000000 0.005731 0.000000 0.000000 1.000000 0.000000
0.999999 -0.001172 0.000000 0.012856 0.001172 0.999999 0.000000 0.005830 0.000000 0.000000 1.000000 0.000000
0.999999 -0.001185 0.000000 0.012914 0.001185 0.999999 0.000000 0.005914 0.000000 0.000000 1.000000 0.000000
0.999999 -0.001198 0.000000 0.012993 0.001198 0.999999 0.000000 0.005989 0.000000 0.000000 1.000000 0.000000
0.999999 -0.001193 0.000000 0.013091 0.001193 0.999999 0.000000 0.006114 0.000000 0.000000 1.000000 0.000000
0.999999 -0.001204 0.000000 0.012798 0.001204 0.999999 0.000000 0.006239 0.000000 0.000000 1.000000 0.000000
0.999999 -0.001239 0.000000 0.013160 0.001239 0.999999 0.000000 0.006320 0.000000 0.000000 1.000000 0.000000
0.999999 -0.001229 0.000000 0.013147 0.001229 0.999999 0.000000 0.006528 0.000000 0.000000 1.000000 0.000000
0.999999 -0.001168 0.000000 0.014242 0.001168 0.999999 0.000000 0.007043 0.000000 0.000000 1.000000 0.000000
0.999997 -0.002288 0.000000 0.028463 0.002288 0.999997 0.000000 0.006808 0.000000 0.000000 1.000000 0.000000
0.999980 -0.006288 0.000000 0.080414 0.006288 0.999980 0.000000 0.003161 0.000000 0.000000 1.000000 0.000000
0.999851 -0.017281 0.000000 0.212364 0.017281 0.999851 0.000000 -0.003003 0.000000 0.000000 1.000000 0.000000
0.999276 -0.038053 0.000000 0.617763 0.038053 0.999276 0.000000 0.013001 0.000000 0.000000 1.000000 0.000000
0.997957 -0.063887 0.000000 1.308888 0.063887 0.997957 0.000000 0.062757 0.000000 0.000000 1.000000 0.000000
0.995592 -0.093790 0.000000 2.315581 0.093790 0.995592 0.000000 0.156452 0.000000 0.000000 1.000000 0.000000
0.991478 -0.130273 0.000000 5.278398 0.130273 0.991478 0.000000 0.512774 0.000000 0.000000 1.000000 0.000000
0.991442 -0.130547 0.000000 6.167077 0.130547 0.991442 0.000000 0.633691 0.000000 0.000000 1.000000 0.000000
0.991786 -0.127907 0.000000 8.168243 0.127907 0.991786 0.000000 0.887272 0.000000 0.000000 1.000000 0.000000
0.992177 -0.124837 0.000000 10.462670 0.124837 0.992177 0.000000 1.155865 0.000000 0.000000 1.000000 0.000000
0.992916 -0.118817 0.000000 12.913607 0.118817 0.992916 0.000000 1.437368 0.000000 0.000000 1.000000 0.000000
0.993787 -0.111303 0.000000 15.453794 0.111303 0.993787 0.000000 1.706107 0.000000 0.000000 1.000000 0.000000
0.994815 -0.101701 0.000000 17.980487 0.101701 0.994815 0.000000 1.960839 0.000000 0.000000 1.000000 0.000000
0.996101 -0.088216 0.000000 20.715782 0.088216 0.996101 0.000000 2.189420 0.000000 0.000000 1.000000 0.000000
0.997310 -0.073295 0.000000 23.388908 0.073295 0.997310 0.000000 2.378933 0.000000 0.000000 1.000000 0.000000
0.997934 -0.064241 0.000000 28.718069 0.064241 0.997934 0.000000 2.705328 0.000000 0.000000 1.000000 0.000000
0.997979 -0.063544 0.000000 30.178537 0.063544 0.997979 0.000000 2.787910 0.000000 0.000000 1.000000 0.000000
0.998218 -0.059673 0.000000 33.266054 0.059673 0.998218 0.000000 2.968972 0.000000 0.000000 1.000000 0.000000
0.998455 -0.055571 0.000000 36.555193 0.055571 0.998455 0.000000 3.149038 0.000000 0.000000 1.000000 0.000000
0.998933 -0.046182 0.000000 40.000009 0.046182 0.998933 0.000000 3.311092 0.000000 0.000000 1.000000 0.000000
0.999343 -0.036230 0.000000 43.665421 0.036230 0.999343 0.000000 3.438016 0.000000 0.000000 1.000000 0.000000
0.999693 -0.024776 0.000000 47.431354 0.024776 0.999693 0.000000 3.523597 0.000000 0.000000 1.000000 0.000000
0.999956 -0.009368 0.000000 51.264670 0.009368 0.999956 0.000000 3.559892 0.000000 0.000000 1.000000 0.000000
0.999932 0.011681 0.000000 55.153387 -0.011681 0.999932 -0.000000 3.539144 -0.000000 0.000000 1.000000 0.000000
0.999849 0.017389 0.000000 62.765862 -0.017389 0.999849 -0.000000 3.334732 -0.000000 0.000000 1.000000 0.000000
0.999978 0.006660 0.000000 64.776383 -0.006660 0.999978 -0.000000 3.313081 -0.000000 0.000000 1.000000 0.000000
0.999907 -0.013607 0.000000 68.857159 0.013607 0.999907 0.000000 3.326602 0.000000 0.000000 1.000000 0.000000
0.999379 -0.035223 0.000000 73.107555 0.035223 0.999379 0.000000 3.436400 0.000000 0.000000 1.000000 0.000000
0.998405 -0.056462 0.000000 77.346852 0.056462 0.998405 0.000000 3.632008 0.000000 0.000000 1.000000 0.000000
0.998208 -0.059846 0.000000 81.516702 0.059846 0.998208 0.000000 3.867186 0.000000 0.000000 1.000000 0.000000
0.998296 -0.058354 0.000000 85.978752 0.058354 0.998296 0.000000 4.123053 0.000000 0.000000 1.000000 0.000000
0.998286 -0.058521 0.000000 90.457112 0.058521 0.998286 0.000000 4.351062 0.000000 0.000000 1.000000 0.000000
0.998655 -0.051854 0.000000 94.782034 0.051854 0.998655 0.000000 4.571394 0.000000 0.000000 1.000000 0.000000
0.999352 -0.035996 0.000000 103.959653 0.035996 0.999352 0.000000 4.935259 0.000000 0.000000 1.000000 0.000000
0.999480 -0.032244 0.000000 106.349604 0.032244 0.999480 0.000000 5.005616 0.000000 0.000000 1.000000 0.000000
0.999598 -0.028352 0.000000 111.259169 0.028352 0.999598 0.000000 5.151269 0.000000 0.000000 1.000000 0.000000
0.999613 -0.027815 0.000000 116.269904 0.027815 0.999613 0.000000 5.287123 0.000000 0.000000 1.000000 0.000000
0.999575 -0.029136 0.000000 120.978088 0.029136 0.999575 0.000000 5.428067 0.000000 0.000000 1.000000 0.000000
0.999579 -0.029012 0.000000 125.857370 0.029012 0.999579 0.000000 5.557674 0.000000 0.000000 1.000000 0.000000
0.999551 -0.029957 0.000000 131.022951 0.029957 0.999551 0.000000 5.672910 0.000000 0.000000 1.000000 0.000000
0.999549 -0.030013 0.000000 136.157117 0.030013 0.999549 0.000000 5.819821 0.000000 0.000000 1.000000 0.000000
0.999491 -0.031901 0.000000 141.400322 0.031901 0.999491 0.000000 5.958624 0.000000 0.000000 1.000000 0.000000
0.999344 -0.036207 0.000000 151.411472 0.036207 0.999344 0.000000 6.261232 0.000000 0.000000 1.000000 0.000000
0.999283 -0.037866 0.000000 153.967869 0.037866 0.999283 0.000000 6.335268 0.000000 0.000000 1.000000 0.000000
0.999211 -0.039714 0.000000 158.940863 0.039714 0.999211 0.000000 6.525801 0.000000 0.000000 1.000000 0.000000
0.999129 -0.041723 0.000000 163.818900 0.041723 0.999129 0.000000 6.705240 0.000000 0.000000 1.000000 0.000000
0.999031 -0.044002 0.000000 168.491699 0.044002 0.999031 0.000000 6.882849 0.000000 0.000000 1.000000 0.000000
0.998835 -0.048254 0.000000 173.054538 0.048254 0.998835 0.000000 7.068528 0.000000 0.000000 1.000000 0.000000
0.998549 -0.053846 0.000000 177.523571 0.053846 0.998549 0.000000 7.287872 0.000000 0.000000 1.000000 0.000000
0.998207 -0.059861 0.000000 181.901425 0.059861 0.998207 0.000000 7.528794 0.000000 0.000000 1.000000 0.000000
0.997849 -0.065557 0.000000 186.191240 0.065557 0.997849 0.000000 7.799064 0.000000 0.000000 1.000000 0.000000
0.996140 -0.087777 0.000000 194.234499 0.087777 0.996140 0.000000 8.398917 0.000000 0.000000 1.000000 0.000000
0.995336 -0.096464 0.000000 196.122047 0.096464 0.995336 0.000000 8.577588 0.000000 0.000000 1.000000 0.000000
0.993007 -0.118055 0.000000 199.770614 0.118055 0.993007 0.000000 8.973394 0.000000 0.000000 1.000000 0.000000
0.991148 -0.132760 0.000000 203.368378 0.132760 0.991148 0.000000 9.437398 0.000000 0.000000 1.000000 0.000000
0.990179 -0.139805 0.000000 206.869302 0.139805 0.990179 0.000000 9.917221 0.000000 0.000000 1.000000 0.000000
0.989512 -0.144449 0.000000 210.010268 0.144449 0.989512 0.000000 10.372349 0.000000 0.000000 1.000000 0.000000
0.988597 -0.150586 0.000000 213.174825 0.150586 0.988597 0.000000 10.842504 0.000000 0.000000 1.000000 0.000000
0.987792 -0.155777 0.000000 216.463870 0.155777 0.987792 0.000000 11.348377 0.000000 0.000000 1.000000 0.000000
0.986190 -0.165619 0.000000 219.667054 0.165619 0.986190 0.000000 11.866883 0.000000 0.000000 1.000000 0.000000
0.986055 -0.166420 0.000000 225.635964 0.166420 0.986055 0.000000 12.861856 0.000000 0.000000 1.000000 0.000000
0.986247 -0.165276 0.000000 227.026906 0.165276 0.986247 0.000000 13.091961 0.000000 0.000000 1.000000 0.000000
0.986288 -0.165035 0.000000 229.751814 0.165035 0.986288 0.000000 13.534701 0.000000 0.000000 1.000000 0.000000
0.986051 -0.166442 0.000000 232.300608 0.166442 0.986051 0.000000 13.951804 0.000000 0.000000 1.000000 0.000000
0.985583 -0.169195 0.000000 234.769835 0.169195 0.985583 0.000000 14.364807 0.000000 0.000000 1.000000 0.000000
0.984171 -0.177219 0.000000 237.175921 0.177219 0.984171 0.000000 14.784806 0.000000 0.000000 1.000000 0.000000
0.984520 -0.175273 0.000000 239.534320 0.175273 0.984520 0.000000 15.194952 0.000000 0.000000 1.000000 0.000000
0.985364 -0.170463 0.000000 241.888543 0.170463 0.985364 0.000000 15.593755 0.000000 0.000000 1.000000 0.000000
0.986838 -0.161714 0.000000 244.232831 0.161714 0.986838 0.000000 15.967634 0.000000 0.000000 1.000000 0.000000
0.987946 -0.154798 0.000000 249.729667 0.154798 0.987946 0.000000 16.804557 0.000000 0.000000 1.000000 0.000000
0.987391 -0.158299 0.000000 251.252992 0.158299 0.987391 0.000000 17.045679 0.000000 0.000000 1.000000 0.000000
0.985702 -0.168497 0.000000 254.422713 0.168497 0.985702 0.000000 17.574045 0.000000 0.000000 1.000000 0.000000
0.985214 -0.171331 0.000000 257.719224 0.171331 0.985214 0.000000 18.137127 0.000000 0.000000 1.000000 0.000000
0.985668 -0.168695 0.000000 260.834780 0.168695 0.985668 0.000000 18.669979 0.000000 0.000000 1.000000 0.000000
0.986223 -0.165422 0.000000 264.363735 0.165422 0.986223 0.000000 19.257377 0.000000 0.000000 1.000000 0.000000
0.987183 -0.159591 0.000000 268.027183 0.159591 0.987183 0.000000 19.829246 0.000000 0.000000 1.000000 0.000000
0.987782 -0.155843 0.000000 271.405691 0.155843 0.987782 0.000000 20.336483 0.000000 0.000000 1.000000 0.000000
0.989113 -0.147160 0.000000 275.186336 0.147160 0.989113 0.000000 20.879735 0.000000 0.000000 1.000000 0.000000
0.992335 -0.123578 0.000000 282.716122 0.123578 0.992335 0.000000 21.836486 0.000000 0.000000 1.000000 0.000000
0.993065 -0.117565 0.000000 284.472467 0.117565 0.993065 0.000000 22.041264 0.000000 0.000000 1.000000 0.000000
0.994330 -0.106341 0.000000 288.358511 0.106341 0.994330 0.000000 22.457899 0.000000 0.000000 1.000000 0.000000
0.994816 -0.101689 0.000000 292.351011 0.101689 0.994816 0.000000 22.859600 0.000000 0.000000 1.000000 0.000000
0.995244 -0.097415 0.000000 296.351459 0.097415 0.995244 0.000000 23.246196 0.000000 0.000000 1.000000 0.000000
0.995666 -0.093003 0.000000 300.373885 0.093003 0.995666 0.000000 23.613667 0.000000 0.000000 1.000000 0.000000
0.995967 -0.089723 0.000000 304.291113 0.089723 0.995967 0.000000 23.959751 0.000000 0.000000 1.000000 0.000000
0.996257 -0.086437 0.000000 307.979634 0.086437 0.996257 0.000000 24.260933 0.000000 0.000000 1.000000 0.000000
0.996613 -0.082235 0.000000 311.506068 0.082235 0.996613 0.000000 24.548581 0.000000 0.000000 1.000000 0.000000
0.996952 -0.078019 0.000000 318.249881 0.078019 0.996952 0.000000 25.067784 0.000000 0.000000 1.000000 0.000000
0.997084 -0.076317 0.000000 320.087832 0.076317 0.997084 0.000000 25.196305 0.000000 0.000000 1.000000 0.000000
0.997717 -0.067538 0.000000 323.747921 0.067538 0.997717 0.000000 25.435490 0.000000 0.000000 1.000000 0.000000
0.998529 -0.054217 0.000000 327.458442 0.054217 0.998529 0.000000 25.646271 0.000000 0.000000 1.000000 0.000000
0.999164 -0.040882 0.000000 331.327242 0.040882 0.999164 0.000000 25.813087 0.000000 0.000000 1.000000 0.000000
0.999599 -0.028321 0.000000 335.226484 0.028321 0.999599 0.000000 25.923736 0.000000 0.000000 1.000000 0.000000
0.999830 -0.018426 0.000000 339.203953 0.018426 0.999830 0.000000 25.994916 0.000000 0.000000 1.000000 0.000000
0.999935 -0.011383 0.000000 343.430973 0.011383 0.999935 0.000000 26.044594 0.000000 0.000000 1.000000 0.000000
0.999990 -0.004513 0.000000 347.401778 0.004513 0.999990 0.000000 26.059235 0.000000 0.000000 1.000000 0.000000
0.999998 0.002083 0.000000 355.515800 -0.002083 0.999998 -0.000000 26.041930 -0.000000 0.000000 1.000000 0.000000
0.999998 0.002016 0.000000 357.551298 -0.002016 0.999998 -0.000000 26.036286 -0.000000 0.000000 1.000000 0.000000
0.999995 0.003198 0.000000 361.748212 -0.003198 0.999995 -0.000000 26.010767 -0.000000 0.000000 1.000000 0.000000
0.999998 0.002163 0.000000 365.930810 -0.002163 0.999998 -0.000000 25.987298 -0.000000 0.000000 1.000000 0.000000
0.999998 -0.001747 0.000000 370.062999 0.001747 0.999998 0.000000 25.977383 0.000000 0.000000 1.000000 0.000000
0.999970 -0.007770 0.000000 374.278978 0.007770 0.999970 0.000000 25.984274 0.000000 0.000000 1.000000 0.000000
0.999910 -0.013395 0.000000 378.564717 0.013395 0.999910 0.000000 26.005277 0.000000 0.000000 1.000000 0.000000
0.999760 -0.021888 0.000000 382.808164 0.021888 0.999760 0.000000 26.056897 0.000000 0.000000 1.000000 0.000000
0.999510 -0.031306 0.000000 386.940883 0.031306 0.999510 0.000000 26.134362 0.000000 0.000000 1.000000 0.000000
0.998702 -0.050932 0.000000 395.542018 0.050932 0.998702 0.000000 26.422853 0.000000 0.000000 1.000000 0.000000
0.998409 -0.056387 0.000000 397.631074 0.056387 0.998409 0.000000 26.521804 0.000000 0.000000 1.000000 0.000000
0.997914 -0.064552 0.000000 401.754525 0.064552 0.997914 0.000000 26.746506 0.000000 0.000000 1.000000 0.000000
0.997815 -0.066071 0.000000 405.597937 0.066071 0.997815 0.000000 26.966978 0.000000 0.000000 1.000000 0.000000
0.997739 -0.067210 0.000000 409.592439 0.067210 0.997739 0.000000 27.200889 0.000000 0.000000 1.000000 0.000000
0.997695 -0.067855 0.000000 413.241784 0.067855 0.997695 0.000000 27.418748 0.000000 0.000000 1.000000 0.000000
0.997323 -0.073120 0.000000 417.052279 0.073120 0.997323 0.000000 27.657172 0.000000 0.000000 1.000000 0.000000
0.997169 -0.075187 0.000000 420.801840 0.075187 0.997169 0.000000 27.901470 0.000000 0.000000 1.000000 0.000000
0.997153 -0.075409 0.000000 424.453894 0.075409 0.997153 0.000000 28.152242 0.000000 0.000000 1.000000 0.000000
0.999619 -0.027608 0.000000 431.172977 0.027608 0.999619 0.000000 28.483060 0.000000 0.000000 1.000000 0.000000
0.999995 -0.003158 0.000000 432.689543 0.003158 0.999995 0.000000 28.477400 0.000000 0.000000 1.000000 0.000000
0.997716 0.067549 0.000000 435.451166 -0.067549 0.997716 -0.000000 28.324632 -0.000000 0.000000 1.000000 0.000000
0.985257 0.171078 0.000000 437.944886 -0.171078 0.985257 -0.000000 27.938823 -0.000000 0.000000 1.000000 0.000000
0.959704 0.281012 0.000000 440.027036 -0.281012 0.959704 -0.000000 27.354616 -0.000000 0.000000 1.000000 0.000000
0.922480 0.386044 0.000000 441.743523 -0.386044 0.922480 -0.000000 26.646550 -0.000000 0.000000 1.000000 0.000000
0.867276 0.497827 0.000000 443.126120 -0.497827 0.867276 -0.000000 25.858254 -0.000000 0.000000 1.000000 0.000000
0.793615 0.608420 0.000000 444.199544 -0.608420 0.793615 -0.000000 25.008244 -0.000000 0.000000 1.000000 0.000000
0.717102 0.696968 0.000000 444.904286 -0.696968 0.717102 -0.000000 24.262254 -0.000000 0.000000 1.000000 0.000000
0.617073 0.786906 0.000000 445.494687 -0.786906 0.617073 -0.000000 23.451782 -0.000000 0.000000 1.000000 0.000000
0.602903 0.797814 0.000000 445.563900 -0.797814 0.602903 -0.000000 23.352533 -0.000000 0.000000 1.000000 0.000000
0.581946 0.813228 0.000000 445.664991 -0.813228 0.581946 -0.000000 23.170554 -0.000000 0.000000 1.000000 0.000000
0.568742 0.822516 0.000000 445.718565 -0.822516 0.568742 -0.000000 23.070803 -0.000000 0.000000 1.000000 0.000000
0.563994 0.825779 0.000000 445.743490 -0.825779 0.563994 -0.000000 23.027038 -0.000000 0.000000 1.000000 0.000000
0.563547 0.826084 0.000000 445.735739 -0.826084 0.563547 -0.000000 23.037760 -0.000000 0.000000 1.000000 0.000000
0.563566 0.826071 0.000000 445.729108 -0.826071 0.563566 -0.000000 23.042309 -0.000000 0.000000 1.000000 0.000000
0.563385 0.826194 0.000000 445.742042 -0.826194 0.563385 -0.000000 23.038622 -0.000000 0.000000 1.000000 0.000000
0.563343 0.826223 0.000000 445.750483 -0.826223 0.563343 -0.000000 23.049891 -0.000000 0.000000 1.000000 0.000000
0.562550 0.826764 0.000000 445.742629 -0.826764 0.562550 -0.000000 23.031816 -0.000000 0.000000 1.000000 0.000000
0.562139 0.827043 0.000000 445.753369 -0.827043 0.562139 -0.000000 23.047577 -0.000000 0.000000 1.000000 0.000000
0.561342 0.827584 0.000000 445.759740 -0.827584 0.561342 -0.000000 22.998840 -0.000000 0.000000 1.000000 0.000000
0.560539 0.828128 0.000000 445.748182 -0.828128 0.560539 -0.000000 23.011736 -0.000000 0.000000 1.000000 0.000000
0.559715 0.828685 0.000000 445.752947 -0.828685 0.559715 -0.000000 23.003581 -0.000000 0.000000 1.000000 0.000000
0.558983 0.829179 0.000000 445.750003 -0.829179 0.558983 -0.000000 22.996648 -0.000000 0.000000 1.000000 0.000000
0.558265 0.829663 0.000000 445.757197 -0.829663 0.558265 -0.000000 23.000232 -0.000000 0.000000 1.000000 0.000000
0.557522 0.830162 0.000000 445.750355 -0.830162 0.557522 -0.000000 22.988313 -0.000000 0.000000 1.000000 0.000000
0.556511 0.830840 0.000000 445.759388 -0.830840 0.556511 -0.000000 22.979639 -0.000000 0.000000 1.000000 0.000000
0.556282 0.830993 0.000000 445.768670 -0.830993 0.556282 -0.000000 22.975765 -0.000000 0.000000 1.000000 0.000000
0.555682 0.831395 0.000000 445.775212 -0.831395 0.555682 -0.000000 22.965612 -0.000000 0.000000 1.000000 0.000000
0.549571 0.835447 0.000000 445.812283 -0.835447 0.549571 -0.000000 22.882749 -0.000000 0.000000 1.000000 0.000000
0.538145 0.842852 0.000000 445.852976 -0.842852 0.538145 -0.000000 22.803120 -0.000000 0.000000 1.000000 0.000000
0.524653 0.851316 0.000000 445.888309 -0.851316 0.524653 -0.000000 22.694291 -0.000000 0.000000 1.000000 0.000000
0.509705 0.860350 0.000000 445.946153 -0.860350 0.509705 -0.000000 22.579273 -0.000000 0.000000 1.000000 0.000000
0.491235 0.871027 0.000000 446.001781 -0.871027 0.491235 -0.000000 22.474758 -0.000000 0.000000 1.000000 0.000000
0.462761 0.886483 0.000000 446.081636 -0.886483 0.462761 -0.000000 22.264850 -0.000000 0.000000 1.000000 0.000000
0.418977 0.907997 0.000000 446.170892 -0.907997 0.418977 -0.000000 21.967923 -0.000000 0.000000 1.000000 0.000000
0.212599 0.977139 0.000000 446.386002 -0.977139 0.212599 -0.000000 20.707700 -0.000000 0.000000 1.000000 0.000000
0.130353 0.991468 0.000000 446.416093 -0.991468 0.130353 -0.000000 20.153683 -0.000000 0.000000 1.000000 0.000000
-0.061736 0.998092 0.000000 446.333217 -0.998092 -0.061736 -0.000000 18.813761 -0.000000 0.000000 1.000000 0.000000
-0.283514 0.958968 0.000000 445.897966 -0.958968 -0.283514 -0.000000 17.314068 -0.000000 0.000000 1.000000 0.000000
-0.493084 0.869982 0.000000 444.960607 -0.869982 -0.493084 -0.000000 15.610837 -0.000000 0.000000 1.000000 0.000000
-0.675765 0.737117 0.000000 443.483241 -0.737117 -0.675765 0.000000 13.911464 0.000000 0.000000 1.000000 0.000000
-0.791004 0.611811 0.000000 441.482740 -0.611811 -0.791004 0.000000 12.304969 0.000000 0.000000 1.000000 0.000000
-0.839411 0.543497 0.000000 439.079335 -0.543497 -0.839411 0.000000 10.715640 0.000000 0.000000 1.000000 0.000000
-0.851925 0.523664 0.000000 436.410337 -0.523664 -0.851925 0.000000 9.078063 0.000000 0.000000 1.000000 0.000000
-0.872835 0.488015 0.000000 430.022569 -0.488015 -0.872835 0.000000 5.363219 0.000000 0.000000 1.000000 0.000000
-0.879234 0.476389 0.000000 428.302122 -0.476389 -0.879234 0.000000 4.439491 0.000000 0.000000 1.000000 0.000000
-0.888749 0.458394 0.000000 424.733190 -0.458394 -0.888749 0.000000 2.598636 0.000000 0.000000 1.000000 0.000000
-0.893727 0.448611 0.000000 421.153486 -0.448611 -0.893727 0.000000 0.820026 0.000000 0.000000 1.000000 0.000000
-0.895990 0.444075 0.000000 417.612843 -0.444075 -0.895990 0.000000 -0.921557 0.000000 0.000000 1.000000 0.000000
-0.896425 0.443195 0.000000 414.115452 -0.443195 -0.896425 0.000000 -2.625001 0.000000 0.000000 1.000000 0.000000
-0.896070 0.443914 0.000000 410.816538 -0.443914 -0.896070 0.000000 -4.232324 0.000000 0.000000 1.000000 0.000000
-0.896324 0.443399 0.000000 407.495552 -0.443399 -0.896324 0.000000 -5.855664 0.000000 0.000000 1.000000 0.000000
-0.896789 0.442458 0.000000 404.158022 -0.442458 -0.896789 0.000000 -7.483698 0.000000 0.000000 1.000000 0.000000
-0.895531 0.444999 0.000000 397.771965 -0.444999 -0.895531 0.000000 -10.600474 0.000000 0.000000 1.000000 0.000000
-0.895589 0.444882 0.000000 396.198575 -0.444882 -0.895589 0.000000 -11.377538 0.000000 0.000000 1.000000 0.000000
-0.897177 0.441671 0.000000 393.156926 -0.441671 -0.897177 0.000000 -12.867973 0.000000 0.000000 1.000000 0.000000
-0.899478 0.436967 0.000000 390.245021 -0.436967 -0.899478 0.000000 -14.274952 0.000000 0.000000 1.000000 0.000000
-0.899781 0.436342 0.000000 387.341724 -0.436342 -0.899781 0.000000 -15.670429 0.000000 0.000000 1.000000 0.000000
-0.901194 0.433417 0.000000 384.727482 -0.433417 -0.901194 0.000000 -16.919853 0.000000 0.000000 1.000000 0.000000
-0.903887 0.427772 0.000000 382.269602 -0.427772 -0.903887 0.000000 -18.080501 0.000000 0.000000 1.000000 0.000000
-0.905781 0.423746 0.000000 380.072938 -0.423746 -0.905781 0.000000 -19.099134 0.000000 0.000000 1.000000 0.000000
-0.906774 0.421617 0.000000 378.168135 -0.421617 -0.906774 0.000000 -19.981635 0.000000 0.000000 1.000000 0.000000
-0.908923 0.416964 0.000000 374.998484 -0.416964 -0.908923 0.000000 -21.424039 0.000000 0.000000 1.000000 0.000000
-0.909178 0.416407 0.000000 374.373236 -0.416407 -0.909178 0.000000 -21.705831 0.000000 0.000000 1.000000 0.000000
-0.909990 0.414630 0.000000 373.332801 -0.414630 -0.909990 0.000000 -22.178470 0.000000 0.000000 1.000000 0.000000
-0.910298 0.413953 0.000000 372.618440 -0.413953 -0.910298 0.000000 -22.503511 0.000000 0.000000 1.000000 0.000000
-0.910628 0.413228 0.000000 372.149131 -0.413228 -0.910628 0.000000 -22.716221 0.000000 0.000000 1.000000 0.000000
-0.910669 0.413137 0.000000 371.834786 -0.413137 -0.910669 0.000000 -22.857193 0.000000 0.000000 1.000000 0.000000
-0.910918 0.412588 0.000000 371.543435 -0.412588 -0.910918 0.000000 -22.992091 0.000000 0.000000 1.000000 0.000000
-0.910738 0.412984 0.000000 371.240278 -0.412984 -0.910738 0.000000 -23.126248 0.000000 0.000000 1.000000 0.000000
-0.910857 0.412723 0.000000 371.035645 -0.412723 -0.910857 0.000000 -23.218311 0.000000 0.000000 1.000000 0.000000
-0.911029 0.412341 0.000000 370.721634 -0.412341 -0.911029 0.000000 -23.356373 0.000000 0.000000 1.000000 0.000000
-0.911095 0.412197 0.000000 370.675411 -0.412197 -0.911095 0.000000 -23.377533 0.000000 0.000000 1.000000 0.000000
-0.911135 0.412107 0.000000 370.577283 -0.412107 -0.911135 0.000000 -23.420523 0.000000 0.000000 1.000000 0.000000
-0.911249 0.411855 0.000000 370.458647 -0.411855 -0.911249 0.000000 -23.473923 0.000000 0.000000 1.000000 0.000000
-0.911383 0.411560 0.000000 370.342750 -0.411560 -0.911383 0.000000 -23.523585 0.000000 0.000000 1.000000 0.000000
-0.911508 0.411283 0.000000 370.268304 -0.411283 -0.911508 0.000000 -23.555854 0.000000 0.000000 1.000000 0.000000
-0.911787 0.410663 0.000000 370.120443 -0.410663 -0.911787 0.000000 -23.616876 0.000000 0.000000 1.000000 0.000000
-0.912461 0.409164 0.000000 369.846426 -0.409164 -0.912461 0.000000 -23.741009 0.000000 0.000000 1.000000 0.000000
-0.913193 0.407526 0.000000 369.262327 -0.407526 -0.913193 0.000000 -24.000622 0.000000 0.000000 1.000000 0.000000
-0.914989 0.403479 0.000000 367.389553 -0.403479 -0.914989 0.000000 -24.821508 0.000000 0.000000 1.000000 0.000000
-0.915664 0.401944 0.000000 366.777552 -0.401944 -0.915664 0.000000 -25.087902 0.000000 0.000000 1.000000 0.000000
-0.917501 0.397733 0.000000 365.301582 -0.397733 -0.917501 0.000000 -25.719376 0.000000 0.000000 1.000000 0.000000
-0.919798 0.392393 0.000000 363.525361 -0.392393 -0.919798 0.000000 -26.471782 0.000000 0.000000 1.000000 0.000000
-0.921607 0.388125 0.000000 361.439468 -0.388125 -0.921607 0.000000 -27.348718 0.000000 0.000000 1.000000 0.000000
-0.923565 0.383442 0.000000 359.008665 -0.383442 -0.923565 0.000000 -28.353171 0.000000 0.000000 1.000000 0.000000
-0.925842 0.377910 0.000000 356.415184 -0.377910 -0.925842 0.000000 -29.404339 0.000000 0.000000 1.000000 0.000000
-0.927084 0.374853 0.000000 353.560310 -0.374853 -0.927084 0.000000 -30.544829 0.000000 0.000000 1.000000 0.000000
-0.927310 0.374294 0.000000 350.495537 -0.374294 -0.927310 0.000000 -31.762188 0.000000 0.000000 1.000000 0.000000
-0.931236 0.364418 0.000000 344.174008 -0.364418 -0.931236 0.000000 -34.244253 0.000000 0.000000 1.000000 0.000000
-0.934173 0.356820 0.000000 342.490632 -0.356820 -0.934173 0.000000 -34.884381 0.000000 0.000000 1.000000 0.000000
-0.940317 0.340301 0.000000 338.978974 -0.340301 -0.940317 0.000000 -36.162429 0.000000 0.000000 1.000000 0.000000
-0.945997 0.324174 0.000000 335.157310 -0.324174 -0.945997 0.000000 -37.475758 0.000000 0.000000 1.000000 0.000000
-0.950342 0.311209 0.000000 331.260904 -0.311209 -0.950342 0.000000 -38.755455 0.000000 0.000000 1.000000 0.000000
-0.952005 0.306081 0.000000 327.114670 -0.306081 -0.952005 0.000000 -40.074909 0.000000 0.000000 1.000000 0.000000
-0.953870 0.300220 0.000000 322.956103 -0.300220 -0.953870 0.000000 -41.371366 0.000000 0.000000 1.000000 0.000000
-0.955464 0.295108 0.000000 318.737943 -0.295108 -0.955464 0.000000 -42.650134 0.000000 0.000000 1.000000 0.000000
-0.956348 0.292230 0.000000 314.265503 -0.292230 -0.956348 0.000000 -44.014836 0.000000 0.000000 1.000000 0.000000
-0.953042 0.302837 0.000000 305.552643 -0.302837 -0.953042 0.000000 -46.713860 0.000000 0.000000 1.000000 0.000000
-0.951648 0.307190 0.000000 303.317575 -0.307190 -0.951648 0.000000 -47.422432 0.000000 0.000000 1.000000 0.000000
-0.949207 0.314653 0.000000 298.816406 -0.314653 -0.949207 0.000000 -48.888590 0.000000 0.000000 1.000000 0.000000
-0.946595 0.322425 0.000000 294.460150 -0.322425 -0.946595 0.000000 -50.339350 0.000000 0.000000 1.000000 0.000000
-0.944077 0.329725 0.000000 289.720585 -0.329725 -0.944077 0.000000 -51.969662 0.000000 0.000000 1.000000 0.000000
-0.941740 0.336342 0.000000 285.031177 -0.336342 -0.941740 0.000000 -53.616655 0.000000 0.000000 1.000000 0.000000
-0.938848 0.344332 0.000000 280.580428 -0.344332 -0.938848 0.000000 -55.220075 0.000000 0.000000 1.000000 0.000000
-0.935999 0.352002 0.000000 276.130797 -0.352002 -0.935999 0.000000 -56.868225 0.000000 0.000000 1.000000 0.000000
-0.933620 0.358266 0.000000 271.555940 -0.358266 -0.933620 0.000000 -58.601534 0.000000 0.000000 1.000000 0.000000
-0.928936 0.370239 0.000000 262.587056 -0.370239 -0.928936 0.000000 -62.115515 0.000000 0.000000 1.000000 0.000000
-0.928460 0.371432 0.000000 260.359587 -0.371432 -0.928460 0.000000 -62.990847 0.000000 0.000000 1.000000 0.000000
-0.928811 0.370554 0.000000 255.855251 -0.370554 -0.928811 0.000000 -64.779621 0.000000 0.000000 1.000000 0.000000
-0.926288 0.376815 0.000000 251.324137 -0.376815 -0.926288 0.000000 -66.575584 0.000000 0.000000 1.000000 0.000000
-0.923753 0.382990 0.000000 246.712207 -0.382990 -0.923753 0.000000 -68.459657 0.000000 0.000000 1.000000 0.000000
-0.921590 0.388164 0.000000 242.108127 -0.388164 -0.921590 0.000000 -70.377253 0.000000 0.000000 1.000000 0.000000
-0.920085 0.391719 0.000000 237.468886 -0.391719 -0.920085 0.000000 -72.329162 0.000000 0.000000 1.000000 0.000000
-0.919456 0.393194 0.000000 232.714532 -0.393194 -0.919456 0.000000 -74.339437 0.000000 0.000000 1.000000 0.000000
-0.918643 0.395089 0.000000 227.894018 -0.395089 -0.918643 0.000000 -76.391406 0.000000 0.000000 1.000000 0.000000
-0.918880 0.394537 0.000000 218.266706 -0.394537 -0.918880 0.000000 -80.488474 0.000000 0.000000 1.000000 0.000000
-0.919102 0.394020 0.000000 215.895047 -0.394020 -0.919102 0.000000 -81.494521 0.000000 0.000000 1.000000 0.000000
-0.919986 0.391950 0.000000 211.093040 -0.391950 -0.919986 0.000000 -83.509763 0.000000 0.000000 1.000000 0.000000
-0.921626 0.388079 0.000000 206.383382 -0.388079 -0.921626 0.000000 -85.478014 0.000000 0.000000 1.000000 0.000000
-0.923090 0.384584 0.000000 201.541869 -0.384584 -0.923090 0.000000 -87.480356 0.000000 0.000000 1.000000 0.000000
-0.924735 0.380613 0.000000 196.933031 -0.380613 -0.924735 0.000000 -89.354841 0.000000 0.000000 1.000000 0.000000
-0.926230 0.376960 0.000000 192.412699 -0.376960 -0.926230 0.000000 -91.176180 0.000000 0.000000 1.000000 0.000000
-0.925383 0.379033 0.000000 187.922924 -0.379033 -0.925383 0.000000 -92.982571 0.000000 0.000000 1.000000 0.000000
-0.924300 0.381666 0.000000 183.383026 -0.381666 -0.924300 0.000000 -94.806213 0.000000 0.000000 1.000000 0.000000
-0.922951 0.384919 0.000000 174.825433 -0.384919 -0.922951 0.000000 -98.299400 0.000000 0.000000 1.000000 0.000000
-0.922776 0.385336 0.000000 172.694532 -0.385336 -0.922776 0.000000 -99.164928 0.000000 0.000000 1.000000 0.000000
-0.922303 0.386469 0.000000 168.206857 -0.386469 -0.922303 0.000000 -101.018900 0.000000 0.000000 1.000000 0.000000
-0.922879 0.385090 0.000000 163.927042 -0.385090 -0.922879 0.000000 -102.787817 0.000000 0.000000 1.000000 0.000000
-0.925270 0.379310 0.000000 159.700948 -0.379310 -0.925270 0.000000 -104.512122 0.000000 0.000000 1.000000 0.000000
-0.929331 0.369249 0.000000 155.421181 -0.369249 -0.929331 0.000000 -106.208819 0.000000 0.000000 1.000000 0.000000
-0.930295 0.366812 0.000000 151.152235 -0.366812 -0.930295 0.000000 -107.874294 0.000000 0.000000 1.000000 0.000000
-0.929890 0.367838 0.000000 146.930787 -0.367838 -0.929890 0.000000 -109.515517 0.000000 0.000000 1.000000 0.000000
-0.928612 0.371053 0.000000 142.906653 -0.371053 -0.928612 0.000000 -111.093138 0.000000 0.000000 1.000000 0.000000
-0.929637 0.368477 0.000000 135.180256 -0.368477 -0.929637 0.000000 -114.152454 0.000000 0.000000 1.000000 0.000000
-0.930121 0.367254 0.000000 133.330027 -0.367254 -0.930121 0.000000 -114.878286 0.000000 0.000000 1.000000 0.000000
-0.930240 0.366952 0.000000 129.607987 -0.366952 -0.930240 0.000000 -116.336751 0.000000 0.000000 1.000000 0.000000
-0.931956 0.362571 0.000000 125.999950 -0.362571 -0.931956 0.000000 -117.732869 0.000000 0.000000 1.000000 0.000000
-0.934669 0.355520 0.000000 122.511258 -0.355520 -0.934669 0.000000 -119.046951 0.000000 0.000000 1.000000 0.000000
-0.936251 0.351333 0.000000 119.195444 -0.351333 -0.936251 0.000000 -120.271900 0.000000 0.000000 1.000000 0.000000
-0.937239 0.348688 0.000000 116.078716 -0.348688 -0.937239 0.000000 -121.413777 0.000000 0.000000 1.000000 0.000000
-0.939546 0.342423 0.000000 113.108927 -0.342423 -0.939546 0.000000 -122.491025 0.000000 0.000000 1.000000 0.000000
-0.940843 0.338842 0.000000 110.362267 -0.338842 -0.940843 0.000000 -123.464479 0.000000 0.000000 1.000000 0.000000
-0.941627 0.336658 0.000000 105.571035 -0.336658 -0.941627 0.000000 -125.161803 0.000000 0.000000 1.000000 0.000000
-0.942723 0.333576 0.000000 104.510474 -0.333576 -0.942723 0.000000 -125.536666 0.000000 0.000000 1.000000 0.000000
-0.943725 0.330732 0.000000 102.671577 -0.330732 -0.943725 0.000000 -126.170595 0.000000 0.000000 1.000000 0.000000
-0.944942 0.327238 0.000000 100.947305 -0.327238 -0.944942 0.000000 -126.760021 0.000000 0.000000 1.000000 0.000000
-0.946049 0.324023 0.000000 99.364097 -0.324023 -0.946049 0.000000 -127.293260 0.000000 0.000000 1.000000 0.000000
-0.946249 0.323438 0.000000 98.019451 -0.323438 -0.946249 0.000000 -127.745857 0.000000 0.000000 1.000000 0.000000
-0.946160 0.323699 0.000000 96.787469 -0.323699 -0.946160 0.000000 -128.164952 0.000000 0.000000 1.000000 0.000000
-0.946510 0.322673 0.000000 95.724055 -0.322673 -0.946510 0.000000 -128.524719 0.000000 0.000000 1.000000 0.000000
-0.946603 0.322402 0.000000 94.969707 -0.322402 -0.946603 0.000000 -128.776077 0.000000 0.000000 1.000000 0.000000
