1.000000 -0.000315 0.000000 -0.001565 0.000315 1.000000 0.000000 0.002477 0.000000 0.000000 1.000000 0.000000
1.000000 -0.000014 0.000000 -0.001157 0.000014 1.000000 0.000000 -0.000147 0.000000 0.000000 1.000000 0.000000
1.000000 0.000007 0.000000 0.000925 -0.000007 1.000000 -0.000000 -0.000105 -0.000000 0.000000 1.000000 0.000000
1.000000 -0.000126 0.000000 -0.007457 0.000126 1.000000 0.000000 0.008938 0.000000 0.000000 1.000000 0.000000
1.000000 -0.000316 0.000000 -0.000324 0.000316 1.000000 0.000000 0.003285 0.000000 0.000000 1.000000 0.000000
1.000000 -0.000056 0.000000 -0.006386 0.000056 1.000000 0.000000 0.004208 0.000000 0.000000 1.000000 0.000000
1.000000 -0.000036 0.000000 -0.005644 0.000036 1.000000 0.000000 0.001903 0.000000 0.000000 1.000000 0.000000
1.000000 -0.000047 0.000000 -0.005826 0.000047 1.000000 0.000000 0.004578 0.000000 0.000000 1.000000 0.000000
1.000000 -0.000060 0.000000 -0.002469 0.000060 1.000000 0.000000 0.003201 0.000000 0.000000 1.000000 0.000000
1.000000 -0.000108 0.000000 -0.011093 0.000108 1.000000 0.000000 0.006540 0.000000 0.000000 1.000000 0.000000
1.000000 -0.000116 0.000000 -0.003850 0.000116 1.000000 0.000000 0.005079 0.000000 0.000000 1.000000 0.000000
1.000000 -0.000030 0.000000 -0.007840 0.000030 1.000000 0.000000 0.001272 0.000000 0.000000 1.000000 0.000000
1.000000 -0.000195 0.000000 0.000842 0.000195 1.000000 0.000000 0.001349 0.000000 0.000000 1.000000 0.000000
1.000000 0.000405 0.000000 -0.007003 -0.000405 1.000000 -0.000000 -0.001526 -0.000000 0.000000 1.000000 0.000000
1.000000 -0.000014 0.000000 -0.000767 0.000014 1.000000 0.000000 -0.000704 0.000000 0.000000 1.000000 0.000000
1.000000 -0.000006 0.000000 -0.000683 0.000006 1.000000 0.000000 -0.003530 0.000000 0.000000 1.000000 0.000000
1.000000 -0.000089 0.000000 -0.001687 0.000089 1.000000 0.000000 0.000821 0.000000 0.000000 1.000000 0.000000
1.000000 -0.000000 0.000000 -0.003913 0.000000 1.000000 0.000000 0.000946 0.000000 0.000000 1.000000 0.000000
1.000000 -0.000005 0.000000 -0.006550 0.000005 1.000000 0.000000 0.000242 0.000000 0.000000 1.000000 0.000000
1.000000 -0.000024 0.000000 -0.006795 0.000024 1.000000 0.000000 0.002283 0.000000 0.000000 1.000000 0.000000
1.000000 -0.000037 0.000000 -0.002477 0.000037 1.000000 0.000000 -0.001555 0.000000 0.000000 1.000000 0.000000
1.000000 0.000004 0.000000 -0.005923 -0.000004 1.000000 -0.000000 -0.005296 -0.000000 0.000000 1.000000 0.000000
1.000000 -0.000068 0.000000 -0.006838 0.000068 1.000000 0.000000 0.002101 0.000000 0.000000 1.000000 0.000000
1.000000 0.000021 0.000000 -0.007304 -0.000021 1.000000 -0.000000 0.002707 -0.000000 0.000000 1.000000 0.000000
1.000000 -0.000074 0.000000 0.002620 0.000074 1.000000 0.000000 -0.003716 0.000000 0.000000 1.000000 0.000000
1.000000 -0.000043 0.000000 -0.002216 0.000043 1.000000 0.000000 -0.000212 0.000000 0.000000 1.000000 0.000000
1.000000 -0.000076 0.000000 -0.002959 0.000076 1.000000 0.000000 0.001363 0.000000 0.000000 1.000000 0.000000
1.000000 -0.000039 0.000000 -0.006343 0.000039 1.000000 0.000000 0.000495 0.000000 0.000000 1.000000 0.000000
1.000000 -0.000049 0.000000 -0.006417 0.000049 1.000000 0.000000 -0.000896 0.000000 0.000000 1.000000 0.000000
1.000000 -0.000100 0.000000 -0.001199 0.000100 1.000000 0.000000 0.003210 0.000000 0.000000 1.000000 0.000000
1.000000 -0.000040 0.000000 -0.002397 0.000040 1.000000 0.000000 0.000525 0.000000 0.000000 1.000000 0.000000
1.000000 -0.000064 0.000000 0.000003 0.000064 1.000000 0.000000 -0.000067 0.000000 0.000000 1.000000 0.000000
1.000000 -0.000022 0.000000 -0.001598 0.000022 1.000000 0.000000 -0.001036 0.000000 0.000000 1.000000 0.000000
1.000000 -0.000029 0.000000 -0.002061 0.000029 1.000000 0.000000 -0.000631 0.000000 0.000000 1.000000 0.000000
1.000000 -0.000050 0.000000 -0.001045 0.000050 1.000000 0.000000 -0.000367 0.000000 0.000000 1.000000 0.000000
1.000000 -0.000169 0.000000 -0.009551 0.000169 1.000000 0.000000 -0.004323 0.000000 0.000000 1.000000 0.000000
1.000000 -0.000065 0.000000 0.000362 0.000065 1.000000 0.000000 -0.002658 0.000000 0.000000 1.000000 0.000000
1.000000 0.000201 0.000000 -0.000606 -0.000201 1.000000 -0.000000 -0.010697 -0.000000 0.000000 1.000000 0.000000
1.000000 -0.000106 0.000000 -0.009300 0.000106 1.000000 0.000000 -0.001416 0.000000 0.000000 1.000000 0.000000
1.000000 -0.000076 0.000000 -0.008291 0.000076 1.000000 0.000000 -0.001988 0.000000 0.000000 1.000000 0.000000
1.000000 -0.000058 0.000000 -0.001791 0.000058 1.000000 0.000000 -0.000280 0.000000 0.000000 1.000000 0.000000
1.000000 -0.000056 0.000000 -0.002101 0.000056 1.000000 0.000000 -0.000243 0.000000 0.000000 1.000000 0.000000
1.000000 0.000026 0.000000 -0.002153 -0.000026 1.000000 -0.000000 -0.004721 -0.000000 0.000000 1.000000 0.000000
1.000000 -0.000010 0.000000 -0.001786 0.000010 1.000000 0.000000 -0.002334 0.000000 0.000000 1.000000 0.000000
1.000000 -0.000030 0.000000 -0.001863 0.000030 1.000000 0.000000 -0.000811 0.000000 0.000000 1.000000 0.000000
1.000000 -0.000042 0.000000 -0.001845 0.000042 1.000000 0.000000 -0.000172 0.000000 0.000000 1.000000 0.000000
1.000000 -0.000119 0.000000 -0.003928 0.000119 1.000000 0.000000 -0.009012 0.000000 0.000000 1.000000 0.000000
1.000000 -0.000063 0.000000 -0.012839 0.000063 1.000000 0.000000 0.007065 0.000000 0.000000 1.000000 0.000000
1.000000 -0.000032 0.000000 0.000770 0.000032 1.000000 0.000000 -0.001113 0.000000 0.000000 1.000000 0.000000
1.000000 -0.000049 0.000000 -0.007560 0.000049 1.000000 0.000000 -0.002061 0.000000 0.000000 1.000000 0.000000
1.000000 -0.000055 0.000000 -0.008089 0.000055 1.000000 0.000000 -0.002639 0.000000 0.000000 1.000000 0.000000
1.000000 -0.000043 0.000000 -0.000877 0.000043 1.000000 0.000000 -0.000449 0.000000 0.000000 1.000000 0.000000
1.000000 -0.000029 0.000000 -0.003923 0.000029 1.000000 0.000000 -0.000577 0.000000 0.000000 1.000000 0.000000
1.000000 -0.000038 0.000000 -0.004002 0.000038 1.000000 0.000000 -0.000445 0.000000 0.000000 1.000000 0.000000
1.000000 -0.000030 0.000000 -0.004639 0.000030 1.000000 0.000000 -0.000644 0.000000 0.000000 1.000000 0.000000
1.000000 0.000141 0.000000 0.000319 -0.000141 1.000000 -0.000000 -0.018432 -0.000000 0.000000 1.000000 0.000000
1.000000 -0.000059 0.000000 -0.010976 0.000059 1.000000 0.000000 -0.003357 0.000000 0.000000 1.000000 0.000000
1.000000 -0.000021 0.000000 -0.004597 0.000021 1.000000 0.000000 -0.000814 0.000000 0.000000 1.000000 0.000000
1.000000 -0.000033 0.000000 -0.002328 0.000033 1.000000 0.000000 -0.000435 0.000000 0.000000 1.000000 0.000000
1.000000 -0.000333 0.000000 -0.003719 0.000333 1.000000 0.000000 -0.002313 0.000000 0.000000 1.000000 0.000000
1.000000 0.000003 0.000000 -0.003523 -0.000003 1.000000 -0.000000 -0.002697 -0.000000 0.000000 1.000000 0.000000
1.000000 -0.000036 0.000000 0.000159 0.000036 1.000000 0.000000 -0.001070 0.000000 0.000000 1.000000 0.000000
1.000000 0.000078 0.000000 -0.002527 -0.000078 1.000000 -0.000000 -0.006329 -0.000000 0.000000 1.000000 0.000000
1.000000 -0.000059 0.000000 -0.005369 0.000059 1.000000 0.000000 -0.002863 0.000000 0.000000 1.000000 0.000000
1.000000 0.000294 0.000000 0.001618 -0.000294 1.000000 -0.000000 -0.004709 -0.000000 0.000000 1.000000 0.000000
1.000000 -0.000132 0.000000 -0.000251 0.000132 1.000000 0.000000 0.006871 0.000000 0.000000 1.000000 0.000000
1.000000 0.000024 0.000000 -0.004504 -0.000024 1.000000 -0.000000 -0.004167 -0.000000 0.000000 1.000000 0.000000
1.000000 -0.000410 0.000000 -0.002202 0.000410 1.000000 0.000000 -0.014824 0.000000 0.000000 1.000000 0.000000
1.000000 0.000006 0.000000 -0.001346 -0.000006 1.000000 -0.000000 -0.003577 -0.000000 0.000000 1.000000 0.000000
1.000000 -0.000031 0.000000 -0.003114 0.000031 1.000000 0.000000 -0.000653 0.000000 0.000000 1.000000 0.000000
1.000000 -0.000072 0.000000 -0.001135 0.000072 1.000000 0.000000 -0.001976 0.000000 0.000000 1.000000 0.000000
1.000000 -0.000036 0.000000 -0.003536 0.000036 1.000000 0.000000 -0.000818 0.000000 0.000000 1.000000 0.000000
1.000000 -0.000049 0.000000 0.000983 0.000049 1.000000 0.000000 -0.002220 0.000000 0.000000 1.000000 0.000000
1.000000 0.000046 0.000000 -0.003872 -0.000046 1.000000 -0.000000 -0.005237 -0.000000 0.000000 1.000000 0.000000
1.000000 -0.000035 0.000000 -0.005513 0.000035 1.000000 0.000000 0.000030 0.000000 0.000000 1.000000 0.000000
1.000000 -0.000038 0.000000 -0.003259 0.000038 1.000000 0.000000 -0.000943 0.000000 0.000000 1.000000 0.000000
1.000000 -0.000038 0.000000 -0.003730 0.000038 1.000000 0.000000 -0.000710 0.000000 0.000000 1.000000 0.000000
1.000000 -0.000038 0.000000 -0.003374 0.000038 1.000000 0.000000 -0.000807 0.000000 0.000000 1.000000 0.000000
1.000000 -0.000058 0.000000 0.001980 0.000058 1.000000 0.000000 0.000682 0.000000 0.000000 1.000000 0.000000
1.000000 0.000015 0.000000 -0.004707 -0.000015 1.000000 -0.000000 -0.005079 -0.000000 0.000000 1.000000 0.000000
1.000000 -0.000050 0.000000 -0.006232 0.000050 1.000000 0.000000 -0.001017 0.000000 0.000000 1.000000 0.000000
1.000000 0.000035 0.000000 -0.004051 -0.000035 1.000000 -0.000000 -0.004428 -0.000000 0.000000 1.000000 0.000000
1.000000 -0.000018 0.000000 -0.004792 0.000018 1.000000 0.000000 -0.002257 0.000000 0.000000 1.000000 0.000000
1.000000 0.000094 0.000000 0.001682 -0.000094 1.000000 -0.000000 -0.010847 -0.000000 0.000000 1.000000 0.000000
1.000000 0.000112 0.000000 -0.004013 -0.000112 1.000000 -0.000000 -0.008605 -0.000000 0.000000 1.000000 0.000000
1.000000 -0.000266 0.000000 -0.006347 0.000266 1.000000 0.000000 -0.005103 0.000000 0.000000 1.000000 0.000000
1.000000 -0.000050 0.000000 -0.005750 0.000050 1.000000 0.000000 -0.000810 0.000000 0.000000 1.000000 0.000000
1.000000 -0.000041 0.000000 -0.006457 0.000041 1.000000 0.000000 -0.001284 0.000000 0.000000 1.000000 0.000000
1.000000 0.000029 0.000000 -0.004425 -0.000029 1.000000 -0.000000 -0.004403 -0.000000 0.000000 1.000000 0.000000
1.000000 -0.000090 0.000000 -0.006470 0.000090 1.000000 0.000000 0.000103 0.000000 0.000000 1.000000 0.000000
1.000000 0.000085 0.000000 -0.002830 -0.000085 1.000000 -0.000000 -0.006504 -0.000000 0.000000 1.000000 0.000000
1.000000 0.000175 0.000000 -0.004253 -0.000175 1.000000 -0.000000 -0.011188 -0.000000 0.000000 1.000000 0.000000
1.000000 0.000194 0.000000 -0.001795 -0.000194 1.000000 -0.000000 -0.011551 -0.000000 0.000000 1.000000 0.000000
1.000000 0.000170 0.000000 -0.007062 -0.000170 1.000000 -0.000000 -0.012951 -0.000000 0.000000 1.000000 0.000000
1.000000 0.000250 0.000000 -0.007586 -0.000250 1.000000 -0.000000 0.003149 -0.000000 0.000000 1.000000 0.000000
1.000000 0.000128 0.000000 0.000432 -0.000128 1.000000 -0.000000 -0.007570 -0.000000 0.000000 1.000000 0.000000
1.000000 0.000165 0.000000 -0.006038 -0.000165 1.000000 -0.000000 -0.011620 -0.000000 0.000000 1.000000 0.000000
1.000000 0.000156 0.000000 -0.009782 -0.000156 1.000000 -0.000000 -0.012511 -0.000000 0.000000 1.000000 0.000000
1.000000 0.000111 0.000000 -0.005572 -0.000111 1.000000 -0.000000 -0.006451 -0.000000 0.000000 1.000000 0.000000
1.000000 0.000153 0.000000 -0.004864 -0.000153 1.000000 -0.000000 -0.010238 -0.000000 0.000000 1.000000 0.000000
1.000000 0.000146 0.000000 -0.005673 -0.000146 1.000000 -0.000000 -0.010223 -0.000000 0.000000 1.000000 0.000000
1.000000 0.000135 0.000000 -0.009117 -0.000135 1.000000 -0.000000 -0.010819 -0.000000 0.000000 1.000000 0.000000
1.000000 0.000144 0.000000 -0.005634 -0.000144 1.000000 -0.000000 -0.010152 -0.000000 0.000000 1.000000 0.000000
1.000000 0.000122 0.000000 -0.000063 -0.000122 1.000000 -0.000000 -0.009618 -0.000000 0.000000 1.000000 0.000000
1.000000 0.000140 0.000000 -0.007024 -0.000140 1.000000 -0.000000 -0.010143 -0.000000 0.000000 1.000000 0.000000
1.000000 0.000148 0.000000 -0.004207 -0.000148 1.000000 -0.000000 -0.009731 -0.000000 0.000000 1.000000 0.000000
1.000000 -0.000033 0.000000 -0.013891 0.000033 1.000000 0.000000 0.004986 0.000000 0.000000 1.000000 0.000000
1.000000 0.000116 0.000000 -0.016220 -0.000116 1.000000 -0.000000 -0.012543 -0.000000 0.000000 1.000000 0.000000
1.000000 -0.000205 0.000000 -0.012275 0.000205 1.000000 0.000000 0.003500 0.000000 0.000000 1.000000 0.000000
1.000000 0.000146 0.000000 -0.007823 -0.000146 1.000000 -0.000000 -0.008091 -0.000000 0.000000 1.000000 0.000000
1.000000 0.000317 0.000000 -0.000708 -0.000317 1.000000 -0.000000 -0.010378 -0.000000 0.000000 1.000000 0.000000
1.000000 -0.000028 0.000000 0.019884 0.000028 1.000000 0.000000 -0.003845 0.000000 0.000000 1.000000 0.000000
1.000000 0.000340 0.000000 0.043870 -0.000340 1.000000 -0.000000 0.007072 -0.000000 0.000000 1.000000 0.000000
1.000000 0.000490 0.000000 0.089423 -0.000490 1.000000 -0.000000 0.025600 -0.000000 0.000000 1.000000 0.000000
1.000000 0.000536 0.000000 0.157345 -0.000536 1.000000 -0.000000 0.042528 -0.000000 0.000000 1.000000 0.000000
0.999991 -0.004231 0.000000 0.208369 0.004231 0.999991 0.000000 0.021743 0.000000 0.000000 1.000000 0.000000
0.999982 -0.006025 0.000000 0.265403 0.006025 0.999982 0.000000 0.026380 0.000000 0.000000 1.000000 0.000000
0.999905 -0.013773 0.000000 0.434764 0.013773 0.999905 0.000000 0.028546 0.000000 0.000000 1.000000 0.000000
0.999664 -0.025920 0.000000 0.653147 0.025920 0.999664 0.000000 0.029558 0.000000 0.000000 1.000000 0.000000
0.999079 -0.042902 0.000000 1.028512 0.042902 0.999079 0.000000 0.034281 0.000000 0.000000 1.000000 0.000000
0.997800 -0.066299 0.000000 1.303986 0.066299 0.997800 0.000000 0.027669 0.000000 0.000000 1.000000 0.000000
0.996275 -0.086237 0.000000 1.877121 0.086237 0.996275 0.000000 0.131119 0.000000 0.000000 1.000000 0.000000
0.993649 -0.112522 0.000000 2.461430 0.112522 0.993649 0.000000 0.202597 0.000000 0.000000 1.000000 0.000000
0.991039 -0.133570 0.000000 2.987863 0.133570 0.991039 0.000000 0.262325 0.000000 0.000000 1.000000 0.000000
0.988031 -0.154257 0.000000 3.861548 0.154257 0.988031 0.000000 0.471460 0.000000 0.000000 1.000000 0.000000
0.985203 -0.171390 0.000000 4.769660 0.171390 0.985203 0.000000 0.631743 0.000000 0.000000 1.000000 0.000000
0.983448 -0.181191 0.000000 5.656658 0.181191 0.983448 0.000000 0.815251 0.000000 0.000000 1.000000 0.000000
0.982239 -0.187636 0.000000 6.705657 0.187636 0.982239 0.000000 1.019001 0.000000 0.000000 1.000000 0.000000
0.982476 -0.186392 0.000000 7.888767 0.186392 0.982476 0.000000 1.199396 0.000000 0.000000 1.000000 0.000000
0.983110 -0.183015 0.000000 9.095398 0.183015 0.983110 0.000000 1.445420 0.000000 0.000000 1.000000 0.000000
0.982987 -0.183676 0.000000 10.409018 0.183676 0.982987 0.000000 1.714446 0.000000 0.000000 1.000000 0.000000
0.983655 -0.180063 0.000000 11.750423 0.180063 0.983655 0.000000 1.903042 0.000000 0.000000 1.000000 0.000000
0.984758 -0.173931 0.000000 13.315224 0.173931 0.984758 0.000000 2.175947 0.000000 0.000000 1.000000 0.000000
0.984327 -0.176356 0.000000 14.700120 0.176356 0.984327 0.000000 2.397395 0.000000 0.000000 1.000000 0.000000
0.986531 -0.163576 0.000000 16.201168 0.163576 0.986531 0.000000 2.670181 0.000000 0.000000 1.000000 0.000000
0.987873 -0.155261 0.000000 17.814302 0.155261 0.987873 0.000000 2.919040 0.000000 0.000000 1.000000 0.000000
0.988523 -0.151072 0.000000 19.433084 0.151072 0.988523 0.000000 3.129239 0.000000 0.000000 1.000000 0.000000
0.990251 -0.139291 0.000000 21.103277 0.139291 0.990251 0.000000 3.360415 0.000000 0.000000 1.000000 0.000000
0.991744 -0.128233 0.000000 22.817484 0.128233 0.991744 0.000000 3.585732 0.000000 0.000000 1.000000 0.000000
0.993848 -0.110753 0.000000 24.683054 0.110753 0.993848 0.000000 3.768944 0.000000 0.000000 1.000000 0.000000
0.995126 -0.098615 0.000000 26.647343 0.098615 0.995126 0.000000 3.943200 0.000000 0.000000 1.000000 0.000000
0.996409 -0.084671 0.000000 28.446163 0.084671 0.996409 0.000000 4.081003 0.000000 0.000000 1.000000 0.000000
0.997705 -0.067704 0.000000 30.363560 0.067704 0.997705 0.000000 4.194429 0.000000 0.000000 1.000000 0.000000
0.998442 -0.055793 0.000000 32.257584 0.055793 0.998442 0.000000 4.313596 0.000000 0.000000 1.000000 0.000000
0.999049 -0.043604 0.000000 34.211945 0.043604 0.999049 0.000000 4.398763 0.000000 0.000000 1.000000 0.000000
0.999608 -0.027994 0.000000 36.201328 0.027994 0.999608 0.000000 4.382264 0.000000 0.000000 1.000000 0.000000
0.999887 -0.015032 0.000000 38.241684 0.015032 0.999887 0.000000 4.481620 0.000000 0.000000 1.000000 0.000000
0.999962 -0.008759 0.000000 40.251900 0.008759 0.999962 0.000000 4.490132 0.000000 0.000000 1.000000 0.000000
0.999995 -0.003044 0.000000 42.296867 0.003044 0.999995 0.000000 4.485335 0.000000 0.000000 1.000000 0.000000
0.999999 0.001334 0.000000 44.363075 -0.001334 0.999999 -0.000000 4.441010 -0.000000 0.000000 1.000000 0.000000
0.999991 0.004164 0.000000 46.512558 -0.004164 0.999991 -0.000000 4.421544 -0.000000 0.000000 1.000000 0.000000
0.999902 0.013980 0.000000 48.598106 -0.013980 0.999902 -0.000000 4.384738 -0.000000 0.000000 1.000000 0.000000
0.999893 0.014600 0.000000 50.794025 -0.014600 0.999893 -0.000000 4.361660 -0.000000 0.000000 1.000000 0.000000
0.999804 0.019819 0.000000 52.894421 -0.019819 0.999804 -0.000000 4.284183 -0.000000 0.000000 1.000000 0.000000
0.999569 0.029360 0.000000 54.973846 -0.029360 0.999569 -0.000000 4.232652 -0.000000 0.000000 1.000000 0.000000
0.999401 0.034602 0.000000 57.179806 -0.034602 0.999401 -0.000000 4.134600 -0.000000 0.000000 1.000000 0.000000
0.999481 0.032205 0.000000 59.289459 -0.032205 0.999481 -0.000000 4.010574 -0.000000 0.000000 1.000000 0.000000
0.999611 0.027897 0.000000 61.437519 -0.027897 0.999611 -0.000000 3.992845 -0.000000 0.000000 1.000000 0.000000
0.999812 0.019374 0.000000 63.625134 -0.019374 0.999812 -0.000000 3.927722 -0.000000 0.000000 1.000000 0.000000
0.999968 0.008025 0.000000 65.907753 -0.008025 0.999968 -0.000000 3.817902 -0.000000 0.000000 1.000000 0.000000
0.999851 -0.017274 0.000000 68.142334 0.017274 0.999851 0.000000 3.964270 0.000000 0.000000 1.000000 0.000000
0.999648 -0.026526 0.000000 70.301430 0.026526 0.999648 0.000000 3.791487 0.000000 0.000000 1.000000 0.000000
0.999044 -0.043720 0.000000 72.135048 0.043720 0.999044 0.000000 4.080037 0.000000 0.000000 1.000000 0.000000
0.998213 -0.059749 0.000000 74.455521 0.059749 0.998213 0.000000 4.119537 0.000000 0.000000 1.000000 0.000000
0.996909 -0.078563 0.000000 76.800056 0.078563 0.996909 0.000000 4.165351 0.000000 0.000000 1.000000 0.000000
0.995716 -0.092464 0.000000 79.012627 0.092464 0.995716 0.000000 4.431916 0.000000 0.000000 1.000000 0.000000
0.995040 -0.099474 0.000000 81.226646 0.099474 0.995040 0.000000 4.636328 0.000000 0.000000 1.000000 0.000000
0.994646 -0.103341 0.000000 83.475670 0.103341 0.994646 0.000000 4.816896 0.000000 0.000000 1.000000 0.000000
0.994386 -0.105817 0.000000 85.675713 0.105817 0.994386 0.000000 5.109062 0.000000 0.000000 1.000000 0.000000
0.994308 -0.106540 0.000000 87.842995 0.106540 0.994308 0.000000 5.369867 0.000000 0.000000 1.000000 0.000000
0.994768 -0.102159 0.000000 89.953117 0.102159 0.994768 0.000000 5.511927 0.000000 0.000000 1.000000 0.000000
0.994983 -0.100045 0.000000 92.183517 0.100045 0.994983 0.000000 5.703135 0.000000 0.000000 1.000000 0.000000
0.995332 -0.096512 0.000000 94.535431 0.096512 0.995332 0.000000 5.899539 0.000000 0.000000 1.000000 0.000000
0.995407 -0.095732 0.000000 96.692329 0.095732 0.995407 0.000000 6.120103 0.000000 0.000000 1.000000 0.000000
0.995216 -0.097699 0.000000 98.976372 0.097699 0.995216 0.000000 6.357987 0.000000 0.000000 1.000000 0.000000
0.995329 -0.096537 0.000000 101.257195 0.096537 0.995329 0.000000 6.516145 0.000000 0.000000 1.000000 0.000000
0.996089 -0.088360 0.000000 103.458855 0.088360 0.996089 0.000000 6.753738 0.000000 0.000000 1.000000 0.000000
0.996465 -0.084005 0.000000 105.642700 0.084005 0.996465 0.000000 6.952604 0.000000 0.000000 1.000000 0.000000
0.997257 -0.074014 0.000000 107.889282 0.074014 0.997257 0.000000 7.121567 0.000000 0.000000 1.000000 0.000000
0.998546 -0.053908 0.000000 110.286674 0.053908 0.998546 0.000000 7.197509 0.000000 0.000000 1.000000 0.000000
0.999030 -0.044044 0.000000 112.529785 0.044044 0.999030 0.000000 7.383129 0.000000 0.000000 1.000000 0.000000
0.999147 -0.041305 0.000000 115.019478 0.041305 0.999147 0.000000 7.519435 0.000000 0.000000 1.000000 0.000000
0.999339 -0.036351 0.000000 117.218277 0.036351 0.999339 0.000000 7.562738 0.000000 0.000000 1.000000 0.000000
0.999480 -0.032230 0.000000 119.816284 0.032230 0.999480 0.000000 7.591070 0.000000 0.000000 1.000000 0.000000
0.999503 -0.031537 0.000000 122.272034 0.031537 0.999503 0.000000 7.504013 0.000000 0.000000 1.000000 0.000000
0.999563 -0.029573 0.000000 124.645035 0.029573 0.999563 0.000000 7.712035 0.000000 0.000000 1.000000 0.000000
0.999584 -0.028826 0.000000 127.099442 0.028826 0.999584 0.000000 7.807211 0.000000 0.000000 1.000000 0.000000
0.999605 -0.028108 0.000000 129.531235 0.028108 0.999605 0.000000 7.919930 0.000000 0.000000 1.000000 0.000000
0.999478 -0.032315 0.000000 131.896652 0.032315 0.999478 0.000000 7.881854 0.000000 0.000000 1.000000 0.000000
0.999483 -0.032148 0.000000 134.335098 0.032148 0.999483 0.000000 8.083571 0.000000 0.000000 1.000000 0.000000
0.999246 -0.038834 0.000000 136.717545 0.038834 0.999246 0.000000 8.089588 0.000000 0.000000 1.000000 0.000000
0.999288 -0.037742 0.000000 139.037521 0.037742 0.999288 0.000000 8.215158 0.000000 0.000000 1.000000 0.000000
0.999303 -0.037322 0.000000 141.431946 0.037322 0.999303 0.000000 8.324642 0.000000 0.000000 1.000000 0.000000
0.998974 -0.045287 0.000000 143.788010 0.045287 0.998974 0.000000 8.384336 0.000000 0.000000 1.000000 0.000000
0.999021 -0.044247 0.000000 146.136078 0.044247 0.999021 0.000000 8.575855 0.000000 0.000000 1.000000 0.000000
0.998858 -0.047788 0.000000 148.541763 0.047788 0.998858 0.000000 8.649703 0.000000 0.000000 1.000000 0.000000
0.998754 -0.049900 0.000000 150.842102 0.049900 0.998754 0.000000 8.736575 0.000000 0.000000 1.000000 0.000000
0.998891 -0.047082 0.000000 153.162155 0.047082 0.998891 0.000000 8.800648 0.000000 0.000000 1.000000 0.000000
0.998867 -0.047597 0.000000 155.577316 0.047597 0.998867 0.000000 8.808470 0.000000 0.000000 1.000000 0.000000
0.998678 -0.051395 0.000000 158.039795 0.051395 0.998678 0.000000 8.928364 0.000000 0.000000 1.000000 0.000000
0.998829 -0.048382 0.000000 160.398788 0.048382 0.998829 0.000000 8.987272 0.000000 0.000000 1.000000 0.000000
0.998819 -0.048593 0.000000 162.773590 0.048593 0.998819 0.000000 9.108081 0.000000 0.000000 1.000000 0.000000
0.998729 -0.050412 0.000000 165.040237 0.050412 0.998729 0.000000 9.277052 0.000000 0.000000 1.000000 0.000000
0.998623 -0.052462 0.000000 167.500641 0.052462 0.998623 0.000000 9.335882 0.000000 0.000000 1.000000 0.000000
0.998705 -0.050885 0.000000 169.804031 0.050885 0.998705 0.000000 9.463059 0.000000 0.000000 1.000000 0.000000
0.998581 -0.053249 0.000000 172.099548 0.053249 0.998581 0.000000 9.634715 0.000000 0.000000 1.000000 0.000000
0.998664 -0.051675 0.000000 174.328674 0.051675 0.998664 0.000000 9.668065 0.000000 0.000000 1.000000 0.000000
0.998199 -0.059998 0.000000 176.544601 0.059998 0.998199 0.000000 9.883054 0.000000 0.000000 1.000000 0.000000
0.997914 -0.064550 0.000000 178.732269 0.064550 0.997914 0.000000 10.107473 0.000000 0.000000 1.000000 0.000000
0.997721 -0.067476 0.000000 180.874893 0.067476 0.997721 0.000000 10.227242 0.000000 0.000000 1.000000 0.000000
0.997512 -0.070491 0.000000 183.124466 0.070491 0.997512 0.000000 10.413617 0.000000 0.000000 1.000000 0.000000
0.997492 -0.070785 0.000000 185.189041 0.070785 0.997492 0.000000 10.554983 0.000000 0.000000 1.000000 0.000000
0.997649 -0.068533 0.000000 187.254013 0.068533 0.997649 0.000000 10.666690 0.000000 0.000000 1.000000 0.000000
0.996927 -0.078336 0.000000 189.402206 0.078336 0.996927 0.000000 10.825390 0.000000 0.000000 1.000000 0.000000
0.996797 -0.079971 0.000000 191.505646 0.079971 0.996797 0.000000 10.933349 0.000000 0.000000 1.000000 0.000000
0.996022 -0.089105 0.000000 193.607834 0.089105 0.996022 0.000000 11.201663 0.000000 0.000000 1.000000 0.000000
0.994799 -0.101853 0.000000 195.690933 0.101853 0.994799 0.000000 11.466938 0.000000 0.000000 1.000000 0.000000
0.994352 -0.106136 0.000000 197.740097 0.106136 0.994352 0.000000 11.605178 0.000000 0.000000 1.000000 0.000000
0.993498 -0.113848 0.000000 199.802673 0.113848 0.993498 0.000000 11.783546 0.000000 0.000000 1.000000 0.000000
0.992163 -0.124951 0.000000 201.962219 0.124951 0.992163 0.000000 12.090350 0.000000 0.000000 1.000000 0.000000
0.991907 -0.126966 0.000000 204.077057 0.126966 0.991907 0.000000 12.320249 0.000000 0.000000 1.000000 0.000000
0.990516 -0.137399 0.000000 206.036896 0.137399 0.990516 0.000000 12.573295 0.000000 0.000000 1.000000 0.000000
0.989877 -0.141925 0.000000 208.102982 0.141925 0.989877 0.000000 12.889545 0.000000 0.000000 1.000000 0.000000
0.988471 -0.151407 0.000000 209.975433 0.151407 0.988471 0.000000 13.189514 0.000000 0.000000 1.000000 0.000000
0.987049 -0.160421 0.000000 212.003677 0.160421 0.987049 0.000000 13.486450 0.000000 0.000000 1.000000 0.000000
0.987565 -0.157209 0.000000 214.054092 0.157209 0.987565 0.000000 13.874606 0.000000 0.000000 1.000000 0.000000
0.987943 -0.154817 0.000000 216.130768 0.154817 0.987943 0.000000 14.215035 0.000000 0.000000 1.000000 0.000000
0.987763 -0.155965 0.000000 218.171692 0.155965 0.987763 0.000000 14.535093 0.000000 0.000000 1.000000 0.000000
0.987452 -0.157922 0.000000 220.236847 0.157922 0.987452 0.000000 14.862996 0.000000 0.000000 1.000000 0.000000
0.987452 -0.157920 0.000000 222.224258 0.157920 0.987452 0.000000 15.188195 0.000000 0.000000 1.000000 0.000000
0.986936 -0.161115 0.000000 224.344406 0.161115 0.986936 0.000000 15.464805 0.000000 0.000000 1.000000 0.000000
0.987655 -0.156646 0.000000 226.405273 0.156646 0.987655 0.000000 15.761186 0.000000 0.000000 1.000000 0.000000
0.987170 -0.159672 0.000000 228.325699 0.159672 0.987170 0.000000 16.085783 0.000000 0.000000 1.000000 0.000000
0.987168 -0.159682 0.000000 230.379028 0.159682 0.987168 0.000000 16.376766 0.000000 0.000000 1.000000 0.000000
0.986734 -0.162345 0.000000 232.363556 0.162345 0.986734 0.000000 16.720119 0.000000 0.000000 1.000000 0.000000
0.985837 -0.167709 0.000000 234.391891 0.167709 0.985837 0.000000 17.002876 0.000000 0.000000 1.000000 0.000000
0.984926 -0.172977 0.000000 236.355209 0.172977 0.984926 0.000000 17.370565 0.000000 0.000000 1.000000 0.000000
0.984804 -0.173668 0.000000 238.196732 0.173668 0.984804 0.000000 17.714407 0.000000 0.000000 1.000000 0.000000
0.984011 -0.178108 0.000000 240.150345 0.178108 0.984011 0.000000 18.040159 0.000000 0.000000 1.000000 0.000000
0.983502 -0.180898 0.000000 242.170135 0.180898 0.983502 0.000000 18.404406 0.000000 0.000000 1.000000 0.000000
0.983645 -0.180121 0.000000 244.081039 0.180121 0.983645 0.000000 18.734850 0.000000 0.000000 1.000000 0.000000
0.982878 -0.184258 0.000000 245.909180 0.184258 0.982878 0.000000 19.024763 0.000000 0.000000 1.000000 0.000000
0.982291 -0.187362 0.000000 247.754532 0.187362 0.982291 0.000000 19.415659 0.000000 0.000000 1.000000 0.000000
0.981927 -0.189258 0.000000 249.693298 0.189258 0.981927 0.000000 19.816605 0.000000 0.000000 1.000000 0.000000
0.981885 -0.189477 0.000000 251.468826 0.189477 0.981885 0.000000 20.145367 0.000000 0.000000 1.000000 0.000000
0.981397 -0.191987 0.000000 253.326874 0.191987 0.981397 0.000000 20.508739 0.000000 0.000000 1.000000 0.000000
0.981152 -0.193237 0.000000 255.243729 0.193237 0.981152 0.000000 20.870924 0.000000 0.000000 1.000000 0.000000
0.980562 -0.196211 0.000000 257.077606 0.196211 0.980562 0.000000 21.163702 0.000000 0.000000 1.000000 0.000000
0.980230 -0.197863 0.000000 259.072662 0.197863 0.980230 0.000000 21.589071 0.000000 0.000000 1.000000 0.000000
0.980479 -0.196626 0.000000 260.760834 0.196626 0.980479 0.000000 21.960226 0.000000 0.000000 1.000000 0.000000
0.980291 -0.197558 0.000000 262.499512 0.197558 0.980291 0.000000 22.307756 0.000000 0.000000 1.000000 0.000000
0.979055 -0.203594 0.000000 264.299072 0.203594 0.979055 0.000000 22.685921 0.000000 0.000000 1.000000 0.000000
0.979565 -0.201126 0.000000 266.415741 0.201126 0.979565 0.000000 23.029720 0.000000 0.000000 1.000000 0.000000
0.980191 -0.198056 0.000000 267.920258 0.198056 0.980191 0.000000 23.368513 0.000000 0.000000 1.000000 0.000000
0.981007 -0.193974 0.000000 269.735168 0.193974 0.981007 0.000000 23.743101 0.000000 0.000000 1.000000 0.000000
0.982417 -0.186698 0.000000 271.593719 0.186698 0.982417 0.000000 24.033010 0.000000 0.000000 1.000000 0.000000
0.982361 -0.186995 0.000000 273.338379 0.186995 0.982361 0.000000 24.403111 0.000000 0.000000 1.000000 0.000000
0.983409 -0.181403 0.000000 275.244354 0.181403 0.983409 0.000000 24.708214 0.000000 0.000000 1.000000 0.000000
0.984048 -0.177902 0.000000 277.110138 0.177902 0.984048 0.000000 24.969202 0.000000 0.000000 1.000000 0.000000
0.985363 -0.170471 0.000000 278.948730 0.170471 0.985363 0.000000 25.309244 0.000000 0.000000 1.000000 0.000000
0.985983 -0.166846 0.000000 280.733521 0.166846 0.985983 0.000000 25.577875 0.000000 0.000000 1.000000 0.000000
0.987046 -0.160439 0.000000 282.656403 0.160439 0.987046 0.000000 25.944931 0.000000 0.000000 1.000000 0.000000
0.987577 -0.157137 0.000000 284.519196 0.157137 0.987577 0.000000 26.231552 0.000000 0.000000 1.000000 0.000000
0.988600 -0.150563 0.000000 286.356110 0.150563 0.988600 0.000000 26.542721 0.000000 0.000000 1.000000 0.000000
0.988618 -0.150449 0.000000 288.355499 0.150449 0.988618 0.000000 26.810125 0.000000 0.000000 1.000000 0.000000
0.989411 -0.145144 0.000000 290.138062 0.145144 0.989411 0.000000 27.001507 0.000000 0.000000 1.000000 0.000000
0.989935 -0.141521 0.000000 292.106659 0.141521 0.989935 0.000000 27.301027 0.000000 0.000000 1.000000 0.000000
0.990600 -0.136787 0.000000 294.001190 0.136787 0.990600 0.000000 27.553602 0.000000 0.000000 1.000000 0.000000
0.991522 -0.129936 0.000000 295.966919 0.129936 0.991522 0.000000 27.768236 0.000000 0.000000 1.000000 0.000000
0.992050 -0.125846 0.000000 298.007172 0.125846 0.992050 0.000000 28.022991 0.000000 0.000000 1.000000 0.000000
0.992547 -0.121863 0.000000 300.045319 0.121863 0.992547 0.000000 28.273129 0.000000 0.000000 1.000000 0.000000
0.993049 -0.117704 0.000000 302.039581 0.117704 0.993049 0.000000 28.505468 0.000000 0.000000 1.000000 0.000000
0.993434 -0.114406 0.000000 304.134735 0.114406 0.993434 0.000000 28.776764 0.000000 0.000000 1.000000 0.000000
0.993481 -0.113998 0.000000 306.274719 0.113998 0.993481 0.000000 28.972721 0.000000 0.000000 1.000000 0.000000
0.993644 -0.112564 0.000000 308.401459 0.112564 0.993644 0.000000 29.180288 0.000000 0.000000 1.000000 0.000000
0.993014 -0.117997 0.000000 310.305603 0.117997 0.993014 0.000000 29.433540 0.000000 0.000000 1.000000 0.000000
0.993270 -0.115825 0.000000 312.547882 0.115825 0.993270 0.000000 29.624916 0.000000 0.000000 1.000000 0.000000
0.993580 -0.113135 0.000000 314.583221 0.113135 0.993580 0.000000 29.816105 0.000000 0.000000 1.000000 0.000000
0.993440 -0.114354 0.000000 316.763000 0.114354 0.993440 0.000000 30.128820 0.000000 0.000000 1.000000 0.000000
0.993832 -0.110892 0.000000 318.896942 0.110892 0.993832 0.000000 30.291548 0.000000 0.000000 1.000000 0.000000
0.994114 -0.108338 0.000000 321.057007 0.108338 0.994114 0.000000 30.517576 0.000000 0.000000 1.000000 0.000000
0.994468 -0.105041 0.000000 323.216736 0.105041 0.994468 0.000000 30.733210 0.000000 0.000000 1.000000 0.000000
0.995489 -0.094872 0.000000 325.227905 0.094872 0.995489 0.000000 30.872526 0.000000 0.000000 1.000000 0.000000
0.996076 -0.088498 0.000000 327.181885 0.088498 0.996076 0.000000 31.083128 0.000000 0.000000 1.000000 0.000000
0.997094 -0.076187 0.000000 329.270172 0.076187 0.997094 0.000000 31.255003 0.000000 0.000000 1.000000 0.000000
0.998083 -0.061892 0.000000 331.365540 0.061892 0.998083 0.000000 31.174921 0.000000 0.000000 1.000000 0.000000
0.998640 -0.052144 0.000000 333.550415 0.052144 0.998640 0.000000 31.374178 0.000000 0.000000 1.000000 0.000000
0.998927 -0.046322 0.000000 335.679993 0.046322 0.998927 0.000000 31.587013 0.000000 0.000000 1.000000 0.000000
0.999370 -0.035499 0.000000 337.781982 0.035499 0.999370 0.000000 31.501093 0.000000 0.000000 1.000000 0.000000
0.999756 -0.022069 0.000000 339.878357 0.022069 0.999756 0.000000 31.524788 0.000000 0.000000 1.000000 0.000000
0.999873 -0.015932 0.000000 341.833801 0.015932 0.999873 0.000000 31.642984 0.000000 0.000000 1.000000 0.000000
0.999793 -0.020326 0.000000 344.239075 0.020326 0.999793 0.000000 31.597172 0.000000 0.000000 1.000000 0.000000
0.999839 -0.017965 0.000000 346.268768 0.017965 0.999839 0.000000 31.615488 0.000000 0.000000 1.000000 0.000000
0.999908 -0.013562 0.000000 348.404419 0.013562 0.999908 0.000000 31.691418 0.000000 0.000000 1.000000 0.000000
0.999907 -0.013624 0.000000 350.495941 0.013624 0.999907 0.000000 31.599550 0.000000 0.000000 1.000000 0.000000
0.999884 -0.015230 0.000000 352.711273 0.015230 0.999884 0.000000 31.645555 0.000000 0.000000 1.000000 0.000000
0.999903 -0.013914 0.000000 354.857910 0.013914 0.999903 0.000000 31.802090 0.000000 0.000000 1.000000 0.000000
0.999924 -0.012297 0.000000 357.009430 0.012297 0.999924 0.000000 31.756899 0.000000 0.000000 1.000000 0.000000
0.999851 -0.017242 0.000000 359.221558 0.017242 0.999851 0.000000 31.891329 0.000000 0.000000 1.000000 0.000000
0.999787 -0.020632 0.000000 361.460419 0.020632 0.999787 0.000000 31.878029 0.000000 0.000000 1.000000 0.000000
0.999723 -0.023524 0.000000 363.667297 0.023524 0.999723 0.000000 31.967445 0.000000 0.000000 1.000000 0.000000
0.999621 -0.027522 0.000000 365.814423 0.027522 0.999621 0.000000 31.991230 0.000000 0.000000 1.000000 0.000000
0.999518 -0.031057 0.000000 367.997925 0.031057 0.999518 0.000000 32.058605 0.000000 0.000000 1.000000 0.000000
0.999279 -0.037964 0.000000 370.158142 0.037964 0.999279 0.000000 32.035973 0.000000 0.000000 1.000000 0.000000
0.999171 -0.040712 0.000000 372.364716 0.040712 0.999171 0.000000 32.169132 0.000000 0.000000 1.000000 0.000000
0.999231 -0.039208 0.000000 374.480591 0.039208 0.999231 0.000000 32.271442 0.000000 0.000000 1.000000 0.000000
0.998679 -0.051383 0.000000 376.682312 0.051383 0.998679 0.000000 32.314938 0.000000 0.000000 1.000000 0.000000
0.998392 -0.056685 0.000000 378.934174 0.056685 0.998392 0.000000 32.515263 0.000000 0.000000 1.000000 0.000000
0.998673 -0.051500 0.000000 381.148315 0.051500 0.998673 0.000000 32.659626 0.000000 0.000000 1.000000 0.000000
0.998134 -0.061069 0.000000 383.300385 0.061069 0.998134 0.000000 32.788818 0.000000 0.000000 1.000000 0.000000
0.998243 -0.059248 0.000000 385.334045 0.059248 0.998243 0.000000 32.856663 0.000000 0.000000 1.000000 0.000000
0.998174 -0.060399 0.000000 387.449615 0.060399 0.998174 0.000000 33.066711 0.000000 0.000000 1.000000 0.000000
0.997946 -0.064060 0.000000 389.538879 0.064060 0.997946 0.000000 33.178677 0.000000 0.000000 1.000000 0.000000
0.998095 -0.061701 0.000000 391.680939 0.061701 0.998095 0.000000 33.208542 0.000000 0.000000 1.000000 0.000000
0.998026 -0.062802 0.000000 393.729584 0.062802 0.998026 0.000000 33.318459 0.000000 0.000000 1.000000 0.000000
0.998112 -0.061416 0.000000 395.903748 0.061416 0.998112 0.000000 33.465332 0.000000 0.000000 1.000000 0.000000
0.998026 -0.062808 0.000000 398.138245 0.062808 0.998026 0.000000 33.587265 0.000000 0.000000 1.000000 0.000000
0.997577 -0.069573 0.000000 400.145782 0.069573 0.997577 0.000000 33.631802 0.000000 0.000000 1.000000 0.000000
0.997456 -0.071289 0.000000 402.239075 0.071289 0.997456 0.000000 33.881054 0.000000 0.000000 1.000000 0.000000
0.997524 -0.070320 0.000000 404.288605 0.070320 0.997524 0.000000 33.968742 0.000000 0.000000 1.000000 0.000000
0.997088 -0.076256 0.000000 406.294098 0.076256 0.997088 0.000000 34.091652 0.000000 0.000000 1.000000 0.000000
0.996834 -0.079509 0.000000 408.285736 0.079509 0.996834 0.000000 34.252445 0.000000 0.000000 1.000000 0.000000
0.997058 -0.076651 0.000000 410.297058 0.076651 0.997058 0.000000 34.411777 0.000000 0.000000 1.000000 0.000000
0.996656 -0.081712 0.000000 412.239014 0.081712 0.996656 0.000000 34.581200 0.000000 0.000000 1.000000 0.000000
0.996808 -0.079839 0.000000 414.348969 0.079839 0.996808 0.000000 34.704762 0.000000 0.000000 1.000000 0.000000
0.996987 -0.077575 0.000000 416.201355 0.077575 0.996987 0.000000 34.888870 0.000000 0.000000 1.000000 0.000000
0.996816 -0.079732 0.000000 417.987183 0.079732 0.996816 0.000000 34.994740 0.000000 0.000000 1.000000 0.000000
0.996734 -0.080750 0.000000 419.732910 0.080750 0.996734 0.000000 35.152245 0.000000 0.000000 1.000000 0.000000
0.996820 -0.079689 0.000000 421.528229 0.079689 0.996820 0.000000 35.328262 0.000000 0.000000 1.000000 0.000000
0.997079 -0.076381 0.000000 423.080475 0.076381 0.997079 0.000000 35.377106 0.000000 0.000000 1.000000 0.000000
0.996738 -0.080705 0.000000 424.652832 0.080705 0.996738 0.000000 35.510437 0.000000 0.000000 1.000000 0.000000
0.996534 -0.083189 0.000000 426.210236 0.083189 0.996534 0.000000 35.626789 0.000000 0.000000 1.000000 0.000000
0.996795 -0.079993 0.000000 427.777405 0.079993 0.996795 0.000000 35.693409 0.000000 0.000000 1.000000 0.000000
0.996810 -0.079814 0.000000 429.312622 0.079814 0.996810 0.000000 35.860088 0.000000 0.000000 1.000000 0.000000
0.996918 -0.078453 0.000000 430.692200 0.078453 0.996918 0.000000 35.921085 0.000000 0.000000 1.000000 0.000000
0.997401 -0.072050 0.000000 431.894958 0.072050 0.997401 0.000000 35.965168 0.000000 0.000000 1.000000 0.000000
0.997471 -0.071073 0.000000 433.074066 0.071073 0.997471 0.000000 36.150955 0.000000 0.000000 1.000000 0.000000
0.997956 -0.063905 0.000000 434.185181 0.063905 0.997956 0.000000 36.177444 0.000000 0.000000 1.000000 0.000000
0.998519 -0.054410 0.000000 435.228546 0.054410 0.998519 0.000000 36.215633 0.000000 0.000000 1.000000 0.000000
0.999324 -0.036770 0.000000 436.299438 0.036770 0.999324 0.000000 36.222172 0.000000 0.000000 1.000000 0.000000
0.999986 -0.005207 0.000000 437.285126 0.005207 0.999986 0.000000 36.271328 0.000000 0.000000 1.000000 0.000000
0.999345 0.036174 0.000000 438.179596 -0.036174 0.999345 -0.000000 36.202354 -0.000000 0.000000 1.000000 0.000000
0.996896 0.078728 0.000000 439.168091 -0.078728 0.996896 -0.000000 36.076370 -0.000000 0.000000 1.000000 0.000000
0.992394 0.123102 0.000000 440.123688 -0.123102 0.992394 -0.000000 35.921551 -0.000000 0.000000 1.000000 0.000000
0.983012 0.183540 0.000000 440.928925 -0.183540 0.983012 -0.000000 35.733482 -0.000000 0.000000 1.000000 0.000000
0.967253 0.253814 0.000000 441.832031 -0.253814 0.967253 -0.000000 35.459412 -0.000000 0.000000 1.000000 0.000000
0.944454 0.328643 0.000000 442.720764 -0.328643 0.944454 -0.000000 35.062523 -0.000000 0.000000 1.000000 0.000000
0.917727 0.397212 0.000000 443.482544 -0.397212 0.917727 -0.000000 34.683746 -0.000000 0.000000 1.000000 0.000000
0.885997 0.463691 0.000000 444.242218 -0.463691 0.885997 -0.000000 34.205685 -0.000000 0.000000 1.000000 0.000000
0.850462 0.526036 0.000000 444.970001 -0.526036 0.850462 -0.000000 33.690121 -0.000000 0.000000 1.000000 0.000000
0.809085 0.587692 0.000000 445.537048 -0.587692 0.809085 -0.000000 33.209457 -0.000000 0.000000 1.000000 0.000000
0.768051 0.640389 0.000000 446.027313 -0.640389 0.768051 -0.000000 32.698502 -0.000000 0.000000 1.000000 0.000000
0.722776 0.691082 0.000000 446.570374 -0.691082 0.722776 -0.000000 32.249836 -0.000000 0.000000 1.000000 0.000000
0.680071 0.733146 0.000000 446.824951 -0.733146 0.680071 -0.000000 31.753139 -0.000000 0.000000 1.000000 0.000000
0.642313 0.766442 0.000000 447.066559 -0.766442 0.642313 -0.000000 31.427006 -0.000000 0.000000 1.000000 0.000000
0.611643 0.791134 0.000000 447.235870 -0.791134 0.611643 -0.000000 31.162857 -0.000000 0.000000 1.000000 0.000000
0.586793 0.809737 0.000000 447.249237 -0.809737 0.586793 -0.000000 30.949659 -0.000000 0.000000 1.000000 0.000000
0.573365 0.819300 0.000000 447.326416 -0.819300 0.573365 -0.000000 30.840788 -0.000000 0.000000 1.000000 0.000000
