1.000000 0.000038 0.000000 -0.001429 -0.000038 1.000000 -0.000000 -0.002029 -0.000000 0.000000 1.000000 0.000000
1.000000 0.000023 0.000000 -0.000599 -0.000023 1.000000 -0.000000 -0.001265 -0.000000 0.000000 1.000000 0.000000
1.000000 0.000001 0.000000 -0.007737 -0.000001 1.000000 -0.000000 0.000080 -0.000000 0.000000 1.000000 0.000000
1.000000 0.000082 0.000000 -0.006512 -0.000082 1.000000 -0.000000 -0.000407 -0.000000 0.000000 1.000000 0.000000
1.000000 0.000013 0.000000 -0.004169 -0.000013 1.000000 -0.000000 -0.001665 -0.000000 0.000000 1.000000 0.000000
1.000000 -0.000048 0.000000 0.002808 0.000048 1.000000 0.000000 -0.007092 0.000000 0.000000 1.000000 0.000000
1.000000 -0.000045 0.000000 0.002266 0.000045 1.000000 0.000000 -0.008578 0.000000 0.000000 1.000000 0.000000
1.000000 -0.000052 0.000000 0.002596 0.000052 1.000000 0.000000 -0.009580 0.000000 0.000000 1.000000 0.000000
1.000000 -0.000029 0.000000 0.003765 0.000029 1.000000 0.000000 -0.010589 0.000000 0.000000 1.000000 0.000000
1.000000 -0.000046 0.000000 0.009566 0.000046 1.000000 0.000000 -0.008595 0.000000 0.000000 1.000000 0.000000
1.000000 -0.000075 0.000000 0.000409 0.000075 1.000000 0.000000 -0.006383 0.000000 0.000000 1.000000 0.000000
1.000000 -0.000025 0.000000 0.001953 0.000025 1.000000 0.000000 -0.010071 0.000000 0.000000 1.000000 0.000000
1.000000 -0.000046 0.000000 0.011558 0.000046 1.000000 0.000000 -0.007719 0.000000 0.000000 1.000000 0.000000
1.000000 -0.000021 0.000000 -0.000482 0.000021 1.000000 0.000000 -0.009859 0.000000 0.000000 1.000000 0.000000
1.000000 0.000017 0.000000 -0.001694 -0.000017 1.000000 -0.000000 -0.008539 -0.000000 0.000000 1.000000 0.000000
1.000000 0.000060 0.000000 -0.009047 -0.000060 1.000000 -0.000000 -0.008606 -0.000000 0.000000 1.000000 0.000000
1.000000 -0.000002 0.000000 -0.006949 0.000002 1.000000 0.000000 -0.006773 0.000000 0.000000 1.000000 0.000000
1.000000 0.000036 0.000000 -0.005916 -0.000036 1.000000 -0.000000 -0.009161 -0.000000 0.000000 1.000000 0.000000
1.000000 0.000055 0.000000 0.001690 -0.000055 1.000000 -0.000000 -0.006898 -0.000000 0.000000 1.000000 0.000000
1.000000 0.000068 0.000000 0.003771 -0.000068 1.000000 -0.000000 -0.012901 -0.000000 0.000000 1.000000 0.000000
1.000000 0.000027 0.000000 0.001889 -0.000027 1.000000 -0.000000 -0.009774 -0.000000 0.000000 1.000000 0.000000
1.000000 0.000074 0.000000 -0.000771 -0.000074 1.000000 -0.000000 -0.011660 -0.000000 0.000000 1.000000 0.000000
1.000000 0.000031 0.000000 0.002689 -0.000031 1.000000 -0.000000 -0.010466 -0.000000 0.000000 1.000000 0.000000
1.000000 0.000125 0.000000 0.000148 -0.000125 1.000000 -0.000000 -0.017422 -0.000000 0.000000 1.000000 0.000000
1.000000 0.000139 0.000000 0.001060 -0.000139 1.000000 -0.000000 -0.018363 -0.000000 0.000000 1.000000 0.000000
1.000000 0.000178 0.000000 -0.000652 -0.000178 1.000000 -0.000000 -0.021114 -0.000000 0.000000 1.000000 0.000000
1.000000 0.000160 0.000000 0.003612 -0.000160 1.000000 -0.000000 -0.020233 -0.000000 0.000000 1.000000 0.000000
1.000000 0.000158 0.000000 -0.001835 -0.000158 1.000000 -0.000000 -0.020463 -0.000000 0.000000 1.000000 0.000000
1.000000 0.000148 0.000000 -0.001647 -0.000148 1.000000 -0.000000 -0.019046 -0.000000 0.000000 1.000000 0.000000
1.000000 0.000124 0.000000 0.012337 -0.000124 1.000000 -0.000000 -0.016375 -0.000000 0.000000 1.000000 0.000000
1.000000 0.000158 0.000000 -0.002238 -0.000158 1.000000 -0.000000 -0.019963 -0.000000 0.000000 1.000000 0.000000
1.000000 0.000156 0.000000 0.002527 -0.000156 1.000000 -0.000000 -0.020375 -0.000000 0.000000 1.000000 0.000000
1.000000 0.000153 0.000000 -0.000025 -0.000153 1.000000 -0.000000 -0.020237 -0.000000 0.000000 1.000000 0.000000
1.000000 0.000166 0.000000 0.000964 -0.000166 1.000000 -0.000000 -0.021325 -0.000000 0.000000 1.000000 0.000000
1.000000 0.000179 0.000000 -0.001848 -0.000179 1.000000 -0.000000 -0.022162 -0.000000 0.000000 1.000000 0.000000
1.000000 0.000172 0.000000 -0.003278 -0.000172 1.000000 -0.000000 -0.021619 -0.000000 0.000000 1.000000 0.000000
1.000000 0.000177 0.000000 -0.003914 -0.000177 1.000000 -0.000000 -0.020576 -0.000000 0.000000 1.000000 0.000000
1.000000 0.000166 0.000000 0.000434 -0.000166 1.000000 -0.000000 -0.021730 -0.000000 0.000000 1.000000 0.000000
1.000000 0.000168 0.000000 -0.000455 -0.000168 1.000000 -0.000000 -0.021644 -0.000000 0.000000 1.000000 0.000000
1.000000 0.000195 0.000000 -0.011473 -0.000195 1.000000 -0.000000 -0.025452 -0.000000 0.000000 1.000000 0.000000
1.000000 0.000172 0.000000 0.001864 -0.000172 1.000000 -0.000000 -0.022344 -0.000000 0.000000 1.000000 0.000000
1.000000 0.000176 0.000000 -0.003238 -0.000176 1.000000 -0.000000 -0.021394 -0.000000 0.000000 1.000000 0.000000
1.000000 0.000175 0.000000 -0.012273 -0.000175 1.000000 -0.000000 -0.021957 -0.000000 0.000000 1.000000 0.000000
1.000000 0.000177 0.000000 -0.001063 -0.000177 1.000000 -0.000000 -0.020731 -0.000000 0.000000 1.000000 0.000000
1.000000 0.000186 0.000000 -0.009329 -0.000186 1.000000 -0.000000 -0.021847 -0.000000 0.000000 1.000000 0.000000
1.000000 0.000166 0.000000 0.000673 -0.000166 1.000000 -0.000000 -0.020391 -0.000000 0.000000 1.000000 0.000000
1.000000 0.000192 0.000000 0.001228 -0.000192 1.000000 -0.000000 -0.022126 -0.000000 0.000000 1.000000 0.000000
1.000000 0.000182 0.000000 0.000098 -0.000182 1.000000 -0.000000 -0.022031 -0.000000 0.000000 1.000000 0.000000
1.000000 0.000162 0.000000 0.001990 -0.000162 1.000000 -0.000000 -0.022554 -0.000000 0.000000 1.000000 0.000000
1.000000 0.000202 0.000000 -0.003857 -0.000202 1.000000 -0.000000 -0.022811 -0.000000 0.000000 1.000000 0.000000
1.000000 0.000155 0.000000 -0.000279 -0.000155 1.000000 -0.000000 -0.021263 -0.000000 0.000000 1.000000 0.000000
1.000000 0.000112 0.000000 0.003149 -0.000112 1.000000 -0.000000 -0.018587 -0.000000 0.000000 1.000000 0.000000
1.000000 0.000136 0.000000 -0.000522 -0.000136 1.000000 -0.000000 -0.020441 -0.000000 0.000000 1.000000 0.000000
1.000000 0.000149 0.000000 -0.007776 -0.000149 1.000000 -0.000000 -0.020575 -0.000000 0.000000 1.000000 0.000000
1.000000 0.000084 0.000000 -0.002707 -0.000084 1.000000 -0.000000 -0.018191 -0.000000 0.000000 1.000000 0.000000
1.000000 0.000100 0.000000 -0.014175 -0.000100 1.000000 -0.000000 -0.026567 -0.000000 0.000000 1.000000 0.000000
1.000000 0.000258 0.000000 -0.012843 -0.000258 1.000000 -0.000000 -0.022529 -0.000000 0.000000 1.000000 0.000000
1.000000 0.000136 0.000000 -0.002788 -0.000136 1.000000 -0.000000 -0.022126 -0.000000 0.000000 1.000000 0.000000
1.000000 0.000220 0.000000 -0.006792 -0.000220 1.000000 -0.000000 -0.026925 -0.000000 0.000000 1.000000 0.000000
1.000000 0.000138 0.000000 -0.010808 -0.000138 1.000000 -0.000000 -0.022614 -0.000000 0.000000 1.000000 0.000000
1.000000 0.000152 0.000000 -0.013361 -0.000152 1.000000 -0.000000 -0.024133 -0.000000 0.000000 1.000000 0.000000
1.000000 0.000119 0.000000 -0.016578 -0.000119 1.000000 -0.000000 -0.022214 -0.000000 0.000000 1.000000 0.000000
1.000000 0.000058 0.000000 0.012280 -0.000058 1.000000 -0.000000 -0.016310 -0.000000 0.000000 1.000000 0.000000
0.999994 -0.003543 0.000000 0.097300 0.003543 0.999994 0.000000 -0.058130 0.000000 0.000000 1.000000 0.000000
0.999848 -0.017433 0.000000 0.589211 0.017433 0.999848 0.000000 -0.019636 0.000000 0.000000 1.000000 0.000000
0.999035 -0.043913 0.000000 1.635079 0.043913 0.999035 0.000000 0.055956 0.000000 0.000000 1.000000 0.000000
0.996685 -0.081352 0.000000 3.245025 0.081352 0.996685 0.000000 0.233599 0.000000 0.000000 1.000000 0.000000
0.994623 -0.103558 0.000000 4.887757 0.103558 0.994623 0.000000 0.404368 0.000000 0.000000 1.000000 0.000000
0.994328 -0.106354 0.000000 9.973863 0.106354 0.994328 0.000000 0.934105 0.000000 0.000000 1.000000 0.000000
0.994460 -0.105117 0.000000 11.636608 0.105117 0.994460 0.000000 1.112789 0.000000 0.000000 1.000000 0.000000
0.995401 -0.095795 0.000000 15.068545 0.095795 0.995401 0.000000 1.411633 0.000000 0.000000 1.000000 0.000000
0.996067 -0.088602 0.000000 19.133810 0.088602 0.996067 0.000000 1.719455 0.000000 0.000000 1.000000 0.000000
0.996908 -0.078574 0.000000 23.327225 0.078574 0.996908 0.000000 2.060720 0.000000 0.000000 1.000000 0.000000
0.997788 -0.066476 0.000000 27.513886 0.066476 0.997788 0.000000 2.283845 0.000000 0.000000 1.000000 0.000000
0.998270 -0.058788 0.000000 32.306450 0.058788 0.998270 0.000000 2.569306 0.000000 0.000000 1.000000 0.000000
0.998469 -0.055322 0.000000 36.886588 0.055322 0.998469 0.000000 2.822090 0.000000 0.000000 1.000000 0.000000
0.998914 -0.046591 0.000000 41.829290 0.046591 0.998914 0.000000 3.056090 0.000000 0.000000 1.000000 0.000000
0.999745 -0.022580 0.000000 50.920478 0.022580 0.999745 0.000000 3.217151 0.000000 0.000000 1.000000 0.000000
0.999751 -0.022326 0.000000 53.262118 0.022326 0.999751 0.000000 3.244202 0.000000 0.000000 1.000000 0.000000
0.999639 -0.026850 0.000000 57.754987 0.026850 0.999639 0.000000 3.410534 0.000000 0.000000 1.000000 0.000000
0.999065 -0.043232 0.000000 62.290981 0.043232 0.999065 0.000000 3.494693 0.000000 0.000000 1.000000 0.000000
0.998699 -0.050992 0.000000 66.859403 0.050992 0.998699 0.000000 3.633090 0.000000 0.000000 1.000000 0.000000
0.997926 -0.064365 0.000000 71.162354 0.064365 0.997926 0.000000 3.993911 0.000000 0.000000 1.000000 0.000000
0.996415 -0.084606 0.000000 75.699162 0.084606 0.996415 0.000000 4.230176 0.000000 0.000000 1.000000 0.000000
0.995262 -0.097234 0.000000 80.418560 0.097234 0.995262 0.000000 4.611626 0.000000 0.000000 1.000000 0.000000
0.996129 -0.087908 0.000000 84.978513 0.087908 0.996129 0.000000 5.108850 0.000000 0.000000 1.000000 0.000000
0.999551 -0.029974 0.000000 94.951624 0.029974 0.999551 0.000000 5.505749 0.000000 0.000000 1.000000 0.000000
0.999667 -0.025821 0.000000 97.632123 0.025821 0.999667 0.000000 5.585155 0.000000 0.000000 1.000000 0.000000
0.999731 -0.023202 0.000000 102.979542 0.023202 0.999731 0.000000 5.601500 0.000000 0.000000 1.000000 0.000000
0.999511 -0.031278 0.000000 108.229470 0.031278 0.999511 0.000000 5.766367 0.000000 0.000000 1.000000 0.000000
0.999415 -0.034187 0.000000 113.885089 0.034187 0.999415 0.000000 5.881701 0.000000 0.000000 1.000000 0.000000
0.999252 -0.038665 0.000000 119.080306 0.038665 0.999252 0.000000 5.967733 0.000000 0.000000 1.000000 0.000000
0.998868 -0.047577 0.000000 124.607567 0.047577 0.998868 0.000000 6.482797 0.000000 0.000000 1.000000 0.000000
0.998987 -0.045004 0.000000 129.768103 0.045004 0.998987 0.000000 6.630580 0.000000 0.000000 1.000000 0.000000
0.998572 -0.053415 0.000000 134.986700 0.053415 0.998572 0.000000 6.870903 0.000000 0.000000 1.000000 0.000000
0.998095 -0.061700 0.000000 145.570758 0.061700 0.998095 0.000000 7.398999 0.000000 0.000000 1.000000 0.000000
0.997916 -0.064528 0.000000 148.214031 0.064528 0.997916 0.000000 7.543460 0.000000 0.000000 1.000000 0.000000
0.997525 -0.070319 0.000000 153.534958 0.070319 0.997525 0.000000 7.843110 0.000000 0.000000 1.000000 0.000000
0.996873 -0.079026 0.000000 158.831112 0.079026 0.996873 0.000000 8.218452 0.000000 0.000000 1.000000 0.000000
0.996861 -0.079173 0.000000 164.046005 0.079173 0.996861 0.000000 8.521168 0.000000 0.000000 1.000000 0.000000
0.996628 -0.082049 0.000000 169.377070 0.082049 0.996628 0.000000 9.008367 0.000000 0.000000 1.000000 0.000000
0.996568 -0.082780 0.000000 174.460255 0.082780 0.996568 0.000000 9.373107 0.000000 0.000000 1.000000 0.000000
0.995942 -0.089995 0.000000 179.626584 0.089995 0.995942 0.000000 9.992795 0.000000 0.000000 1.000000 0.000000
0.995487 -0.094893 0.000000 184.706768 0.094893 0.995487 0.000000 10.448800 0.000000 0.000000 1.000000 0.000000
0.994567 -0.104096 0.000000 194.640805 0.104096 0.994567 0.000000 11.359917 0.000000 0.000000 1.000000 0.000000
0.993929 -0.110021 0.000000 197.108509 0.110021 0.993929 0.000000 11.642576 0.000000 0.000000 1.000000 0.000000
0.991045 -0.133525 0.000000 201.959491 0.133525 0.991045 0.000000 12.253726 0.000000 0.000000 1.000000 0.000000
0.988395 -0.151907 0.000000 206.505684 0.151907 0.988395 0.000000 12.901530 0.000000 0.000000 1.000000 0.000000
0.986011 -0.166681 0.000000 211.041594 0.166681 0.986011 0.000000 13.637371 0.000000 0.000000 1.000000 0.000000
0.985090 -0.172038 0.000000 215.484779 0.172038 0.985090 0.000000 14.396713 0.000000 0.000000 1.000000 0.000000
0.983536 -0.180710 0.000000 219.832996 0.180710 0.983536 0.000000 15.250593 0.000000 0.000000 1.000000 0.000000
0.981668 -0.190598 0.000000 224.154845 0.190598 0.981668 0.000000 15.986135 0.000000 0.000000 1.000000 0.000000
0.978787 -0.204881 0.000000 228.396967 0.204881 0.978787 0.000000 16.902883 0.000000 0.000000 1.000000 0.000000
0.973750 -0.227620 0.000000 236.546496 0.227620 0.973750 0.000000 18.812084 0.000000 0.000000 1.000000 0.000000
0.972968 -0.230940 0.000000 238.574857 0.230940 0.972968 0.000000 19.350298 0.000000 0.000000 1.000000 0.000000
0.977022 -0.213139 0.000000 242.646744 0.213139 0.977022 0.000000 20.192101 0.000000 0.000000 1.000000 0.000000
0.981889 -0.189457 0.000000 246.755731 0.189457 0.981889 0.000000 21.032333 0.000000 0.000000 1.000000 0.000000
0.985801 -0.167920 0.000000 250.883174 0.167920 0.985801 0.000000 21.735396 0.000000 0.000000 1.000000 0.000000
0.988413 -0.151790 0.000000 255.086553 0.151790 0.988413 0.000000 22.325401 0.000000 0.000000 1.000000 0.000000
0.988452 -0.151532 0.000000 259.344832 0.151532 0.988452 0.000000 22.929522 0.000000 0.000000 1.000000 0.000000
0.988252 -0.152832 0.000000 263.724799 0.152832 0.988252 0.000000 23.622548 0.000000 0.000000 1.000000 0.000000
0.987677 -0.156506 0.000000 268.246510 0.156506 0.987677 0.000000 24.360772 0.000000 0.000000 1.000000 0.000000
0.987379 -0.158377 0.000000 277.415803 0.158377 0.987379 0.000000 25.619627 0.000000 0.000000 1.000000 0.000000
0.987840 -0.155477 0.000000 279.730396 0.155477 0.987840 0.000000 25.977610 0.000000 0.000000 1.000000 0.000000
0.987800 -0.155730 0.000000 284.149639 0.155730 0.987800 0.000000 26.652513 0.000000 0.000000 1.000000 0.000000
0.989085 -0.147349 0.000000 288.563606 0.147349 0.989085 0.000000 27.260229 0.000000 0.000000 1.000000 0.000000
0.989396 -0.145243 0.000000 293.156445 0.145243 0.989396 0.000000 27.815159 0.000000 0.000000 1.000000 0.000000
0.991140 -0.132820 0.000000 297.410828 0.132820 0.991140 0.000000 28.415690 0.000000 0.000000 1.000000 0.000000
0.991507 -0.130052 0.000000 301.787899 0.130052 0.991507 0.000000 28.907228 0.000000 0.000000 1.000000 0.000000
0.992615 -0.121304 0.000000 306.037506 0.121304 0.992615 0.000000 29.481035 0.000000 0.000000 1.000000 0.000000
0.992743 -0.120255 0.000000 310.407191 0.120255 0.992743 0.000000 30.009173 0.000000 0.000000 1.000000 0.000000
0.994331 -0.106329 0.000000 319.005632 0.106329 0.994331 0.000000 30.963848 0.000000 0.000000 1.000000 0.000000
0.994193 -0.107610 0.000000 321.170693 0.107610 0.994193 0.000000 31.169438 0.000000 0.000000 1.000000 0.000000
0.995141 -0.098456 0.000000 325.541184 0.098456 0.995141 0.000000 31.563516 0.000000 0.000000 1.000000 0.000000
0.995088 -0.098992 0.000000 329.869697 0.098992 0.995088 0.000000 32.036493 0.000000 0.000000 1.000000 0.000000
0.995439 -0.095399 0.000000 334.390263 0.095399 0.995439 0.000000 32.365832 0.000000 0.000000 1.000000 0.000000
0.994564 -0.104125 0.000000 338.856715 0.104125 0.994564 0.000000 32.855343 0.000000 0.000000 1.000000 0.000000
0.995255 -0.097296 0.000000 343.491614 0.097296 0.995255 0.000000 33.245088 0.000000 0.000000 1.000000 0.000000
0.995471 -0.095065 0.000000 347.908102 0.095065 0.995471 0.000000 33.789661 0.000000 0.000000 1.000000 0.000000
0.996142 -0.087751 0.000000 352.548920 0.087751 0.996142 0.000000 34.073193 0.000000 0.000000 1.000000 0.000000
0.998866 -0.047605 0.000000 362.141915 0.047605 0.998866 0.000000 34.805819 0.000000 0.000000 1.000000 0.000000
0.999072 -0.043076 0.000000 364.611173 0.043076 0.999072 0.000000 34.937694 0.000000 0.000000 1.000000 0.000000
0.999737 -0.022921 0.000000 369.362653 0.022921 0.999737 0.000000 34.911216 0.000000 0.000000 1.000000 0.000000
0.999907 -0.013618 0.000000 374.192976 0.013618 0.999907 0.000000 34.932898 0.000000 0.000000 1.000000 0.000000
0.999831 -0.018365 0.000000 379.296167 0.018365 0.999831 0.000000 35.011743 0.000000 0.000000 1.000000 0.000000
0.999814 -0.019275 0.000000 384.220507 0.019275 0.999814 0.000000 35.058873 0.000000 0.000000 1.000000 0.000000
0.999452 -0.033116 0.000000 389.156986 0.033116 0.999452 0.000000 35.205065 0.000000 0.000000 1.000000 0.000000
0.998786 -0.049261 0.000000 394.040476 0.049261 0.998786 0.000000 35.409555 0.000000 0.000000 1.000000 0.000000
0.997817 -0.066044 0.000000 399.058366 0.066044 0.997817 0.000000 35.709661 0.000000 0.000000 1.000000 0.000000
0.997510 -0.070531 0.000000 408.482688 0.070531 0.997510 0.000000 36.254782 0.000000 0.000000 1.000000 0.000000
0.997359 -0.072625 0.000000 410.747491 0.072625 0.997359 0.000000 36.370099 0.000000 0.000000 1.000000 0.000000
0.997091 -0.076223 0.000000 415.197964 0.076223 0.997091 0.000000 36.693771 0.000000 0.000000 1.000000 0.000000
0.996314 -0.085777 0.000000 419.264073 0.085777 0.996314 0.000000 37.049206 0.000000 0.000000 1.000000 0.000000
0.995637 -0.093309 0.000000 423.304205 0.093309 0.995637 0.000000 37.298773 0.000000 0.000000 1.000000 0.000000
0.994783 -0.102015 0.000000 426.935722 0.102015 0.994783 0.000000 37.705776 0.000000 0.000000 1.000000 0.000000
0.995603 -0.093676 0.000000 430.449431 0.093676 0.995603 0.000000 37.961057 0.000000 0.000000 1.000000 0.000000
0.997544 -0.070040 0.000000 433.572767 0.070040 0.997544 0.000000 38.197877 0.000000 0.000000 1.000000 0.000000
0.999999 0.001166 0.000000 436.366020 -0.001166 0.999999 -0.000000 38.271382 -0.000000 0.000000 1.000000 0.000000
0.966390 0.257079 0.000000 440.852481 -0.257079 0.966390 -0.000000 37.294085 -0.000000 0.000000 1.000000 0.000000
0.945719 0.324985 0.000000 441.842993 -0.324985 0.945719 -0.000000 36.852701 -0.000000 0.000000 1.000000 0.000000
0.890453 0.455075 0.000000 443.447906 -0.455075 0.890453 -0.000000 36.020654 -0.000000 0.000000 1.000000 0.000000
0.816129 0.577870 0.000000 444.838541 -0.577870 0.816129 -0.000000 34.929027 -0.000000 0.000000 1.000000 0.000000
0.702871 0.711318 0.000000 445.897130 -0.711318 0.702871 -0.000000 33.811788 -0.000000 0.000000 1.000000 0.000000
0.552567 0.833468 0.000000 446.903327 -0.833468 0.552567 -0.000000 32.490741 -0.000000 0.000000 1.000000 0.000000
0.374759 0.927122 0.000000 447.405354 -0.927122 0.374759 -0.000000 30.919605 -0.000000 0.000000 1.000000 0.000000
0.145456 0.989365 0.000000 447.549311 -0.989365 0.145456 -0.000000 29.264880 -0.000000 0.000000 1.000000 0.000000
-0.105311 0.994439 0.000000 447.328736 -0.994439 -0.105311 -0.000000 27.364302 -0.000000 0.000000 1.000000 0.000000
-0.559508 0.828825 0.000000 445.321719 -0.828825 -0.559508 -0.000000 23.550531 -0.000000 0.000000 1.000000 0.000000
-0.646986 0.762502 0.000000 444.463020 -0.762502 -0.646986 -0.000000 22.681354 -0.000000 0.000000 1.000000 0.000000
-0.784622 0.619974 0.000000 442.265955 -0.619974 -0.784622 -0.000000 20.892744 -0.000000 0.000000 1.000000 0.000000
-0.850736 0.525593 0.000000 439.690893 -0.525593 -0.850736 -0.000000 19.244926 -0.000000 0.000000 1.000000 0.000000
-0.878594 0.477570 0.000000 436.527381 -0.477570 -0.878594 -0.000000 17.660140 -0.000000 0.000000 1.000000 0.000000
-0.882278 0.470729 0.000000 433.093702 -0.470729 -0.882278 -0.000000 15.725212 -0.000000 0.000000 1.000000 0.000000
-0.882615 0.470097 0.000000 429.328852 -0.470097 -0.882615 -0.000000 13.577266 -0.000000 0.000000 1.000000 0.000000
-0.887200 0.461385 0.000000 425.326234 -0.461385 -0.887200 -0.000000 11.623459 -0.000000 0.000000 1.000000 0.000000
-0.885250 0.465116 0.000000 420.890995 -0.465116 -0.885250 -0.000000 9.288356 -0.000000 0.000000 1.000000 0.000000
-0.887751 0.460324 0.000000 411.808003 -0.460324 -0.887751 -0.000000 4.456910 -0.000000 0.000000 1.000000 0.000000
-0.889587 0.456765 0.000000 409.360386 -0.456765 -0.889587 -0.000000 3.228583 -0.000000 0.000000 1.000000 0.000000
-0.891808 0.452413 0.000000 404.710449 -0.452413 -0.891808 -0.000000 0.894892 -0.000000 0.000000 1.000000 0.000000
-0.897460 0.441096 0.000000 400.072017 -0.441096 -0.897460 -0.000000 -1.451705 -0.000000 0.000000 1.000000 0.000000
-0.895441 0.445180 0.000000 395.554662 -0.445180 -0.895441 -0.000000 -3.621081 -0.000000 0.000000 1.000000 0.000000
-0.896046 0.443962 0.000000 391.337641 -0.443962 -0.896046 -0.000000 -5.713058 -0.000000 0.000000 1.000000 0.000000
-0.897359 0.441302 0.000000 387.323803 -0.441302 -0.897359 -0.000000 -7.849588 -0.000000 0.000000 1.000000 0.000000
-0.894995 0.446075 0.000000 383.645235 -0.446075 -0.894995 -0.000000 -9.602190 -0.000000 0.000000 1.000000 0.000000
-0.899197 0.437544 0.000000 379.978309 -0.437544 -0.899197 -0.000000 -11.337167 -0.000000 0.000000 1.000000 0.000000
-0.899740 0.436427 0.000000 374.082740 -0.436427 -0.899740 -0.000000 -14.201725 -0.000000 0.000000 1.000000 0.000000
-0.900688 0.434467 0.000000 372.777186 -0.434467 -0.900688 -0.000000 -14.923033 -0.000000 0.000000 1.000000 0.000000
-0.902838 0.429981 0.000000 370.232859 -0.429981 -0.902838 -0.000000 -15.985048 -0.000000 0.000000 1.000000 0.000000
-0.903550 0.428483 0.000000 367.638672 -0.428483 -0.903550 -0.000000 -17.255909 -0.000000 0.000000 1.000000 0.000000
-0.905133 0.425129 0.000000 364.960768 -0.425129 -0.905133 -0.000000 -18.546751 -0.000000 0.000000 1.000000 0.000000
-0.904224 0.427059 0.000000 362.034789 -0.427059 -0.904224 -0.000000 -19.851862 -0.000000 0.000000 1.000000 0.000000
-0.904457 0.426564 0.000000 358.824904 -0.426564 -0.904457 -0.000000 -21.317127 -0.000000 0.000000 1.000000 0.000000
-0.903983 0.427569 0.000000 355.430765 -0.427569 -0.903983 -0.000000 -22.928749 -0.000000 0.000000 1.000000 0.000000
-0.904347 0.426798 0.000000 351.767504 -0.426798 -0.904347 -0.000000 -24.553845 -0.000000 0.000000 1.000000 0.000000
-0.911550 0.411190 0.000000 343.956173 -0.411190 -0.911550 -0.000000 -28.194616 -0.000000 0.000000 1.000000 0.000000
-0.914100 0.405489 0.000000 341.919206 -0.405489 -0.914100 -0.000000 -29.131481 -0.000000 0.000000 1.000000 0.000000
-0.923247 0.384207 0.000000 337.647040 -0.384207 -0.923247 -0.000000 -30.902137 -0.000000 0.000000 1.000000 0.000000
-0.930425 0.366481 0.000000 333.343285 -0.366481 -0.930425 -0.000000 -32.771784 -0.000000 0.000000 1.000000 0.000000
-0.941969 0.335699 0.000000 328.625553 -0.335699 -0.941969 -0.000000 -34.457472 -0.000000 0.000000 1.000000 0.000000
-0.951569 0.307435 0.000000 323.733326 -0.307435 -0.951569 -0.000000 -36.034463 -0.000000 0.000000 1.000000 0.000000
-0.959269 0.282493 0.000000 318.611701 -0.282493 -0.959269 -0.000000 -37.483798 -0.000000 0.000000 1.000000 0.000000
-0.961975 0.273138 0.000000 313.415011 -0.273138 -0.961975 -0.000000 -39.002407 -0.000000 0.000000 1.000000 0.000000
-0.957658 0.287907 0.000000 308.037789 -0.287907 -0.957658 -0.000000 -40.488337 -0.000000 0.000000 1.000000 0.000000
-0.943604 0.331076 0.000000 297.217788 -0.331076 -0.943604 -0.000000 -43.999675 -0.000000 0.000000 1.000000 0.000000
-0.940739 0.339131 0.000000 294.445758 -0.339131 -0.940739 -0.000000 -44.991233 -0.000000 0.000000 1.000000 0.000000
-0.933028 0.359804 0.000000 288.773665 -0.359804 -0.933028 -0.000000 -47.105569 -0.000000 0.000000 1.000000 0.000000
-0.934470 0.356042 0.000000 283.046123 -0.356042 -0.934470 -0.000000 -49.305084 -0.000000 0.000000 1.000000 0.000000
-0.931443 0.363886 0.000000 277.406076 -0.363886 -0.931443 -0.000000 -51.498609 -0.000000 0.000000 1.000000 0.000000
-0.927736 0.373238 0.000000 271.630699 -0.373238 -0.927736 -0.000000 -53.612645 -0.000000 0.000000 1.000000 0.000000
-0.922883 0.385081 0.000000 265.946455 -0.385081 -0.922883 -0.000000 -55.966129 -0.000000 0.000000 1.000000 0.000000
-0.921318 0.388811 0.000000 260.403206 -0.388811 -0.921318 -0.000000 -58.237147 -0.000000 0.000000 1.000000 0.000000
-0.923466 0.383680 0.000000 254.730451 -0.383680 -0.923466 -0.000000 -60.464433 -0.000000 0.000000 1.000000 0.000000
-0.916962 0.398975 0.000000 244.253569 -0.398975 -0.916962 -0.000000 -65.239078 -0.000000 0.000000 1.000000 0.000000
-0.914448 0.404703 0.000000 241.633176 -0.404703 -0.914448 -0.000000 -66.322713 -0.000000 0.000000 1.000000 0.000000
-0.909364 0.416001 0.000000 236.480726 -0.416001 -0.909364 -0.000000 -68.614579 -0.000000 0.000000 1.000000 0.000000
-0.911439 0.411436 0.000000 231.356867 -0.411436 -0.911439 -0.000000 -70.911569 -0.000000 0.000000 1.000000 0.000000
-0.909333 0.416068 0.000000 226.175091 -0.416068 -0.909333 -0.000000 -73.279553 -0.000000 0.000000 1.000000 0.000000
-0.911193 0.411981 0.000000 221.285343 -0.411981 -0.911193 -0.000000 -75.519479 -0.000000 0.000000 1.000000 0.000000
-0.908085 0.418787 0.000000 216.247879 -0.418787 -0.908085 -0.000000 -77.905960 -0.000000 0.000000 1.000000 0.000000
-0.907730 0.419555 0.000000 211.343199 -0.419555 -0.907730 -0.000000 -80.193898 -0.000000 0.000000 1.000000 0.000000
-0.909055 0.416677 0.000000 206.554925 -0.416677 -0.909055 -0.000000 -82.435494 -0.000000 0.000000 1.000000 0.000000
-0.916332 0.400419 0.000000 197.012855 -0.400419 -0.916332 -0.000000 -86.777524 -0.000000 0.000000 1.000000 0.000000
-0.916345 0.400391 0.000000 194.720426 -0.400391 -0.916345 -0.000000 -87.831467 -0.000000 0.000000 1.000000 0.000000
-0.918882 0.394532 0.000000 190.241383 -0.394532 -0.918882 -0.000000 -89.781289 -0.000000 0.000000 1.000000 0.000000
-0.919394 0.393338 0.000000 185.517433 -0.393338 -0.919394 -0.000000 -91.694739 -0.000000 0.000000 1.000000 0.000000
-0.914366 0.404889 0.000000 181.058709 -0.404889 -0.914366 -0.000000 -93.699788 -0.000000 0.000000 1.000000 0.000000
-0.912490 0.409098 0.000000 176.529616 -0.409098 -0.912490 -0.000000 -95.524721 -0.000000 0.000000 1.000000 0.000000
-0.908452 0.417989 0.000000 172.188787 -0.417989 -0.908452 -0.000000 -97.586030 -0.000000 0.000000 1.000000 0.000000
-0.908024 0.418919 0.000000 167.783701 -0.418919 -0.908024 -0.000000 -99.511271 -0.000000 0.000000 1.000000 0.000000
-0.909843 0.414952 0.000000 163.517034 -0.414952 -0.909843 -0.000000 -101.410292 -0.000000 0.000000 1.000000 0.000000
-0.912844 0.408309 0.000000 155.323816 -0.408309 -0.912844 -0.000000 -105.095034 -0.000000 0.000000 1.000000 0.000000
-0.912239 0.409658 0.000000 153.281001 -0.409658 -0.912239 -0.000000 -105.974893 -0.000000 0.000000 1.000000 0.000000
-0.916281 0.400536 0.000000 149.359637 -0.400536 -0.916281 -0.000000 -107.648289 -0.000000 0.000000 1.000000 0.000000
-0.921078 0.389379 0.000000 145.589218 -0.389379 -0.921078 -0.000000 -109.250694 -0.000000 0.000000 1.000000 0.000000
-0.922670 0.385591 0.000000 142.005457 -0.385591 -0.922670 -0.000000 -110.797127 -0.000000 0.000000 1.000000 0.000000
-0.922040 0.387094 0.000000 139.023404 -0.387094 -0.922040 -0.000000 -112.016670 -0.000000 0.000000 1.000000 0.000000
-0.923926 0.382572 0.000000 135.576419 -0.382572 -0.923926 -0.000000 -113.399020 -0.000000 0.000000 1.000000 0.000000
-0.924046 0.382282 0.000000 132.882775 -0.382282 -0.924046 -0.000000 -114.528135 -0.000000 0.000000 1.000000 0.000000
-0.925685 0.378296 0.000000 130.198930 -0.378296 -0.925685 -0.000000 -115.573580 -0.000000 0.000000 1.000000 0.000000
-0.926173 0.377099 0.000000 125.529257 -0.377099 -0.926173 -0.000000 -117.518183 -0.000000 0.000000 1.000000 0.000000
-0.926896 0.375317 0.000000 124.513694 -0.375317 -0.926896 -0.000000 -117.904578 -0.000000 0.000000 1.000000 0.000000
-0.926861 0.375405 0.000000 122.687120 -0.375405 -0.926861 -0.000000 -118.606946 -0.000000 0.000000 1.000000 0.000000
-0.928047 0.372463 0.000000 121.051415 -0.372463 -0.928047 -0.000000 -119.274267 -0.000000 0.000000 1.000000 0.000000
-0.928487 0.371366 0.000000 119.544768 -0.371366 -0.928487 -0.000000 -119.897029 -0.000000 0.000000 1.000000 0.000000
-0.929822 0.368009 0.000000 118.282899 -0.368009 -0.929822 -0.000000 -120.358460 -0.000000 0.000000 1.000000 0.000000
-0.930873 0.365343 0.000000 117.022683 -0.365343 -0.930873 -0.000000 -120.848358 -0.000000 0.000000 1.000000 0.000000
-0.932171 0.362019 0.000000 115.720326 -0.362019 -0.932171 -0.000000 -121.357706 -0.000000 0.000000 1.000000 0.000000
-0.933414 0.358801 0.000000 114.097322 -0.358801 -0.933414 -0.000000 -121.968418 -0.000000 0.000000 1.000000 0.000000
-0.935008 0.354626 0.000000 109.764584 -0.354626 -0.935008 -0.000000 -123.522046 -0.000000 0.000000 1.000000 0.000000
-0.935754 0.352653 0.000000 108.341709 -0.352653 -0.935754 -0.000000 -124.108502 -0.000000 0.000000 1.000000 0.000000
-0.936280 0.351255 0.000000 105.258298 -0.351255 -0.936280 -0.000000 -125.214794 -0.000000 0.000000 1.000000 0.000000
-0.935689 0.352826 0.000000 101.996384 -0.352826 -0.935689 -0.000000 -126.422117 -0.000000 0.000000 1.000000 0.000000
-0.938403 0.345541 0.000000 98.806503 -0.345541 -0.938403 -0.000000 -127.596879 -0.000000 0.000000 1.000000 0.000000
-0.943326 0.331867 0.000000 95.581811 -0.331867 -0.943326 -0.000000 -128.695945 -0.000000 0.000000 1.000000 0.000000
-0.949392 0.314094 0.000000 92.070217 -0.314094 -0.949392 -0.000000 -129.716255 -0.000000 0.000000 1.000000 0.000000
-0.951599 0.307342 0.000000 88.669998 -0.307342 -0.951599 -0.000000 -130.985963 -0.000000 0.000000 1.000000 0.000000
-0.952899 0.303288 0.000000 85.244014 -0.303288 -0.952899 -0.000000 -131.985756 -0.000000 0.000000 1.000000 0.000000
-0.952679 0.303979 0.000000 78.417947 -0.303979 -0.952679 -0.000000 -133.978605 -0.000000 0.000000 1.000000 0.000000
-0.950323 0.311264 0.000000 76.814449 -0.311264 -0.950323 -0.000000 -134.522700 -0.000000 0.000000 1.000000 0.000000
-0.937113 0.349027 0.000000 73.632691 -0.349027 -0.937113 -0.000000 -135.788797 -0.000000 0.000000 1.000000 0.000000
-0.907146 0.420816 0.000000 70.578899 -0.420816 -0.907146 -0.000000 -136.848130 -0.000000 0.000000 1.000000 0.000000
-0.843022 0.537879 0.000000 68.144336 -0.537879 -0.843022 -0.000000 -138.554957 -0.000000 0.000000 1.000000 0.000000
-0.739335 0.673338 0.000000 66.155100 -0.673338 -0.739335 -0.000000 -140.457677 -0.000000 0.000000 1.000000 0.000000
-0.594041 0.804435 0.000000 64.536930 -0.804435 -0.594041 -0.000000 -142.423702 -0.000000 0.000000 1.000000 0.000000
-0.412232 0.911079 0.000000 63.578504 -0.911079 -0.412232 -0.000000 -144.726049 -0.000000 0.000000 1.000000 0.000000
-0.187153 0.982331 0.000000 62.932872 -0.982331 -0.187153 -0.000000 -147.243870 -0.000000 0.000000 1.000000 0.000000
0.258245 0.966080 0.000000 63.671311 -0.966080 0.258245 -0.000000 -151.996641 -0.000000 0.000000 1.000000 0.000000
0.343581 0.939123 0.000000 64.212493 -0.939123 0.343581 -0.000000 -153.219715 -0.000000 0.000000 1.000000 0.000000
0.486982 0.873412 0.000000 65.491348 -0.873412 0.486982 -0.000000 -155.696434 -0.000000 0.000000 1.000000 0.000000
0.603896 0.797063 0.000000 67.189407 -0.797063 0.603896 -0.000000 -157.946966 -0.000000 0.000000 1.000000 0.000000
0.698809 0.715308 0.000000 69.243911 -0.715308 0.698809 -0.000000 -160.100587 -0.000000 0.000000 1.000000 0.000000
0.771267 0.636512 0.000000 71.612960 -0.636512 0.771267 -0.000000 -162.169456 -0.000000 0.000000 1.000000 0.000000
0.845813 0.533480 0.000000 74.354073 -0.533480 0.845813 -0.000000 -163.923873 -0.000000 0.000000 1.000000 0.000000
0.909898 0.414833 0.000000 77.314958 -0.414833 0.909898 -0.000000 -165.393605 -0.000000 0.000000 1.000000 0.000000
0.960200 0.279313 0.000000 80.735851 -0.279313 0.960200 -0.000000 -166.546231 -0.000000 0.000000 1.000000 0.000000
0.999854 0.017094 0.000000 87.917418 -0.017094 0.999854 -0.000000 -167.294212 -0.000000 0.000000 1.000000 0.000000
0.999050 -0.043582 0.000000 89.865052 0.043582 0.999050 0.000000 -167.194037 0.000000 0.000000 1.000000 0.000000
0.993551 -0.113382 0.000000 93.694095 0.113382 0.993551 0.000000 -166.727181 0.000000 0.000000 1.000000 0.000000
0.991744 -0.128235 0.000000 97.677083 0.128235 0.991744 0.000000 -166.531179 0.000000 0.000000 1.000000 0.000000
0.988398 -0.151884 0.000000 101.749693 0.151884 0.988398 0.000000 -165.634661 0.000000 0.000000 1.000000 0.000000
0.990578 -0.136951 0.000000 106.071414 0.136951 0.990578 0.000000 -165.204273 0.000000 0.000000 1.000000 0.000000
0.990749 -0.135707 0.000000 110.348768 0.135707 0.990749 0.000000 -164.660304 0.000000 0.000000 1.000000 0.000000
0.992217 -0.124522 0.000000 114.590269 0.124522 0.992217 0.000000 -164.073458 0.000000 0.000000 1.000000 0.000000
0.993426 -0.114474 0.000000 118.755170 0.114474 0.993426 0.000000 -163.679839 0.000000 0.000000 1.000000 0.000000
0.996423 -0.084510 0.000000 127.515278 0.084510 0.996423 0.000000 -162.908163 0.000000 0.000000 1.000000 0.000000
0.997004 -0.077352 0.000000 129.721562 0.077352 0.997004 0.000000 -162.694231 0.000000 0.000000 1.000000 0.000000
0.997647 -0.068565 0.000000 134.157509 0.068565 0.997647 0.000000 -162.489297 0.000000 0.000000 1.000000 0.000000
0.997923 -0.064415 0.000000 138.758696 0.064415 0.997923 0.000000 -162.094934 0.000000 0.000000 1.000000 0.000000
0.998714 -0.050705 0.000000 143.329178 0.050705 0.998714 0.000000 -161.900259 0.000000 0.000000 1.000000 0.000000
0.999303 -0.037337 0.000000 147.927400 0.037337 0.999303 0.000000 -161.744169 0.000000 0.000000 1.000000 0.000000
0.999618 -0.027623 0.000000 152.653079 0.027623 0.999618 0.000000 -161.643414 0.000000 0.000000 1.000000 0.000000
0.999869 -0.016179 0.000000 157.397379 0.016179 0.999869 0.000000 -161.602375 0.000000 0.000000 1.000000 0.000000
0.999990 -0.004542 0.000000 162.143256 0.004542 0.999990 0.000000 -161.511174 0.000000 0.000000 1.000000 0.000000
0.999661 0.026032 0.000000 171.662995 -0.026032 0.999661 -0.000000 -161.557774 -0.000000 0.000000 1.000000 0.000000
0.999456 0.032992 0.000000 174.048253 -0.032992 0.999456 -0.000000 -161.678563 -0.000000 0.000000 1.000000 0.000000
0.998454 0.055577 0.000000 178.851612 -0.055577 0.998454 -0.000000 -161.968522 -0.000000 0.000000 1.000000 0.000000
0.997547 0.070002 0.000000 183.894668 -0.070002 0.997547 -0.000000 -162.351162 -0.000000 0.000000 1.000000 0.000000
0.995340 0.096432 0.000000 188.746556 -0.096432 0.995340 -0.000000 -162.809748 -0.000000 0.000000 1.000000 0.000000
0.993073 0.117497 0.000000 193.609289 -0.117497 0.993073 -0.000000 -163.445580 -0.000000 0.000000 1.000000 0.000000
0.991246 0.132030 0.000000 198.391136 -0.132030 0.991246 -0.000000 -164.065471 -0.000000 0.000000 1.000000 0.000000
0.990026 0.140886 0.000000 203.253788 -0.140886 0.990026 -0.000000 -164.678309 -0.000000 0.000000 1.000000 0.000000
0.987407 0.158202 0.000000 208.157264 -0.158202 0.987407 -0.000000 -165.565209 -0.000000 0.000000 1.000000 0.000000
0.984972 0.172713 0.000000 218.255603 -0.172713 0.984972 -0.000000 -167.156569 -0.000000 0.000000 1.000000 0.000000
0.985007 0.172513 0.000000 220.678888 -0.172513 0.985007 -0.000000 -167.645731 -0.000000 0.000000 1.000000 0.000000
0.984420 0.175835 0.000000 225.642857 -0.175835 0.984420 -0.000000 -168.573875 -0.000000 0.000000 1.000000 0.000000
0.983448 0.181190 0.000000 230.537546 -0.181190 0.983448 -0.000000 -169.473316 -0.000000 0.000000 1.000000 0.000000
0.983341 0.181768 0.000000 235.497743 -0.181768 0.983341 -0.000000 -170.403849 -0.000000 0.000000 1.000000 0.000000
0.982045 0.188648 0.000000 240.208889 -0.188648 0.982045 -0.000000 -171.335293 -0.000000 0.000000 1.000000 0.000000
0.981366 0.192147 0.000000 244.928698 -0.192147 0.981366 -0.000000 -172.268218 -0.000000 0.000000 1.000000 0.000000
0.979122 0.203274 0.000000 249.567373 -0.203274 0.979122 -0.000000 -173.213100 -0.000000 0.000000 1.000000 0.000000
0.978847 0.204595 0.000000 254.233618 -0.204595 0.978847 -0.000000 -174.295188 -0.000000 0.000000 1.000000 0.000000
0.977090 0.212826 0.000000 263.421481 -0.212826 0.977090 -0.000000 -176.371909 -0.000000 0.000000 1.000000 0.000000
0.976063 0.217489 0.000000 265.708554 -0.217489 0.976063 -0.000000 -176.964865 -0.000000 0.000000 1.000000 0.000000
0.974777 0.223180 0.000000 270.236028 -0.223180 0.974777 -0.000000 -177.942532 -0.000000 0.000000 1.000000 0.000000
0.973567 0.228403 0.000000 274.822965 -0.228403 0.973567 -0.000000 -179.082648 -0.000000 0.000000 1.000000 0.000000
0.970369 0.241628 0.000000 279.343845 -0.241628 0.970369 -0.000000 -180.150115 -0.000000 0.000000 1.000000 0.000000
0.965495 0.260421 0.000000 283.860421 -0.260421 0.965495 -0.000000 -181.454419 -0.000000 0.000000 1.000000 0.000000
0.962843 0.270061 0.000000 288.639702 -0.270061 0.962843 -0.000000 -182.722670 -0.000000 0.000000 1.000000 0.000000
0.960448 0.278458 0.000000 293.238030 -0.278458 0.960448 -0.000000 -184.102383 -0.000000 0.000000 1.000000 0.000000
0.956199 0.292717 0.000000 297.790067 -0.292717 0.956199 -0.000000 -185.502675 -0.000000 0.000000 1.000000 0.000000
0.948263 0.317486 0.000000 306.903998 -0.317486 0.948263 -0.000000 -188.425343 -0.000000 0.000000 1.000000 0.000000
0.946146 0.323741 0.000000 309.215726 -0.323741 0.946146 -0.000000 -189.289479 -0.000000 0.000000 1.000000 0.000000
0.938365 0.345647 0.000000 314.000842 -0.345647 0.938365 -0.000000 -190.925054 -0.000000 0.000000 1.000000 0.000000
0.931352 0.364119 0.000000 318.637048 -0.364119 0.931352 -0.000000 -192.752797 -0.000000 0.000000 1.000000 0.000000
0.924650 0.380818 0.000000 323.239444 -0.380818 0.924650 -0.000000 -194.618744 -0.000000 0.000000 1.000000 0.000000
0.918711 0.394931 0.000000 327.908977 -0.394931 0.918711 -0.000000 -196.639847 -0.000000 0.000000 1.000000 0.000000
0.914209 0.405243 0.000000 332.484567 -0.405243 0.914209 -0.000000 -198.680286 -0.000000 0.000000 1.000000 0.000000
0.912202 0.409742 0.000000 337.133402 -0.409742 0.912202 -0.000000 -200.804218 -0.000000 0.000000 1.000000 0.000000
0.910345 0.413851 0.000000 341.821912 -0.413851 0.910345 -0.000000 -202.900623 -0.000000 0.000000 1.000000 0.000000
0.913938 0.405854 0.000000 350.616135 -0.405854 0.913938 -0.000000 -206.869704 -0.000000 0.000000 1.000000 0.000000
0.916734 0.399499 0.000000 352.728807 -0.399499 0.916734 -0.000000 -207.863227 -0.000000 0.000000 1.000000 0.000000
0.924159 0.382007 0.000000 357.198524 -0.382007 0.924159 -0.000000 -209.731634 -0.000000 0.000000 1.000000 0.000000
0.933222 0.359301 0.000000 361.693967 -0.359301 0.933222 -0.000000 -211.457066 -0.000000 0.000000 1.000000 0.000000
0.940086 0.340938 0.000000 366.060818 -0.340938 0.940086 -0.000000 -213.087935 -0.000000 0.000000 1.000000 0.000000
0.950437 0.310917 0.000000 370.456394 -0.310917 0.950437 -0.000000 -214.624738 -0.000000 0.000000 1.000000 0.000000
0.964250 0.264995 0.000000 374.948343 -0.264995 0.964250 -0.000000 -215.900387 -0.000000 0.000000 1.000000 0.000000
0.977168 0.212468 0.000000 379.483081 -0.212468 0.977168 -0.000000 -217.019686 -0.000000 0.000000 1.000000 0.000000
0.988430 0.151680 0.000000 384.159254 -0.151680 0.988430 -0.000000 -217.701698 -0.000000 0.000000 1.000000 0.000000
0.999926 0.012162 0.000000 393.601925 -0.012162 0.999926 -0.000000 -218.428302 -0.000000 0.000000 1.000000 0.000000
0.999878 -0.015595 0.000000 395.994801 0.015595 0.999878 0.000000 -218.453864 0.000000 0.000000 1.000000 0.000000
0.998574 -0.053387 0.000000 400.861565 0.053387 0.998574 0.000000 -218.305898 0.000000 0.000000 1.000000 0.000000
0.995403 -0.095777 0.000000 405.852081 0.095777 0.995403 0.000000 -217.743033 0.000000 0.000000 1.000000 0.000000
0.992133 -0.125187 0.000000 410.436534 0.125187 0.992133 0.000000 -217.442144 0.000000 0.000000 1.000000 0.000000
0.987416 -0.158144 0.000000 415.309781 0.158144 0.987416 0.000000 -216.706576 0.000000 0.000000 1.000000 0.000000
0.984571 -0.174985 0.000000 419.892634 0.174985 0.984571 0.000000 -216.018635 0.000000 0.000000 1.000000 0.000000
0.982847 -0.184425 0.000000 424.357683 0.184425 0.982847 0.000000 -215.184538 0.000000 0.000000 1.000000 0.000000
0.982706 -0.185174 0.000000 429.148688 0.185174 0.982706 0.000000 -214.318434 0.000000 0.000000 1.000000 0.000000
0.979773 -0.200114 0.000000 437.696913 0.200114 0.979773 0.000000 -212.611326 0.000000 0.000000 1.000000 0.000000
0.979281 -0.202504 0.000000 439.811546 0.202504 0.979281 0.000000 -212.174678 0.000000 0.000000 1.000000 0.000000
0.979071 -0.203521 0.000000 443.999010 0.203521 0.979071 0.000000 -211.239919 0.000000 0.000000 1.000000 0.000000
