1.000000 -0.000222 0.000000 0.004379 0.000222 1.000000 0.000000 0.011263 0.000000 0.000000 1.000000 0.000000
1.000000 0.000020 0.000000 0.002866 -0.000020 1.000000 -0.000000 -0.008042 -0.000000 0.000000 1.000000 0.000000
1.000000 -0.000192 0.000000 0.008824 0.000192 1.000000 0.000000 0.009807 0.000000 0.000000 1.000000 0.000000
1.000000 0.000049 0.000000 0.001276 -0.000049 1.000000 -0.000000 -0.006153 -0.000000 0.000000 1.000000 0.000000
1.000000 -0.000017 0.000000 0.001876 0.000017 1.000000 0.000000 -0.003311 0.000000 0.000000 1.000000 0.000000
1.000000 -0.000133 0.000000 0.003298 0.000133 1.000000 0.000000 0.004470 0.000000 0.000000 1.000000 0.000000
1.000000 -0.000182 0.000000 0.005860 0.000182 1.000000 0.000000 0.003920 0.000000 0.000000 1.000000 0.000000
1.000000 -0.000322 0.000000 0.007422 0.000322 1.000000 0.000000 0.010892 0.000000 0.000000 1.000000 0.000000
1.000000 -0.000166 0.000000 0.003935 0.000166 1.000000 0.000000 0.005180 0.000000 0.000000 1.000000 0.000000
1.000000 -0.000259 0.000000 0.005690 0.000259 1.000000 0.000000 0.009737 0.000000 0.000000 1.000000 0.000000
1.000000 -0.000152 0.000000 0.004267 0.000152 1.000000 0.000000 0.004546 0.000000 0.000000 1.000000 0.000000
1.000000 -0.000145 0.000000 0.003196 0.000145 1.000000 0.000000 0.004318 0.000000 0.000000 1.000000 0.000000
1.000000 -0.000156 0.000000 0.003763 0.000156 1.000000 0.000000 0.004323 0.000000 0.000000 1.000000 0.000000
1.000000 -0.000149 0.000000 0.003840 0.000149 1.000000 0.000000 0.005053 0.000000 0.000000 1.000000 0.000000
1.000000 -0.000150 0.000000 0.002999 0.000150 1.000000 0.000000 0.004857 0.000000 0.000000 1.000000 0.000000
1.000000 -0.000174 0.000000 0.003223 0.000174 1.000000 0.000000 0.004839 0.000000 0.000000 1.000000 0.000000
1.000000 -0.000163 0.000000 0.003258 0.000163 1.000000 0.000000 0.004916 0.000000 0.000000 1.000000 0.000000
1.000000 -0.000153 0.000000 0.002018 0.000153 1.000000 0.000000 0.004716 0.000000 0.000000 1.000000 0.000000
1.000000 -0.000153 0.000000 0.002639 0.000153 1.000000 0.000000 0.005896 0.000000 0.000000 1.000000 0.000000
1.000000 -0.000166 0.000000 0.001737 0.000166 1.000000 0.000000 0.006198 0.000000 0.000000 1.000000 0.000000
1.000000 -0.000154 0.000000 0.002466 0.000154 1.000000 0.000000 0.004934 0.000000 0.000000 1.000000 0.000000
1.000000 -0.000158 0.000000 0.002167 0.000158 1.000000 0.000000 0.005358 0.000000 0.000000 1.000000 0.000000
1.000000 -0.000161 0.000000 0.002015 0.000161 1.000000 0.000000 0.005434 0.000000 0.000000 1.000000 0.000000
1.000000 -0.000143 0.000000 0.001579 0.000143 1.000000 0.000000 0.004314 0.000000 0.000000 1.000000 0.000000
1.000000 -0.000149 0.000000 0.000481 0.000149 1.000000 0.000000 0.004498 0.000000 0.000000 1.000000 0.000000
1.000000 -0.000150 0.000000 0.000556 0.000150 1.000000 0.000000 0.004597 0.000000 0.000000 1.000000 0.000000
1.000000 -0.000129 0.000000 -0.001032 0.000129 1.000000 0.000000 0.004685 0.000000 0.000000 1.000000 0.000000
1.000000 -0.000142 0.000000 0.002205 0.000142 1.000000 0.000000 0.003923 0.000000 0.000000 1.000000 0.000000
1.000000 -0.000144 0.000000 0.001911 0.000144 1.000000 0.000000 0.004164 0.000000 0.000000 1.000000 0.000000
1.000000 -0.000149 0.000000 0.001416 0.000149 1.000000 0.000000 0.003732 0.000000 0.000000 1.000000 0.000000
1.000000 -0.000140 0.000000 0.001638 0.000140 1.000000 0.000000 0.004043 0.000000 0.000000 1.000000 0.000000
1.000000 -0.000120 0.000000 0.003370 0.000120 1.000000 0.000000 0.002234 0.000000 0.000000 1.000000 0.000000
1.000000 -0.000142 0.000000 0.001501 0.000142 1.000000 0.000000 0.004612 0.000000 0.000000 1.000000 0.000000
1.000000 -0.000047 0.000000 0.000600 0.000047 1.000000 0.000000 0.000279 0.000000 0.000000 1.000000 0.000000
1.000000 -0.000143 0.000000 0.001521 0.000143 1.000000 0.000000 0.004654 0.000000 0.000000 1.000000 0.000000
1.000000 -0.000138 0.000000 0.000549 0.000138 1.000000 0.000000 0.004385 0.000000 0.000000 1.000000 0.000000
1.000000 -0.000131 0.000000 -0.001140 0.000131 1.000000 0.000000 0.005050 0.000000 0.000000 1.000000 0.000000
1.000000 -0.000141 0.000000 0.000443 0.000141 1.000000 0.000000 0.004872 0.000000 0.000000 1.000000 0.000000
1.000000 -0.000188 0.000000 0.002994 0.000188 1.000000 0.000000 0.008489 0.000000 0.000000 1.000000 0.000000
1.000000 -0.000140 0.000000 0.001156 0.000140 1.000000 0.000000 0.005278 0.000000 0.000000 1.000000 0.000000
1.000000 -0.000138 0.000000 0.001475 0.000138 1.000000 0.000000 0.004429 0.000000 0.000000 1.000000 0.000000
1.000000 -0.000133 0.000000 -0.000162 0.000133 1.000000 0.000000 0.005492 0.000000 0.000000 1.000000 0.000000
1.000000 -0.000125 0.000000 -0.000819 0.000125 1.000000 0.000000 0.005835 0.000000 0.000000 1.000000 0.000000
1.000000 -0.000125 0.000000 -0.001613 0.000125 1.000000 0.000000 0.006297 0.000000 0.000000 1.000000 0.000000
1.000000 -0.000126 0.000000 -0.001105 0.000126 1.000000 0.000000 0.006327 0.000000 0.000000 1.000000 0.000000
1.000000 -0.000176 0.000000 0.000122 0.000176 1.000000 0.000000 0.009178 0.000000 0.000000 1.000000 0.000000
1.000000 0.000030 0.000000 -0.002210 -0.000030 1.000000 -0.000000 0.003375 -0.000000 0.000000 1.000000 0.000000
1.000000 -0.000120 0.000000 -0.000243 0.000120 1.000000 0.000000 0.005677 0.000000 0.000000 1.000000 0.000000
1.000000 -0.000177 0.000000 0.014254 0.000177 1.000000 0.000000 0.001507 0.000000 0.000000 1.000000 0.000000
1.000000 -0.000370 0.000000 0.015535 0.000370 1.000000 0.000000 0.013446 0.000000 0.000000 1.000000 0.000000
0.999809 -0.019553 0.000000 0.365564 0.019553 0.999809 0.000000 -0.023602 0.000000 0.000000 1.000000 0.000000
0.999306 -0.037240 0.000000 0.609514 0.037240 0.999306 0.000000 0.008834 0.000000 0.000000 1.000000 0.000000
0.998281 -0.058602 0.000000 1.184933 0.058602 0.998281 0.000000 0.049215 0.000000 0.000000 1.000000 0.000000
0.994710 -0.102723 0.000000 2.165676 0.102723 0.994710 0.000000 0.168460 0.000000 0.000000 1.000000 0.000000
0.989201 -0.146564 0.000000 3.102344 0.146564 0.989201 0.000000 0.355638 0.000000 0.000000 1.000000 0.000000
0.981669 -0.190595 0.000000 4.483631 0.190595 0.981669 0.000000 0.569384 0.000000 0.000000 1.000000 0.000000
0.980458 -0.196726 0.000000 6.204528 0.196726 0.980458 0.000000 0.862176 0.000000 0.000000 1.000000 0.000000
0.983488 -0.180976 0.000000 8.001818 0.180976 0.983488 0.000000 1.113357 0.000000 0.000000 1.000000 0.000000
0.987472 -0.157793 0.000000 10.155491 0.157793 0.987472 0.000000 1.453065 0.000000 0.000000 1.000000 0.000000
0.996938 -0.078192 0.000000 15.193376 0.078192 0.996938 0.000000 1.862933 0.000000 0.000000 1.000000 0.000000
0.998466 -0.055377 0.000000 16.486073 0.055377 0.998466 0.000000 1.896459 0.000000 0.000000 1.000000 0.000000
0.999662 -0.025997 0.000000 18.943045 0.025997 0.999662 0.000000 1.874769 0.000000 0.000000 1.000000 0.000000
0.999832 -0.018309 0.000000 21.763474 0.018309 0.999832 0.000000 2.005935 0.000000 0.000000 1.000000 0.000000
0.999962 -0.008742 0.000000 24.459403 0.008742 0.999962 0.000000 2.017196 0.000000 0.000000 1.000000 0.000000
1.000000 0.000137 0.000000 27.206285 -0.000137 1.000000 -0.000000 1.921104 -0.000000 0.000000 1.000000 0.000000
0.999922 0.012472 0.000000 30.005991 -0.012472 0.999922 -0.000000 1.858607 -0.000000 0.000000 1.000000 0.000000
0.999866 0.016346 0.000000 32.926605 -0.016346 0.999866 -0.000000 1.807462 -0.000000 0.000000 1.000000 0.000000
0.999847 0.017469 0.000000 35.963321 -0.017469 0.999847 -0.000000 1.744542 -0.000000 0.000000 1.000000 0.000000
0.999778 0.021092 0.000000 42.423278 -0.021092 0.999778 -0.000000 1.517029 -0.000000 0.000000 1.000000 0.000000
0.999865 0.016445 0.000000 44.077121 -0.016445 0.999865 -0.000000 1.420107 -0.000000 0.000000 1.000000 0.000000
0.999833 0.018283 0.000000 47.522038 -0.018283 0.999833 -0.000000 1.380247 -0.000000 0.000000 1.000000 0.000000
0.999984 0.005718 0.000000 50.997135 -0.005718 0.999984 -0.000000 1.296989 -0.000000 0.000000 1.000000 0.000000
0.999992 0.004102 0.000000 54.574261 -0.004102 0.999992 -0.000000 1.167801 -0.000000 0.000000 1.000000 0.000000
0.999998 0.002025 0.000000 57.885856 -0.002025 0.999998 -0.000000 1.132843 -0.000000 0.000000 1.000000 0.000000
0.999992 0.004110 0.000000 61.573367 -0.004110 0.999992 -0.000000 1.087640 -0.000000 0.000000 1.000000 0.000000
0.999974 0.007236 0.000000 65.047643 -0.007236 0.999974 -0.000000 0.987586 -0.000000 0.000000 1.000000 0.000000
0.999970 0.007731 0.000000 68.747487 -0.007731 0.999970 -0.000000 0.928107 -0.000000 0.000000 1.000000 0.000000
0.999955 0.009511 0.000000 76.068718 -0.009511 0.999955 -0.000000 0.690372 -0.000000 0.000000 1.000000 0.000000
0.999973 0.007349 0.000000 77.973305 -0.007349 0.999973 -0.000000 0.637314 -0.000000 0.000000 1.000000 0.000000
0.999940 0.010975 0.000000 81.566839 -0.010975 0.999940 -0.000000 0.521898 -0.000000 0.000000 1.000000 0.000000
0.999961 0.008781 0.000000 85.236602 -0.008781 0.999961 -0.000000 0.513498 -0.000000 0.000000 1.000000 0.000000
0.999816 0.019160 0.000000 88.710527 -0.019160 0.999816 -0.000000 0.342409 -0.000000 0.000000 1.000000 0.000000
0.999931 0.011727 0.000000 92.224840 -0.011727 0.999931 -0.000000 0.271680 -0.000000 0.000000 1.000000 0.000000
0.999991 0.004338 0.000000 95.620624 -0.004338 0.999991 -0.000000 0.186803 -0.000000 0.000000 1.000000 0.000000
0.999986 -0.005226 0.000000 99.030307 0.005226 0.999986 0.000000 0.234581 0.000000 0.000000 1.000000 0.000000
0.999860 -0.016721 0.000000 102.457179 0.016721 0.999860 0.000000 0.170405 0.000000 0.000000 1.000000 0.000000
0.999110 -0.042180 0.000000 108.956688 0.042180 0.999110 0.000000 0.333429 0.000000 0.000000 1.000000 0.000000
0.998845 -0.048051 0.000000 110.533228 0.048051 0.998845 0.000000 0.367866 0.000000 0.000000 1.000000 0.000000
0.998494 -0.054862 0.000000 113.584554 0.054862 0.998494 0.000000 0.536097 0.000000 0.000000 1.000000 0.000000
0.998115 -0.061372 0.000000 116.524647 0.061372 0.998115 0.000000 0.628445 0.000000 0.000000 1.000000 0.000000
0.997935 -0.064225 0.000000 119.518821 0.064225 0.997935 0.000000 0.810556 0.000000 0.000000 1.000000 0.000000
0.998045 -0.062492 0.000000 122.479360 0.062492 0.998045 0.000000 0.984615 0.000000 0.000000 1.000000 0.000000
0.998589 -0.053101 0.000000 125.408118 0.053101 0.998589 0.000000 1.134480 0.000000 0.000000 1.000000 0.000000
0.999275 -0.038078 0.000000 128.302925 0.038078 0.999275 0.000000 1.151137 0.000000 0.000000 1.000000 0.000000
0.999750 -0.022370 0.000000 131.121873 0.022370 0.999750 0.000000 1.216551 0.000000 0.000000 1.000000 0.000000
0.999975 -0.007002 0.000000 136.981913 0.007002 0.999975 0.000000 1.255353 0.000000 0.000000 1.000000 0.000000
0.999993 -0.003628 0.000000 138.401661 0.003628 0.999993 0.000000 1.229361 0.000000 0.000000 1.000000 0.000000
0.999951 -0.009932 0.000000 141.475621 0.009932 0.999951 0.000000 1.224858 0.000000 0.000000 1.000000 0.000000
0.999930 -0.011797 0.000000 144.399477 0.011797 0.999930 0.000000 1.186252 0.000000 0.000000 1.000000 0.000000
0.999925 -0.012241 0.000000 147.235108 0.012241 0.999925 0.000000 1.217872 0.000000 0.000000 1.000000 0.000000
0.999853 -0.017160 0.000000 149.896937 0.017160 0.999853 0.000000 1.237274 0.000000 0.000000 1.000000 0.000000
0.999756 -0.022068 0.000000 152.769225 0.022068 0.999756 0.000000 1.242178 0.000000 0.000000 1.000000 0.000000
0.999850 -0.017328 0.000000 155.506014 0.017328 0.999850 0.000000 1.244670 0.000000 0.000000 1.000000 0.000000
0.999782 -0.020896 0.000000 158.473385 0.020896 0.999782 0.000000 1.261751 0.000000 0.000000 1.000000 0.000000
0.999702 -0.024431 0.000000 164.512646 0.024431 0.999702 0.000000 1.309240 0.000000 0.000000 1.000000 0.000000
0.999634 -0.027065 0.000000 166.037531 0.027065 0.999634 0.000000 1.307742 0.000000 0.000000 1.000000 0.000000
0.999551 -0.029973 0.000000 169.274796 0.029973 0.999551 0.000000 1.402973 0.000000 0.000000 1.000000 0.000000
0.999566 -0.029461 0.000000 172.590846 0.029461 0.999566 0.000000 1.421713 0.000000 0.000000 1.000000 0.000000
0.999461 -0.032820 0.000000 175.953715 0.032820 0.999461 0.000000 1.540821 0.000000 0.000000 1.000000 0.000000
0.999292 -0.037632 0.000000 179.515723 0.037632 0.999292 0.000000 1.542869 0.000000 0.000000 1.000000 0.000000
0.999063 -0.043269 0.000000 182.928510 0.043269 0.999063 0.000000 1.632997 0.000000 0.000000 1.000000 0.000000
0.999222 -0.039432 0.000000 186.790650 0.039432 0.999222 0.000000 1.730946 0.000000 0.000000 1.000000 0.000000
0.999066 -0.043205 0.000000 190.273100 0.043205 0.999066 0.000000 1.831165 0.000000 0.000000 1.000000 0.000000
0.999088 -0.042689 0.000000 197.324686 0.042689 0.999088 0.000000 2.154653 0.000000 0.000000 1.000000 0.000000
0.999103 -0.042356 0.000000 199.024274 0.042356 0.999103 0.000000 2.166968 0.000000 0.000000 1.000000 0.000000
0.998784 -0.049304 0.000000 202.105842 0.049304 0.998784 0.000000 2.393234 0.000000 0.000000 1.000000 0.000000
0.998681 -0.051341 0.000000 205.184062 0.051341 0.998681 0.000000 2.470181 0.000000 0.000000 1.000000 0.000000
0.998460 -0.055481 0.000000 208.304112 0.055481 0.998460 0.000000 2.657325 0.000000 0.000000 1.000000 0.000000
0.998559 -0.053670 0.000000 211.379905 0.053670 0.998559 0.000000 2.753134 0.000000 0.000000 1.000000 0.000000
0.999234 -0.039127 0.000000 214.527284 0.039127 0.999234 0.000000 2.848018 0.000000 0.000000 1.000000 0.000000
0.999617 -0.027669 0.000000 217.737795 0.027669 0.999617 0.000000 2.911931 0.000000 0.000000 1.000000 0.000000
0.999852 -0.017230 0.000000 221.126953 0.017230 0.999852 0.000000 2.915653 0.000000 0.000000 1.000000 0.000000
0.998606 -0.052786 0.000000 227.947370 0.052786 0.998606 0.000000 3.130231 0.000000 0.000000 1.000000 0.000000
0.997569 -0.069686 0.000000 229.665200 0.069686 0.997569 0.000000 3.242037 0.000000 0.000000 1.000000 0.000000
0.994783 -0.102016 0.000000 233.182354 0.102016 0.994783 0.000000 3.577481 0.000000 0.000000 1.000000 0.000000
0.993072 -0.117509 0.000000 236.877953 0.117509 0.993072 0.000000 3.897546 0.000000 0.000000 1.000000 0.000000
0.991563 -0.129624 0.000000 240.541147 0.129624 0.991563 0.000000 4.370746 0.000000 0.000000 1.000000 0.000000
0.990527 -0.137320 0.000000 244.211811 0.137320 0.990527 0.000000 4.854799 0.000000 0.000000 1.000000 0.000000
0.989746 -0.142835 0.000000 248.044041 0.142835 0.989746 0.000000 5.357686 0.000000 0.000000 1.000000 0.000000
0.990167 -0.139892 0.000000 252.041745 0.139892 0.990167 0.000000 5.855145 0.000000 0.000000 1.000000 0.000000
0.990437 -0.137967 0.000000 256.158422 0.137967 0.990437 0.000000 6.422596 0.000000 0.000000 1.000000 0.000000
0.990647 -0.136451 0.000000 264.127260 0.136451 0.990647 0.000000 7.448682 0.000000 0.000000 1.000000 0.000000
0.990561 -0.137070 0.000000 266.144800 0.137070 0.990561 0.000000 7.676530 0.000000 0.000000 1.000000 0.000000
0.991071 -0.133335 0.000000 270.093336 0.133335 0.991071 0.000000 8.174522 0.000000 0.000000 1.000000 0.000000
0.990719 -0.135927 0.000000 273.946471 0.135927 0.990719 0.000000 8.687057 0.000000 0.000000 1.000000 0.000000
0.990987 -0.133959 0.000000 277.983620 0.133959 0.990987 0.000000 9.184632 0.000000 0.000000 1.000000 0.000000
0.990940 -0.134302 0.000000 281.734148 0.134302 0.990940 0.000000 9.635132 0.000000 0.000000 1.000000 0.000000
0.990532 -0.137284 0.000000 285.743804 0.137284 0.990532 0.000000 10.189353 0.000000 0.000000 1.000000 0.000000
0.991629 -0.129117 0.000000 289.784321 0.129117 0.991629 0.000000 10.656739 0.000000 0.000000 1.000000 0.000000
0.990671 -0.136276 0.000000 293.877413 0.136276 0.990671 0.000000 11.083547 0.000000 0.000000 1.000000 0.000000
0.992013 -0.126139 0.000000 302.227104 0.126139 0.992013 0.000000 11.981752 0.000000 0.000000 1.000000 0.000000
0.992234 -0.124383 0.000000 304.378829 0.124383 0.992234 0.000000 12.241258 0.000000 0.000000 1.000000 0.000000
0.993845 -0.110776 0.000000 308.753496 0.110776 0.993845 0.000000 12.625070 0.000000 0.000000 1.000000 0.000000
0.993644 -0.112572 0.000000 313.008913 0.112572 0.993644 0.000000 13.209053 0.000000 0.000000 1.000000 0.000000
0.994593 -0.103852 0.000000 317.480751 0.103852 0.994593 0.000000 13.566716 0.000000 0.000000 1.000000 0.000000
0.995618 -0.093512 0.000000 321.801137 0.093512 0.995618 0.000000 13.860316 0.000000 0.000000 1.000000 0.000000
0.995384 -0.095968 0.000000 326.044766 0.095968 0.995384 0.000000 14.302925 0.000000 0.000000 1.000000 0.000000
0.996300 -0.085949 0.000000 330.490881 0.085949 0.996300 0.000000 14.522424 0.000000 0.000000 1.000000 0.000000
0.996309 -0.085838 0.000000 334.835205 0.085838 0.996309 0.000000 14.875089 0.000000 0.000000 1.000000 0.000000
0.996359 -0.085252 0.000000 343.594489 0.085252 0.996359 0.000000 15.385188 0.000000 0.000000 1.000000 0.000000
0.996539 -0.083129 0.000000 345.805512 0.083129 0.996539 0.000000 15.491269 0.000000 0.000000 1.000000 0.000000
0.996147 -0.087701 0.000000 350.240207 0.087701 0.996147 0.000000 15.887283 0.000000 0.000000 1.000000 0.000000
0.996970 -0.077782 0.000000 354.715425 0.077782 0.996970 0.000000 16.154663 0.000000 0.000000 1.000000 0.000000
0.998986 -0.045024 0.000000 358.957793 0.045024 0.998986 0.000000 16.289509 0.000000 0.000000 1.000000 0.000000
0.999812 -0.019414 0.000000 363.312148 0.019414 0.999812 0.000000 16.333590 0.000000 0.000000 1.000000 0.000000
0.999572 0.029251 0.000000 367.762477 -0.029251 0.999572 -0.000000 16.133167 -0.000000 0.000000 1.000000 0.000000
0.998641 0.052126 0.000000 372.011462 -0.052126 0.998641 -0.000000 16.010111 -0.000000 0.000000 1.000000 0.000000
0.997334 0.072967 0.000000 376.334849 -0.072967 0.997334 -0.000000 15.500054 -0.000000 0.000000 1.000000 0.000000
0.998026 0.062802 0.000000 385.018697 -0.062802 0.998026 -0.000000 14.968288 -0.000000 0.000000 1.000000 0.000000
0.998323 0.057889 0.000000 387.218171 -0.057889 0.998323 -0.000000 14.806821 -0.000000 0.000000 1.000000 0.000000
0.999554 0.029878 0.000000 391.587728 -0.029878 0.999554 -0.000000 14.597598 -0.000000 0.000000 1.000000 0.000000
0.999678 0.025363 0.000000 395.994160 -0.025363 0.999678 -0.000000 14.437048 -0.000000 0.000000 1.000000 0.000000
0.999963 0.008587 0.000000 400.386616 -0.008587 0.999963 -0.000000 14.379925 -0.000000 0.000000 1.000000 0.000000
0.999993 -0.003869 0.000000 404.797278 0.003869 0.999993 0.000000 14.131670 0.000000 0.000000 1.000000 0.000000
0.999938 -0.011175 0.000000 409.278740 0.011175 0.999938 0.000000 14.217285 0.000000 0.000000 1.000000 0.000000
0.999905 -0.013790 0.000000 413.691071 0.013790 0.999905 0.000000 14.171984 0.000000 0.000000 1.000000 0.000000
0.999732 -0.023156 0.000000 418.182343 0.023156 0.999732 0.000000 14.362848 0.000000 0.000000 1.000000 0.000000
0.999576 -0.029101 0.000000 427.249353 0.029101 0.999576 0.000000 14.303663 0.000000 0.000000 1.000000 0.000000
0.999530 -0.030653 0.000000 429.285574 0.030653 0.999530 0.000000 14.320918 0.000000 0.000000 1.000000 0.000000
0.999500 -0.031627 0.000000 433.835839 0.031627 0.999500 0.000000 14.389529 0.000000 0.000000 1.000000 0.000000
0.999341 -0.036290 0.000000 438.010727 0.036290 0.999341 0.000000 14.533657 0.000000 0.000000 1.000000 0.000000
0.999287 -0.037758 0.000000 442.045511 0.037758 0.999287 0.000000 14.608863 0.000000 0.000000 1.000000 0.000000
0.999098 -0.042470 0.000000 445.900332 0.042470 0.999098 0.000000 14.733074 0.000000 0.000000 1.000000 0.000000
0.999215 -0.039618 0.000000 449.683186 0.039618 0.999215 0.000000 14.794052 0.000000 0.000000 1.000000 0.000000
0.999165 -0.040861 0.000000 453.088806 0.040861 0.999165 0.000000 14.959054 0.000000 0.000000 1.000000 0.000000
0.999516 -0.031116 0.000000 456.242150 0.031116 0.999516 0.000000 14.915188 0.000000 0.000000 1.000000 0.000000
0.999561 0.029616 0.000000 461.830465 -0.029616 0.999561 -0.000000 14.866358 -0.000000 0.000000 1.000000 0.000000
0.998662 0.051710 0.000000 463.023544 -0.051710 0.998662 -0.000000 14.739372 -0.000000 0.000000 1.000000 0.000000
0.991335 0.131358 0.000000 465.193201 -0.131358 0.991335 -0.000000 14.380950 -0.000000 0.000000 1.000000 0.000000
0.975519 0.219916 0.000000 467.101940 -0.219916 0.975519 -0.000000 14.038899 -0.000000 0.000000 1.000000 0.000000
0.943308 0.331920 0.000000 468.840255 -0.331920 0.943308 -0.000000 13.281065 -0.000000 0.000000 1.000000 0.000000
0.885772 0.464121 0.000000 470.441035 -0.464121 0.885772 -0.000000 12.438401 -0.000000 0.000000 1.000000 0.000000
0.784346 0.620323 0.000000 471.853092 -0.620323 0.784346 -0.000000 11.370541 -0.000000 0.000000 1.000000 0.000000
0.625062 0.780575 0.000000 472.918656 -0.780575 0.625062 -0.000000 9.892698 -0.000000 0.000000 1.000000 0.000000
0.397628 0.917547 0.000000 473.590155 -0.917547 0.397628 -0.000000 8.168484 -0.000000 0.000000 1.000000 0.000000
-0.164629 0.986356 0.000000 473.436885 -0.986356 -0.164629 -0.000000 4.532859 -0.000000 0.000000 1.000000 0.000000
-0.308869 0.951105 0.000000 473.044509 -0.951105 -0.308869 -0.000000 3.611917 -0.000000 0.000000 1.000000 0.000000
-0.563803 0.825910 0.000000 471.744666 -0.825910 -0.563803 -0.000000 1.774187 -0.000000 0.000000 1.000000 0.000000
-0.740593 0.671954 0.000000 469.888472 -0.671954 -0.740593 -0.000000 0.098437 -0.000000 0.000000 1.000000 0.000000
-0.830525 0.556982 0.000000 467.767282 -0.556982 -0.830525 -0.000000 -1.318166 -0.000000 0.000000 1.000000 0.000000
-0.868496 0.495696 0.000000 465.371332 -0.495696 -0.868496 -0.000000 -2.837313 -0.000000 0.000000 1.000000 0.000000
-0.889951 0.456056 0.000000 462.615856 -0.456056 -0.889951 -0.000000 -4.117900 -0.000000 0.000000 1.000000 0.000000
-0.909190 0.416381 0.000000 459.675121 -0.416381 -0.909190 -0.000000 -5.435815 -0.000000 0.000000 1.000000 0.000000
-0.914823 0.403855 0.000000 456.285712 -0.403855 -0.914823 -0.000000 -6.861435 -0.000000 0.000000 1.000000 0.000000
-0.920630 0.390435 0.000000 449.095987 -0.390435 -0.920630 -0.000000 -9.751711 -0.000000 0.000000 1.000000 0.000000
-0.920626 0.390446 0.000000 447.274067 -0.390446 -0.920626 -0.000000 -10.509508 -0.000000 0.000000 1.000000 0.000000
-0.919009 0.394237 0.000000 443.472570 -0.394237 -0.919009 -0.000000 -12.084746 -0.000000 0.000000 1.000000 0.000000
-0.916085 0.400985 0.000000 439.518964 -0.400985 -0.916085 -0.000000 -13.699543 -0.000000 0.000000 1.000000 0.000000
-0.915813 0.401605 0.000000 435.699034 -0.401605 -0.915813 -0.000000 -15.242462 -0.000000 0.000000 1.000000 0.000000
-0.916322 0.400443 0.000000 432.017271 -0.400443 -0.916322 -0.000000 -16.935170 -0.000000 0.000000 1.000000 0.000000
-0.917655 0.397378 0.000000 428.241616 -0.397378 -0.917655 -0.000000 -18.466537 -0.000000 0.000000 1.000000 0.000000
-0.917740 0.397182 0.000000 424.398519 -0.397182 -0.917740 -0.000000 -20.047546 -0.000000 0.000000 1.000000 0.000000
-0.917478 0.397787 0.000000 420.679168 -0.397787 -0.917478 -0.000000 -21.546498 -0.000000 0.000000 1.000000 0.000000
-0.917839 0.396952 0.000000 413.560833 -0.396952 -0.917839 -0.000000 -24.598981 -0.000000 0.000000 1.000000 0.000000
-0.918612 0.395160 0.000000 411.824603 -0.395160 -0.918612 -0.000000 -25.364007 -0.000000 0.000000 1.000000 0.000000
-0.919773 0.392451 0.000000 408.518860 -0.392451 -0.919773 -0.000000 -26.754493 -0.000000 0.000000 1.000000 0.000000
-0.921959 0.387288 0.000000 405.262003 -0.387288 -0.921959 -0.000000 -28.041822 -0.000000 0.000000 1.000000 0.000000
-0.922991 0.384821 0.000000 402.391299 -0.384821 -0.922991 -0.000000 -29.264765 -0.000000 0.000000 1.000000 0.000000
-0.923735 0.383031 0.000000 399.780997 -0.383031 -0.923735 -0.000000 -30.258044 -0.000000 0.000000 1.000000 0.000000
-0.924864 0.380297 0.000000 397.304527 -0.380297 -0.924864 -0.000000 -31.221609 -0.000000 0.000000 1.000000 0.000000
-0.925407 0.378976 0.000000 395.193417 -0.378976 -0.925407 -0.000000 -32.108412 -0.000000 0.000000 1.000000 0.000000
-0.925247 0.379366 0.000000 393.283135 -0.379366 -0.925247 -0.000000 -32.841355 -0.000000 0.000000 1.000000 0.000000
-0.926521 0.376243 0.000000 390.082486 -0.376243 -0.926521 -0.000000 -34.068331 -0.000000 0.000000 1.000000 0.000000
-0.928436 0.371493 0.000000 389.413086 -0.371493 -0.928436 -0.000000 -34.370414 -0.000000 0.000000 1.000000 0.000000
-0.927045 0.374950 0.000000 388.145793 -0.374950 -0.927045 -0.000000 -34.830564 -0.000000 0.000000 1.000000 0.000000
-0.930187 0.367087 0.000000 387.005800 -0.367087 -0.930187 -0.000000 -35.305210 -0.000000 0.000000 1.000000 0.000000
-0.930766 0.365616 0.000000 386.047670 -0.365616 -0.930766 -0.000000 -35.642722 -0.000000 0.000000 1.000000 0.000000
-0.932169 0.362025 0.000000 385.223732 -0.362025 -0.932169 -0.000000 -35.916312 -0.000000 0.000000 1.000000 0.000000
-0.932756 0.360507 0.000000 384.413366 -0.360507 -0.932756 -0.000000 -36.264091 -0.000000 0.000000 1.000000 0.000000
-0.933564 0.358412 0.000000 383.945714 -0.358412 -0.933564 -0.000000 -36.432213 -0.000000 0.000000 1.000000 0.000000
-0.933579 0.358372 0.000000 383.552285 -0.358372 -0.933579 -0.000000 -36.591142 -0.000000 0.000000 1.000000 0.000000
-0.934501 0.355962 0.000000 383.099767 -0.355962 -0.934501 -0.000000 -36.746628 -0.000000 0.000000 1.000000 0.000000
-0.934798 0.355179 0.000000 382.985034 -0.355179 -0.934798 -0.000000 -36.775990 -0.000000 0.000000 1.000000 0.000000
-0.934621 0.355645 0.000000 382.940826 -0.355645 -0.934621 -0.000000 -36.841352 -0.000000 0.000000 1.000000 0.000000
-0.934441 0.356119 0.000000 382.969792 -0.356119 -0.934441 -0.000000 -36.814336 -0.000000 0.000000 1.000000 0.000000
-0.934614 0.355665 0.000000 382.944715 -0.355665 -0.934614 -0.000000 -36.810915 -0.000000 0.000000 1.000000 0.000000
-0.934357 0.356339 0.000000 382.971473 -0.356339 -0.934357 -0.000000 -36.818002 -0.000000 0.000000 1.000000 0.000000
-0.934612 0.355669 0.000000 382.944265 -0.355669 -0.934612 -0.000000 -36.788356 -0.000000 0.000000 1.000000 0.000000
-0.934585 0.355741 0.000000 382.945792 -0.355741 -0.934585 -0.000000 -36.805203 -0.000000 0.000000 1.000000 0.000000
-0.934465 0.356054 0.000000 382.939876 -0.356054 -0.934465 -0.000000 -36.797516 -0.000000 0.000000 1.000000 0.000000
-0.934467 0.356050 0.000000 382.966767 -0.356050 -0.934467 -0.000000 -36.806072 -0.000000 0.000000 1.000000 0.000000
-0.934458 0.356074 0.000000 382.956939 -0.356074 -0.934458 -0.000000 -36.807840 -0.000000 0.000000 1.000000 0.000000
-0.934497 0.355970 0.000000 382.950546 -0.355970 -0.934497 -0.000000 -36.808678 -0.000000 0.000000 1.000000 0.000000
-0.934464 0.356057 0.000000 382.947638 -0.356057 -0.934464 -0.000000 -36.811305 -0.000000 0.000000 1.000000 0.000000
-0.934434 0.356136 0.000000 382.958667 -0.356136 -0.934434 -0.000000 -36.807556 -0.000000 0.000000 1.000000 0.000000
-0.934411 0.356196 0.000000 382.948513 -0.356196 -0.934411 -0.000000 -36.805656 -0.000000 0.000000 1.000000 0.000000
-0.934390 0.356252 0.000000 382.952271 -0.356252 -0.934390 -0.000000 -36.805141 -0.000000 0.000000 1.000000 0.000000
-0.934363 0.356322 0.000000 382.944091 -0.356322 -0.934363 -0.000000 -36.807072 -0.000000 0.000000 1.000000 0.000000
-0.934384 0.356268 0.000000 382.943219 -0.356268 -0.934384 -0.000000 -36.804144 -0.000000 0.000000 1.000000 0.000000
-0.934386 0.356263 0.000000 382.951140 -0.356263 -0.934386 -0.000000 -36.807678 -0.000000 0.000000 1.000000 0.000000
-0.934361 0.356327 0.000000 382.947947 -0.356327 -0.934361 -0.000000 -36.805763 -0.000000 0.000000 1.000000 0.000000
-0.934405 0.356212 0.000000 382.946380 -0.356212 -0.934405 -0.000000 -36.811916 -0.000000 0.000000 1.000000 0.000000
-0.934347 0.356364 0.000000 382.943353 -0.356364 -0.934347 -0.000000 -36.810937 -0.000000 0.000000 1.000000 0.000000
-0.934328 0.356414 0.000000 382.949397 -0.356414 -0.934328 -0.000000 -36.799794 -0.000000 0.000000 1.000000 0.000000
-0.934387 0.356261 0.000000 382.936172 -0.356261 -0.934387 -0.000000 -36.800618 -0.000000 0.000000 1.000000 0.000000
-0.934332 0.356404 0.000000 382.941937 -0.356404 -0.934332 -0.000000 -36.808206 -0.000000 0.000000 1.000000 0.000000
-0.934278 0.356545 0.000000 382.941183 -0.356545 -0.934278 -0.000000 -36.799133 -0.000000 0.000000 1.000000 0.000000
-0.934292 0.356509 0.000000 382.936025 -0.356509 -0.934292 -0.000000 -36.804898 -0.000000 0.000000 1.000000 0.000000
-0.934312 0.356456 0.000000 382.936032 -0.356456 -0.934312 -0.000000 -36.808355 -0.000000 0.000000 1.000000 0.000000
-0.934301 0.356486 0.000000 382.934318 -0.356486 -0.934301 -0.000000 -36.808060 -0.000000 0.000000 1.000000 0.000000
-0.934347 0.356365 0.000000 382.934248 -0.356365 -0.934347 -0.000000 -36.818350 -0.000000 0.000000 1.000000 0.000000
-0.934267 0.356574 0.000000 382.931974 -0.356574 -0.934267 -0.000000 -36.807853 -0.000000 0.000000 1.000000 0.000000
-0.934275 0.356553 0.000000 382.929036 -0.356553 -0.934275 -0.000000 -36.809304 -0.000000 0.000000 1.000000 0.000000
-0.934261 0.356590 0.000000 382.883079 -0.356590 -0.934261 -0.000000 -36.818318 -0.000000 0.000000 1.000000 0.000000
-0.934232 0.356667 0.000000 382.666999 -0.356667 -0.934232 -0.000000 -36.859473 -0.000000 0.000000 1.000000 0.000000
-0.933589 0.358347 0.000000 382.343511 -0.358347 -0.933589 -0.000000 -37.025552 -0.000000 0.000000 1.000000 0.000000
-0.934668 0.355523 0.000000 381.786558 -0.355523 -0.934668 -0.000000 -37.242764 -0.000000 0.000000 1.000000 0.000000
-0.936553 0.350526 0.000000 379.721763 -0.350526 -0.936553 -0.000000 -37.988421 -0.000000 0.000000 1.000000 0.000000
-0.937242 0.348679 0.000000 379.029031 -0.348679 -0.937242 -0.000000 -38.238375 -0.000000 0.000000 1.000000 0.000000
-0.936965 0.349423 0.000000 377.401671 -0.349423 -0.936965 -0.000000 -38.859080 -0.000000 0.000000 1.000000 0.000000
-0.937545 0.347865 0.000000 375.552800 -0.347865 -0.937545 -0.000000 -39.500423 -0.000000 0.000000 1.000000 0.000000
-0.938261 0.345928 0.000000 373.464808 -0.345928 -0.938261 -0.000000 -40.181844 -0.000000 0.000000 1.000000 0.000000
-0.939777 0.341787 0.000000 371.033059 -0.341787 -0.939777 -0.000000 -40.994187 -0.000000 0.000000 1.000000 0.000000
-0.943800 0.330518 0.000000 368.358217 -0.330518 -0.943800 -0.000000 -41.943931 -0.000000 0.000000 1.000000 0.000000
-0.946972 0.321316 0.000000 365.369468 -0.321316 -0.946972 -0.000000 -42.897737 -0.000000 0.000000 1.000000 0.000000
-0.950692 0.310136 0.000000 362.263001 -0.310136 -0.950692 -0.000000 -43.770017 -0.000000 0.000000 1.000000 0.000000
-0.956631 0.291304 0.000000 355.439035 -0.291304 -0.956631 -0.000000 -45.806626 -0.000000 0.000000 1.000000 0.000000
-0.957815 0.287384 0.000000 353.530351 -0.287384 -0.957815 -0.000000 -46.390015 -0.000000 0.000000 1.000000 0.000000
-0.962076 0.272783 0.000000 349.769852 -0.272783 -0.962076 -0.000000 -47.497998 -0.000000 0.000000 1.000000 0.000000
-0.964604 0.263703 0.000000 345.766392 -0.263703 -0.964604 -0.000000 -48.438605 -0.000000 0.000000 1.000000 0.000000
-0.966162 0.257937 0.000000 341.462266 -0.257937 -0.966162 -0.000000 -49.505481 -0.000000 0.000000 1.000000 0.000000
-0.969438 0.245338 0.000000 337.189570 -0.245338 -0.969438 -0.000000 -50.619934 -0.000000 0.000000 1.000000 0.000000
-0.965286 0.261195 0.000000 332.757585 -0.261195 -0.965286 -0.000000 -51.690215 -0.000000 0.000000 1.000000 0.000000
-0.963754 0.266793 0.000000 328.343879 -0.266793 -0.963754 -0.000000 -52.806902 -0.000000 0.000000 1.000000 0.000000
-0.959427 0.281958 0.000000 323.795852 -0.281958 -0.959427 -0.000000 -54.033932 -0.000000 0.000000 1.000000 0.000000
-0.952055 0.305926 0.000000 314.710245 -0.305926 -0.952055 -0.000000 -56.801596 -0.000000 0.000000 1.000000 0.000000
-0.951844 0.306582 0.000000 312.401480 -0.306582 -0.951844 -0.000000 -57.540467 -0.000000 0.000000 1.000000 0.000000
-0.950595 0.310434 0.000000 307.807254 -0.310434 -0.950595 -0.000000 -58.966154 -0.000000 0.000000 1.000000 0.000000
-0.948273 0.317457 0.000000 303.096824 -0.317457 -0.948273 -0.000000 -60.507514 -0.000000 0.000000 1.000000 0.000000
-0.944953 0.327207 0.000000 298.420593 -0.327207 -0.944953 -0.000000 -62.117114 -0.000000 0.000000 1.000000 0.000000
-0.943233 0.332133 0.000000 293.880861 -0.332133 -0.943233 -0.000000 -63.614055 -0.000000 0.000000 1.000000 0.000000
-0.940355 0.340195 0.000000 289.197889 -0.340195 -0.940355 -0.000000 -65.298753 -0.000000 0.000000 1.000000 0.000000
-0.939944 0.341328 0.000000 284.386453 -0.341328 -0.939944 -0.000000 -66.855062 -0.000000 0.000000 1.000000 0.000000
-0.941149 0.337993 0.000000 279.613267 -0.337993 -0.941149 -0.000000 -68.575929 -0.000000 0.000000 1.000000 0.000000
-0.938915 0.344150 0.000000 270.119519 -0.344150 -0.938915 -0.000000 -71.925393 -0.000000 0.000000 1.000000 0.000000
-0.939369 0.342909 0.000000 267.713329 -0.342909 -0.939369 -0.000000 -72.764170 -0.000000 0.000000 1.000000 0.000000
-0.939093 0.343664 0.000000 262.875363 -0.343664 -0.939093 -0.000000 -74.453423 -0.000000 0.000000 1.000000 0.000000
-0.938262 0.345926 0.000000 257.897693 -0.345926 -0.938262 -0.000000 -76.267488 -0.000000 0.000000 1.000000 0.000000
-0.936145 0.351613 0.000000 253.016696 -0.351613 -0.936145 -0.000000 -78.001897 -0.000000 0.000000 1.000000 0.000000
-0.934276 0.356551 0.000000 248.057510 -0.356551 -0.934276 -0.000000 -79.902219 -0.000000 0.000000 1.000000 0.000000
-0.933186 0.359395 0.000000 243.112350 -0.359395 -0.933186 -0.000000 -81.681477 -0.000000 0.000000 1.000000 0.000000
-0.929387 0.369108 0.000000 238.214553 -0.369108 -0.929387 -0.000000 -83.576896 -0.000000 0.000000 1.000000 0.000000
-0.929353 0.369192 0.000000 233.213276 -0.369192 -0.929353 -0.000000 -85.497159 -0.000000 0.000000 1.000000 0.000000
-0.931732 0.363147 0.000000 223.305414 -0.363147 -0.931732 -0.000000 -89.417284 -0.000000 0.000000 1.000000 0.000000
-0.931954 0.362577 0.000000 220.837057 -0.362577 -0.931954 -0.000000 -90.363797 -0.000000 0.000000 1.000000 0.000000
-0.933461 0.358679 0.000000 215.996987 -0.358679 -0.933461 -0.000000 -92.217842 -0.000000 0.000000 1.000000 0.000000
-0.934715 0.355399 0.000000 211.002674 -0.355399 -0.934715 -0.000000 -93.983587 -0.000000 0.000000 1.000000 0.000000
-0.935780 0.352583 0.000000 206.173460 -0.352583 -0.935780 -0.000000 -95.746937 -0.000000 0.000000 1.000000 0.000000
-0.936093 0.351751 0.000000 201.345153 -0.351751 -0.936093 -0.000000 -97.437441 -0.000000 0.000000 1.000000 0.000000
-0.935955 0.352119 0.000000 196.573425 -0.352119 -0.935955 -0.000000 -99.263727 -0.000000 0.000000 1.000000 0.000000
-0.936937 0.349499 0.000000 191.922315 -0.349499 -0.936937 -0.000000 -100.760291 -0.000000 0.000000 1.000000 0.000000
-0.938662 0.344837 0.000000 187.172163 -0.344837 -0.938662 -0.000000 -102.498122 -0.000000 0.000000 1.000000 0.000000
-0.945140 0.326667 0.000000 177.877841 -0.326667 -0.945140 -0.000000 -105.647725 -0.000000 0.000000 1.000000 0.000000
-0.946872 0.321611 0.000000 175.451979 -0.321611 -0.946872 -0.000000 -106.366023 -0.000000 0.000000 1.000000 0.000000
-0.948709 0.316152 0.000000 170.757600 -0.316152 -0.948709 -0.000000 -107.910787 -0.000000 0.000000 1.000000 0.000000
-0.948332 0.317281 0.000000 165.812272 -0.317281 -0.948332 -0.000000 -109.377335 -0.000000 0.000000 1.000000 0.000000
-0.951193 0.308597 0.000000 161.143642 -0.308597 -0.951193 -0.000000 -110.733839 -0.000000 0.000000 1.000000 0.000000
-0.946445 0.322866 0.000000 156.201436 -0.322866 -0.946445 -0.000000 -112.577024 -0.000000 0.000000 1.000000 0.000000
-0.942422 0.334427 0.000000 151.259770 -0.334427 -0.942422 -0.000000 -113.916816 -0.000000 0.000000 1.000000 0.000000
-0.940585 0.339560 0.000000 146.586121 -0.339560 -0.940585 -0.000000 -115.674976 -0.000000 0.000000 1.000000 0.000000
-0.937689 0.347476 0.000000 142.028256 -0.347476 -0.937689 -0.000000 -117.203833 -0.000000 0.000000 1.000000 0.000000
-0.939772 0.341802 0.000000 132.911133 -0.341802 -0.939772 -0.000000 -120.414690 -0.000000 0.000000 1.000000 0.000000
-0.940184 0.340668 0.000000 130.789535 -0.340668 -0.940184 -0.000000 -121.133472 -0.000000 0.000000 1.000000 0.000000
-0.943961 0.330058 0.000000 126.661083 -0.330058 -0.943961 -0.000000 -122.549156 -0.000000 0.000000 1.000000 0.000000
-0.946832 0.321729 0.000000 123.078675 -0.321729 -0.946832 -0.000000 -123.789867 -0.000000 0.000000 1.000000 0.000000
-0.950540 0.310604 0.000000 119.759298 -0.310604 -0.950540 -0.000000 -124.801912 -0.000000 0.000000 1.000000 0.000000
-0.950578 0.310485 0.000000 116.673786 -0.310485 -0.950578 -0.000000 -125.825809 -0.000000 0.000000 1.000000 0.000000
-0.953389 0.301742 0.000000 114.045043 -0.301742 -0.953389 -0.000000 -126.485425 -0.000000 0.000000 1.000000 0.000000
-0.952860 0.303412 0.000000 112.011851 -0.303412 -0.952860 -0.000000 -127.204769 -0.000000 0.000000 1.000000 0.000000
-0.955145 0.296139 0.000000 109.895750 -0.296139 -0.955145 -0.000000 -127.694754 -0.000000 0.000000 1.000000 0.000000
-0.958066 0.286548 0.000000 107.137226 -0.286548 -0.958066 -0.000000 -128.428952 -0.000000 0.000000 1.000000 0.000000
-0.958684 0.284472 0.000000 106.688738 -0.284472 -0.958684 -0.000000 -128.555450 -0.000000 0.000000 1.000000 0.000000
-0.959626 0.281279 0.000000 106.056079 -0.281279 -0.959626 -0.000000 -128.731623 -0.000000 0.000000 1.000000 0.000000
-0.960559 0.278077 0.000000 105.699001 -0.278077 -0.960559 -0.000000 -128.837402 -0.000000 0.000000 1.000000 0.000000
-0.960722 0.277514 0.000000 105.313740 -0.277514 -0.960722 -0.000000 -128.946879 -0.000000 0.000000 1.000000 0.000000
-0.960396 0.278639 0.000000 105.289739 -0.278639 -0.960396 -0.000000 -128.979816 -0.000000 0.000000 1.000000 0.000000
-0.960522 0.278204 0.000000 105.259420 -0.278204 -0.960522 -0.000000 -128.993343 -0.000000 0.000000 1.000000 0.000000
-0.960462 0.278410 0.000000 105.223530 -0.278410 -0.960462 -0.000000 -128.994745 -0.000000 0.000000 1.000000 0.000000
-0.960524 0.278197 0.000000 105.269714 -0.278197 -0.960524 -0.000000 -128.980605 -0.000000 0.000000 1.000000 0.000000
-0.960431 0.278520 0.000000 105.249065 -0.278520 -0.960431 -0.000000 -128.989784 -0.000000 0.000000 1.000000 0.000000
-0.960418 0.278562 0.000000 105.247991 -0.278562 -0.960418 -0.000000 -128.992559 -0.000000 0.000000 1.000000 0.000000
-0.960394 0.278646 0.000000 105.245503 -0.278646 -0.960394 -0.000000 -128.992626 -0.000000 0.000000 1.000000 0.000000
-0.960394 0.278647 0.000000 105.252391 -0.278647 -0.960394 -0.000000 -128.999074 -0.000000 0.000000 1.000000 0.000000
-0.960423 0.278546 0.000000 105.247990 -0.278546 -0.960423 -0.000000 -128.991455 -0.000000 0.000000 1.000000 0.000000
-0.960423 0.278544 0.000000 105.248466 -0.278544 -0.960423 -0.000000 -128.991777 -0.000000 0.000000 1.000000 0.000000
-0.960426 0.278535 0.000000 105.248589 -0.278535 -0.960426 -0.000000 -128.991750 -0.000000 0.000000 1.000000 0.000000
-0.960440 0.278486 0.000000 105.246943 -0.278486 -0.960440 -0.000000 -128.988875 -0.000000 0.000000 1.000000 0.000000
-0.960400 0.278625 0.000000 105.242444 -0.278625 -0.960400 -0.000000 -128.989613 -0.000000 0.000000 1.000000 0.000000
-0.960375 0.278711 0.000000 105.251952 -0.278711 -0.960375 -0.000000 -129.004939 -0.000000 0.000000 1.000000 0.000000
-0.960401 0.278621 0.000000 105.247310 -0.278621 -0.960401 -0.000000 -129.009543 -0.000000 0.000000 1.000000 0.000000
-0.960310 0.278935 0.000000 105.251604 -0.278935 -0.960310 -0.000000 -129.015946 -0.000000 0.000000 1.000000 0.000000
-0.960365 0.278744 0.000000 105.248705 -0.278744 -0.960365 -0.000000 -129.007761 -0.000000 0.000000 1.000000 0.000000
-0.960338 0.278840 0.000000 105.249156 -0.278840 -0.960338 -0.000000 -129.009759 -0.000000 0.000000 1.000000 0.000000
-0.960361 0.278758 0.000000 105.246164 -0.278758 -0.960361 -0.000000 -129.007526 -0.000000 0.000000 1.000000 0.000000
-0.960286 0.279017 0.000000 105.251002 -0.279017 -0.960286 -0.000000 -129.011429 -0.000000 0.000000 1.000000 0.000000
-0.960294 0.278989 0.000000 105.246331 -0.278989 -0.960294 -0.000000 -129.011712 -0.000000 0.000000 1.000000 0.000000
-0.960333 0.278854 0.000000 105.247689 -0.278854 -0.960333 -0.000000 -129.010314 -0.000000 0.000000 1.000000 0.000000
-0.960348 0.278804 0.000000 105.249430 -0.278804 -0.960348 -0.000000 -129.013884 -0.000000 0.000000 1.000000 0.000000
-0.960316 0.278914 0.000000 105.250936 -0.278914 -0.960316 -0.000000 -129.022682 -0.000000 0.000000 1.000000 0.000000
-0.960355 0.278779 0.000000 105.248324 -0.278779 -0.960355 -0.000000 -129.015950 -0.000000 0.000000 1.000000 0.000000
-0.960313 0.278925 0.000000 105.245479 -0.278925 -0.960313 -0.000000 -129.024486 -0.000000 0.000000 1.000000 0.000000
