1.000000 0.000046 0.000000 -0.006428 -0.000046 1.000000 -0.000000 0.002318 -0.000000 0.000000 1.000000 0.000000
1.000000 0.000111 0.000000 0.002156 -0.000111 1.000000 -0.000000 -0.009993 -0.000000 0.000000 1.000000 0.000000
1.000000 -0.000008 0.000000 0.004940 0.000008 1.000000 0.000000 -0.000866 0.000000 0.000000 1.000000 0.000000
1.000000 0.000256 0.000000 -0.000575 -0.000256 1.000000 -0.000000 -0.021171 -0.000000 0.000000 1.000000 0.000000
1.000000 -0.000083 0.000000 0.001251 0.000083 1.000000 0.000000 0.007163 0.000000 0.000000 1.000000 0.000000
1.000000 0.000319 0.000000 0.002827 -0.000319 1.000000 -0.000000 0.007115 -0.000000 0.000000 1.000000 0.000000
1.000000 0.000130 0.000000 0.002329 -0.000130 1.000000 -0.000000 0.007412 -0.000000 0.000000 1.000000 0.000000
1.000000 0.000003 0.000000 0.001243 -0.000003 1.000000 -0.000000 -0.000825 -0.000000 0.000000 1.000000 0.000000
1.000000 -0.000008 0.000000 0.005726 0.000008 1.000000 0.000000 -0.001395 0.000000 0.000000 1.000000 0.000000
1.000000 -0.000096 0.000000 0.002993 0.000096 1.000000 0.000000 -0.009139 0.000000 0.000000 1.000000 0.000000
1.000000 -0.000044 0.000000 -0.009255 0.000044 1.000000 0.000000 0.007720 0.000000 0.000000 1.000000 0.000000
1.000000 0.000023 0.000000 -0.017207 -0.000023 1.000000 -0.000000 0.004318 -0.000000 0.000000 1.000000 0.000000
1.000000 0.000064 0.000000 -0.000947 -0.000064 1.000000 -0.000000 0.004490 -0.000000 0.000000 1.000000 0.000000
1.000000 0.000014 0.000000 -0.002438 -0.000014 1.000000 -0.000000 -0.000890 -0.000000 0.000000 1.000000 0.000000
1.000000 0.000011 0.000000 0.000197 -0.000011 1.000000 -0.000000 -0.001823 -0.000000 0.000000 1.000000 0.000000
1.000000 0.000037 0.000000 0.000535 -0.000037 1.000000 -0.000000 -0.003470 -0.000000 0.000000 1.000000 0.000000
1.000000 -0.000021 0.000000 -0.010130 0.000021 1.000000 0.000000 0.000169 0.000000 0.000000 1.000000 0.000000
1.000000 0.000155 0.000000 0.006208 -0.000155 1.000000 -0.000000 -0.011847 -0.000000 0.000000 1.000000 0.000000
1.000000 -0.000020 0.000000 -0.002261 0.000020 1.000000 0.000000 0.003001 0.000000 0.000000 1.000000 0.000000
1.000000 0.000010 0.000000 -0.000009 -0.000010 1.000000 -0.000000 -0.001456 -0.000000 0.000000 1.000000 0.000000
1.000000 0.000039 0.000000 -0.011441 -0.000039 1.000000 -0.000000 -0.000016 -0.000000 0.000000 1.000000 0.000000
1.000000 -0.000063 0.000000 -0.003736 0.000063 1.000000 0.000000 0.004626 0.000000 0.000000 1.000000 0.000000
1.000000 0.000014 0.000000 0.000695 -0.000014 1.000000 -0.000000 -0.001697 -0.000000 0.000000 1.000000 0.000000
1.000000 0.000031 0.000000 0.002712 -0.000031 1.000000 -0.000000 -0.001945 -0.000000 0.000000 1.000000 0.000000
1.000000 0.000058 0.000000 0.007334 -0.000058 1.000000 -0.000000 -0.001716 -0.000000 0.000000 1.000000 0.000000
1.000000 0.000216 0.000000 -0.016356 -0.000216 1.000000 -0.000000 -0.012561 -0.000000 0.000000 1.000000 0.000000
1.000000 0.000034 0.000000 -0.006084 -0.000034 1.000000 -0.000000 -0.001883 -0.000000 0.000000 1.000000 0.000000
1.000000 0.000019 0.000000 -0.006449 -0.000019 1.000000 -0.000000 -0.000974 -0.000000 0.000000 1.000000 0.000000
1.000000 0.000026 0.000000 0.000440 -0.000026 1.000000 -0.000000 -0.001165 -0.000000 0.000000 1.000000 0.000000
1.000000 0.000041 0.000000 -0.008885 -0.000041 1.000000 -0.000000 -0.001748 -0.000000 0.000000 1.000000 0.000000
1.000000 0.000026 0.000000 -0.003938 -0.000026 1.000000 -0.000000 -0.001462 -0.000000 0.000000 1.000000 0.000000
1.000000 0.000021 0.000000 -0.010608 -0.000021 1.000000 -0.000000 -0.002566 -0.000000 0.000000 1.000000 0.000000
1.000000 0.000106 0.000000 -0.020410 -0.000106 1.000000 -0.000000 -0.008545 -0.000000 0.000000 1.000000 0.000000
1.000000 0.000177 0.000000 -0.031571 -0.000177 1.000000 -0.000000 -0.013270 -0.000000 0.000000 1.000000 0.000000
1.000000 0.000204 0.000000 -0.028753 -0.000204 1.000000 -0.000000 -0.014402 -0.000000 0.000000 1.000000 0.000000
1.000000 0.000211 0.000000 -0.025482 -0.000211 1.000000 -0.000000 -0.014642 -0.000000 0.000000 1.000000 0.000000
1.000000 0.000220 0.000000 -0.032575 -0.000220 1.000000 -0.000000 -0.016697 -0.000000 0.000000 1.000000 0.000000
1.000000 0.000203 0.000000 -0.036992 -0.000203 1.000000 -0.000000 -0.015599 -0.000000 0.000000 1.000000 0.000000
1.000000 0.000209 0.000000 -0.033189 -0.000209 1.000000 -0.000000 -0.015447 -0.000000 0.000000 1.000000 0.000000
1.000000 0.000214 0.000000 -0.035951 -0.000214 1.000000 -0.000000 -0.016121 -0.000000 0.000000 1.000000 0.000000
1.000000 0.000294 0.000000 -0.031991 -0.000294 1.000000 -0.000000 -0.019744 -0.000000 0.000000 1.000000 0.000000
1.000000 0.000019 0.000000 -0.042965 -0.000019 1.000000 -0.000000 -0.007469 -0.000000 0.000000 1.000000 0.000000
1.000000 0.000188 0.000000 -0.028989 -0.000188 1.000000 -0.000000 -0.013968 -0.000000 0.000000 1.000000 0.000000
1.000000 0.000164 0.000000 -0.026965 -0.000164 1.000000 -0.000000 -0.012349 -0.000000 0.000000 1.000000 0.000000
1.000000 0.000286 0.000000 -0.028191 -0.000286 1.000000 -0.000000 -0.019858 -0.000000 0.000000 1.000000 0.000000
1.000000 0.000176 0.000000 -0.023034 -0.000176 1.000000 -0.000000 -0.012411 -0.000000 0.000000 1.000000 0.000000
1.000000 0.000280 0.000000 -0.033544 -0.000280 1.000000 -0.000000 -0.018625 -0.000000 0.000000 1.000000 0.000000
1.000000 0.000137 0.000000 -0.028225 -0.000137 1.000000 -0.000000 -0.011475 -0.000000 0.000000 1.000000 0.000000
1.000000 0.000071 0.000000 -0.022077 -0.000071 1.000000 -0.000000 -0.006937 -0.000000 0.000000 1.000000 0.000000
1.000000 -0.000007 0.000000 -0.039137 0.000007 1.000000 0.000000 -0.005531 0.000000 0.000000 1.000000 0.000000
1.000000 0.000171 0.000000 -0.031235 -0.000171 1.000000 -0.000000 -0.012734 -0.000000 0.000000 1.000000 0.000000
1.000000 0.000100 0.000000 -0.039412 -0.000100 1.000000 -0.000000 -0.010737 -0.000000 0.000000 1.000000 0.000000
1.000000 0.000054 0.000000 -0.063949 -0.000054 1.000000 -0.000000 -0.011948 -0.000000 0.000000 1.000000 0.000000
1.000000 0.000155 0.000000 -0.052043 -0.000155 1.000000 -0.000000 -0.014967 -0.000000 0.000000 1.000000 0.000000
1.000000 0.000114 0.000000 -0.047146 -0.000114 1.000000 -0.000000 -0.012370 -0.000000 0.000000 1.000000 0.000000
1.000000 0.000098 0.000000 -0.047739 -0.000098 1.000000 -0.000000 -0.011915 -0.000000 0.000000 1.000000 0.000000
1.000000 0.000077 0.000000 -0.042976 -0.000077 1.000000 -0.000000 -0.009520 -0.000000 0.000000 1.000000 0.000000
1.000000 0.000115 0.000000 -0.056721 -0.000115 1.000000 -0.000000 -0.013653 -0.000000 0.000000 1.000000 0.000000
1.000000 0.000135 0.000000 -0.050464 -0.000135 1.000000 -0.000000 -0.012436 -0.000000 0.000000 1.000000 0.000000
1.000000 0.000122 0.000000 -0.052696 -0.000122 1.000000 -0.000000 -0.013299 -0.000000 0.000000 1.000000 0.000000
1.000000 0.000234 0.000000 -0.052197 -0.000234 1.000000 -0.000000 -0.018795 -0.000000 0.000000 1.000000 0.000000
1.000000 0.000321 0.000000 -0.042331 -0.000321 1.000000 -0.000000 -0.021547 -0.000000 0.000000 1.000000 0.000000
1.000000 0.000207 0.000000 -0.048946 -0.000207 1.000000 -0.000000 -0.016876 -0.000000 0.000000 1.000000 0.000000
1.000000 0.000137 0.000000 -0.045825 -0.000137 1.000000 -0.000000 -0.012637 -0.000000 0.000000 1.000000 0.000000
1.000000 0.000097 0.000000 -0.043466 -0.000097 1.000000 -0.000000 -0.010832 -0.000000 0.000000 1.000000 0.000000
1.000000 0.000086 0.000000 -0.044917 -0.000086 1.000000 -0.000000 -0.010754 -0.000000 0.000000 1.000000 0.000000
1.000000 0.000055 0.000000 -0.042689 -0.000055 1.000000 -0.000000 -0.008061 -0.000000 0.000000 1.000000 0.000000
1.000000 0.000108 0.000000 -0.047672 -0.000108 1.000000 -0.000000 -0.010726 -0.000000 0.000000 1.000000 0.000000
1.000000 0.000073 0.000000 -0.047848 -0.000073 1.000000 -0.000000 -0.008462 -0.000000 0.000000 1.000000 0.000000
1.000000 0.000104 0.000000 -0.051615 -0.000104 1.000000 -0.000000 -0.009798 -0.000000 0.000000 1.000000 0.000000
1.000000 0.000104 0.000000 -0.046196 -0.000104 1.000000 -0.000000 -0.011256 -0.000000 0.000000 1.000000 0.000000
1.000000 0.000249 0.000000 -0.060059 -0.000249 1.000000 -0.000000 -0.020194 -0.000000 0.000000 1.000000 0.000000
1.000000 0.000189 0.000000 -0.058896 -0.000189 1.000000 -0.000000 -0.017042 -0.000000 0.000000 1.000000 0.000000
1.000000 0.000105 0.000000 -0.052781 -0.000105 1.000000 -0.000000 -0.011870 -0.000000 0.000000 1.000000 0.000000
1.000000 0.000095 0.000000 -0.055455 -0.000095 1.000000 -0.000000 -0.011572 -0.000000 0.000000 1.000000 0.000000
1.000000 0.000120 0.000000 -0.051102 -0.000120 1.000000 -0.000000 -0.012584 -0.000000 0.000000 1.000000 0.000000
1.000000 0.000129 0.000000 -0.052404 -0.000129 1.000000 -0.000000 -0.012989 -0.000000 0.000000 1.000000 0.000000
1.000000 0.000257 0.000000 -0.057106 -0.000257 1.000000 -0.000000 -0.019313 -0.000000 0.000000 1.000000 0.000000
1.000000 0.000108 0.000000 -0.054102 -0.000108 1.000000 -0.000000 -0.011818 -0.000000 0.000000 1.000000 0.000000
1.000000 0.000066 0.000000 -0.063519 -0.000066 1.000000 -0.000000 -0.011900 -0.000000 0.000000 1.000000 0.000000
1.000000 0.000117 0.000000 -0.057299 -0.000117 1.000000 -0.000000 -0.011484 -0.000000 0.000000 1.000000 0.000000
1.000000 0.000174 0.000000 -0.062434 -0.000174 1.000000 -0.000000 -0.016807 -0.000000 0.000000 1.000000 0.000000
1.000000 0.000056 0.000000 -0.062146 -0.000056 1.000000 -0.000000 -0.012542 -0.000000 0.000000 1.000000 0.000000
1.000000 0.000052 0.000000 -0.058675 -0.000052 1.000000 -0.000000 -0.013181 -0.000000 0.000000 1.000000 0.000000
1.000000 0.000250 0.000000 -0.056274 -0.000250 1.000000 -0.000000 -0.020537 -0.000000 0.000000 1.000000 0.000000
1.000000 0.000118 0.000000 -0.054681 -0.000118 1.000000 -0.000000 -0.012044 -0.000000 0.000000 1.000000 0.000000
1.000000 0.000110 0.000000 -0.056397 -0.000110 1.000000 -0.000000 -0.011871 -0.000000 0.000000 1.000000 0.000000
1.000000 0.000050 0.000000 -0.068958 -0.000050 1.000000 -0.000000 -0.012047 -0.000000 0.000000 1.000000 0.000000
1.000000 0.000310 0.000000 -0.065084 -0.000310 1.000000 -0.000000 -0.023172 -0.000000 0.000000 1.000000 0.000000
1.000000 0.000109 0.000000 -0.061830 -0.000109 1.000000 -0.000000 -0.013028 -0.000000 0.000000 1.000000 0.000000
1.000000 0.000332 0.000000 -0.075491 -0.000332 1.000000 -0.000000 -0.024929 -0.000000 0.000000 1.000000 0.000000
1.000000 0.000121 0.000000 -0.071240 -0.000121 1.000000 -0.000000 -0.014526 -0.000000 0.000000 1.000000 0.000000
1.000000 0.000170 0.000000 -0.076441 -0.000170 1.000000 -0.000000 -0.018130 -0.000000 0.000000 1.000000 0.000000
1.000000 0.000209 0.000000 -0.069615 -0.000209 1.000000 -0.000000 -0.018555 -0.000000 0.000000 1.000000 0.000000
1.000000 0.000114 0.000000 -0.066197 -0.000114 1.000000 -0.000000 -0.013461 -0.000000 0.000000 1.000000 0.000000
1.000000 0.000237 0.000000 -0.076131 -0.000237 1.000000 -0.000000 -0.021044 -0.000000 0.000000 1.000000 0.000000
1.000000 0.000260 0.000000 -0.079504 -0.000260 1.000000 -0.000000 -0.022542 -0.000000 0.000000 1.000000 0.000000
1.000000 0.000212 0.000000 -0.077819 -0.000212 1.000000 -0.000000 -0.019963 -0.000000 0.000000 1.000000 0.000000
1.000000 0.000086 0.000000 -0.052426 -0.000086 1.000000 -0.000000 -0.018703 -0.000000 0.000000 1.000000 0.000000
1.000000 0.000101 0.000000 -0.062408 -0.000101 1.000000 -0.000000 -0.013506 -0.000000 0.000000 1.000000 0.000000
1.000000 0.000226 0.000000 -0.069607 -0.000226 1.000000 -0.000000 -0.020267 -0.000000 0.000000 1.000000 0.000000
1.000000 0.000122 0.000000 -0.067573 -0.000122 1.000000 -0.000000 -0.013335 -0.000000 0.000000 1.000000 0.000000
1.000000 0.000095 0.000000 -0.063052 -0.000095 1.000000 -0.000000 -0.013114 -0.000000 0.000000 1.000000 0.000000
1.000000 0.000203 0.000000 -0.067787 -0.000203 1.000000 -0.000000 -0.020192 -0.000000 0.000000 1.000000 0.000000
1.000000 0.000192 0.000000 -0.069990 -0.000192 1.000000 -0.000000 -0.018870 -0.000000 0.000000 1.000000 0.000000
1.000000 0.000205 0.000000 -0.075457 -0.000205 1.000000 -0.000000 -0.018343 -0.000000 0.000000 1.000000 0.000000
1.000000 0.000118 0.000000 -0.071536 -0.000118 1.000000 -0.000000 -0.013693 -0.000000 0.000000 1.000000 0.000000
1.000000 0.000209 0.000000 -0.071768 -0.000209 1.000000 -0.000000 -0.019964 -0.000000 0.000000 1.000000 0.000000
1.000000 0.000125 0.000000 -0.070056 -0.000125 1.000000 -0.000000 -0.012912 -0.000000 0.000000 1.000000 0.000000
1.000000 0.000423 0.000000 -0.066225 -0.000423 1.000000 -0.000000 -0.021316 -0.000000 0.000000 1.000000 0.000000
1.000000 0.000235 0.000000 -0.079783 -0.000235 1.000000 -0.000000 -0.020014 -0.000000 0.000000 1.000000 0.000000
1.000000 0.000199 0.000000 -0.078691 -0.000199 1.000000 -0.000000 -0.017458 -0.000000 0.000000 1.000000 0.000000
1.000000 0.000161 0.000000 -0.077602 -0.000161 1.000000 -0.000000 -0.014401 -0.000000 0.000000 1.000000 0.000000
1.000000 0.000111 0.000000 -0.076187 -0.000111 1.000000 -0.000000 -0.014334 -0.000000 0.000000 1.000000 0.000000
1.000000 0.000141 0.000000 -0.081051 -0.000141 1.000000 -0.000000 -0.012351 -0.000000 0.000000 1.000000 0.000000
1.000000 0.000103 0.000000 -0.075128 -0.000103 1.000000 -0.000000 -0.015388 -0.000000 0.000000 1.000000 0.000000
1.000000 -0.000023 0.000000 -0.062810 0.000023 1.000000 0.000000 -0.023141 0.000000 0.000000 1.000000 0.000000
1.000000 0.000116 0.000000 -0.068085 -0.000116 1.000000 -0.000000 -0.012339 -0.000000 0.000000 1.000000 0.000000
1.000000 0.000189 0.000000 -0.072090 -0.000189 1.000000 -0.000000 -0.016659 -0.000000 0.000000 1.000000 0.000000
1.000000 0.000851 0.000000 -0.083542 -0.000851 1.000000 -0.000000 -0.010705 -0.000000 0.000000 1.000000 0.000000
1.000000 -0.000071 0.000000 -0.087785 0.000071 1.000000 0.000000 -0.019458 0.000000 0.000000 1.000000 0.000000
1.000000 0.000278 0.000000 -0.079946 -0.000278 1.000000 -0.000000 -0.021489 -0.000000 0.000000 1.000000 0.000000
1.000000 0.000202 0.000000 -0.075842 -0.000202 1.000000 -0.000000 -0.017344 -0.000000 0.000000 1.000000 0.000000
1.000000 0.000358 0.000000 -0.082351 -0.000358 1.000000 -0.000000 -0.028125 -0.000000 0.000000 1.000000 0.000000
1.000000 0.000254 0.000000 -0.076030 -0.000254 1.000000 -0.000000 -0.021305 -0.000000 0.000000 1.000000 0.000000
1.000000 0.000120 0.000000 -0.077595 -0.000120 1.000000 -0.000000 -0.012760 -0.000000 0.000000 1.000000 0.000000
1.000000 0.000113 0.000000 -0.075948 -0.000113 1.000000 -0.000000 -0.013729 -0.000000 0.000000 1.000000 0.000000
1.000000 0.000155 0.000000 -0.076876 -0.000155 1.000000 -0.000000 -0.014987 -0.000000 0.000000 1.000000 0.000000
1.000000 0.000296 0.000000 -0.082035 -0.000296 1.000000 -0.000000 -0.022611 -0.000000 0.000000 1.000000 0.000000
1.000000 0.000182 0.000000 -0.079235 -0.000182 1.000000 -0.000000 -0.016756 -0.000000 0.000000 1.000000 0.000000
1.000000 0.000133 0.000000 -0.078999 -0.000133 1.000000 -0.000000 -0.013666 -0.000000 0.000000 1.000000 0.000000
1.000000 0.000290 0.000000 -0.071002 -0.000290 1.000000 -0.000000 -0.020467 -0.000000 0.000000 1.000000 0.000000
1.000000 0.000292 0.000000 -0.078441 -0.000292 1.000000 -0.000000 -0.022298 -0.000000 0.000000 1.000000 0.000000
1.000000 0.000178 0.000000 -0.080028 -0.000178 1.000000 -0.000000 -0.016669 -0.000000 0.000000 1.000000 0.000000
1.000000 0.000150 0.000000 -0.075859 -0.000150 1.000000 -0.000000 -0.014347 -0.000000 0.000000 1.000000 0.000000
1.000000 0.000170 0.000000 -0.080207 -0.000170 1.000000 -0.000000 -0.015862 -0.000000 0.000000 1.000000 0.000000
1.000000 0.000201 0.000000 -0.076742 -0.000201 1.000000 -0.000000 -0.017250 -0.000000 0.000000 1.000000 0.000000
1.000000 0.000236 0.000000 -0.078070 -0.000236 1.000000 -0.000000 -0.019339 -0.000000 0.000000 1.000000 0.000000
1.000000 0.000197 0.000000 -0.076705 -0.000197 1.000000 -0.000000 -0.017270 -0.000000 0.000000 1.000000 0.000000
1.000000 0.000132 0.000000 -0.082531 -0.000132 1.000000 -0.000000 -0.015357 -0.000000 0.000000 1.000000 0.000000
1.000000 0.000169 0.000000 -0.078002 -0.000169 1.000000 -0.000000 -0.015675 -0.000000 0.000000 1.000000 0.000000
1.000000 0.000227 0.000000 -0.081275 -0.000227 1.000000 -0.000000 -0.018934 -0.000000 0.000000 1.000000 0.000000
1.000000 0.000290 0.000000 -0.073831 -0.000290 1.000000 -0.000000 -0.020764 -0.000000 0.000000 1.000000 0.000000
1.000000 0.000170 0.000000 -0.076806 -0.000170 1.000000 -0.000000 -0.015855 -0.000000 0.000000 1.000000 0.000000
1.000000 0.000167 0.000000 -0.078143 -0.000167 1.000000 -0.000000 -0.015292 -0.000000 0.000000 1.000000 0.000000
1.000000 0.000115 0.000000 -0.078215 -0.000115 1.000000 -0.000000 -0.013346 -0.000000 0.000000 1.000000 0.000000
1.000000 0.000285 0.000000 -0.073777 -0.000285 1.000000 -0.000000 -0.020415 -0.000000 0.000000 1.000000 0.000000
1.000000 0.000367 0.000000 -0.070751 -0.000367 1.000000 -0.000000 -0.024017 -0.000000 0.000000 1.000000 0.000000
1.000000 0.000372 0.000000 -0.080678 -0.000372 1.000000 -0.000000 -0.025937 -0.000000 0.000000 1.000000 0.000000
1.000000 0.000555 0.000000 -0.071445 -0.000555 1.000000 -0.000000 -0.031680 -0.000000 0.000000 1.000000 0.000000
1.000000 0.000317 0.000000 -0.074883 -0.000317 1.000000 -0.000000 -0.021514 -0.000000 0.000000 1.000000 0.000000
1.000000 0.000445 0.000000 -0.071686 -0.000445 1.000000 -0.000000 -0.027212 -0.000000 0.000000 1.000000 0.000000
1.000000 0.000347 0.000000 -0.067473 -0.000347 1.000000 -0.000000 -0.022278 -0.000000 0.000000 1.000000 0.000000
1.000000 0.000402 0.000000 -0.073188 -0.000402 1.000000 -0.000000 -0.025348 -0.000000 0.000000 1.000000 0.000000
1.000000 0.000467 0.000000 -0.073757 -0.000467 1.000000 -0.000000 -0.029172 -0.000000 0.000000 1.000000 0.000000
1.000000 0.000552 0.000000 -0.074290 -0.000552 1.000000 -0.000000 -0.032009 -0.000000 0.000000 1.000000 0.000000
1.000000 0.000454 0.000000 -0.072365 -0.000454 1.000000 -0.000000 -0.027619 -0.000000 0.000000 1.000000 0.000000
1.000000 0.000499 0.000000 -0.076948 -0.000499 1.000000 -0.000000 -0.030591 -0.000000 0.000000 1.000000 0.000000
1.000000 0.000542 0.000000 -0.072970 -0.000542 1.000000 -0.000000 -0.032120 -0.000000 0.000000 1.000000 0.000000
1.000000 0.000321 0.000000 -0.077029 -0.000321 1.000000 -0.000000 -0.022529 -0.000000 0.000000 1.000000 0.000000
1.000000 0.000348 0.000000 -0.075426 -0.000348 1.000000 -0.000000 -0.024374 -0.000000 0.000000 1.000000 0.000000
1.000000 0.000540 0.000000 -0.069372 -0.000540 1.000000 -0.000000 -0.031434 -0.000000 0.000000 1.000000 0.000000
1.000000 0.000489 0.000000 -0.072333 -0.000489 1.000000 -0.000000 -0.028911 -0.000000 0.000000 1.000000 0.000000
1.000000 0.000527 0.000000 -0.065887 -0.000527 1.000000 -0.000000 -0.030271 -0.000000 0.000000 1.000000 0.000000
1.000000 0.000576 0.000000 -0.077029 -0.000576 1.000000 -0.000000 -0.034143 -0.000000 0.000000 1.000000 0.000000
1.000000 0.000356 0.000000 -0.078354 -0.000356 1.000000 -0.000000 -0.024028 -0.000000 0.000000 1.000000 0.000000
1.000000 0.000374 0.000000 -0.080987 -0.000374 1.000000 -0.000000 -0.025209 -0.000000 0.000000 1.000000 0.000000
1.000000 0.000390 0.000000 -0.078798 -0.000390 1.000000 -0.000000 -0.025651 -0.000000 0.000000 1.000000 0.000000
1.000000 0.000354 0.000000 -0.078342 -0.000354 1.000000 -0.000000 -0.024125 -0.000000 0.000000 1.000000 0.000000
1.000000 0.000524 0.000000 -0.079996 -0.000524 1.000000 -0.000000 -0.031851 -0.000000 0.000000 1.000000 0.000000
1.000000 0.000393 0.000000 -0.079471 -0.000393 1.000000 -0.000000 -0.025879 -0.000000 0.000000 1.000000 0.000000
1.000000 0.000545 0.000000 -0.088511 -0.000545 1.000000 -0.000000 -0.034225 -0.000000 0.000000 1.000000 0.000000
1.000000 0.000442 0.000000 -0.080953 -0.000442 1.000000 -0.000000 -0.028545 -0.000000 0.000000 1.000000 0.000000
1.000000 0.000401 0.000000 -0.083506 -0.000401 1.000000 -0.000000 -0.026143 -0.000000 0.000000 1.000000 0.000000
1.000000 0.000406 0.000000 -0.083139 -0.000406 1.000000 -0.000000 -0.026836 -0.000000 0.000000 1.000000 0.000000
1.000000 0.000364 0.000000 -0.078009 -0.000364 1.000000 -0.000000 -0.024965 -0.000000 0.000000 1.000000 0.000000
1.000000 0.000361 0.000000 -0.078920 -0.000361 1.000000 -0.000000 -0.024583 -0.000000 0.000000 1.000000 0.000000
1.000000 0.000380 0.000000 -0.071192 -0.000380 1.000000 -0.000000 -0.023783 -0.000000 0.000000 1.000000 0.000000
1.000000 0.000371 0.000000 -0.072966 -0.000371 1.000000 -0.000000 -0.023451 -0.000000 0.000000 1.000000 0.000000
1.000000 0.000359 0.000000 -0.079631 -0.000359 1.000000 -0.000000 -0.024427 -0.000000 0.000000 1.000000 0.000000
1.000000 0.000358 0.000000 -0.079081 -0.000358 1.000000 -0.000000 -0.024368 -0.000000 0.000000 1.000000 0.000000
1.000000 0.000405 0.000000 -0.079131 -0.000405 1.000000 -0.000000 -0.027960 -0.000000 0.000000 1.000000 0.000000
1.000000 0.000428 0.000000 -0.075938 -0.000428 1.000000 -0.000000 -0.030294 -0.000000 0.000000 1.000000 0.000000
1.000000 0.000413 0.000000 -0.078149 -0.000413 1.000000 -0.000000 -0.027281 -0.000000 0.000000 1.000000 0.000000
1.000000 0.000406 0.000000 -0.078940 -0.000406 1.000000 -0.000000 -0.026568 -0.000000 0.000000 1.000000 0.000000
1.000000 0.000429 0.000000 -0.077910 -0.000429 1.000000 -0.000000 -0.028070 -0.000000 0.000000 1.000000 0.000000
1.000000 0.000433 0.000000 -0.077161 -0.000433 1.000000 -0.000000 -0.028360 -0.000000 0.000000 1.000000 0.000000
1.000000 0.000390 0.000000 -0.071818 -0.000390 1.000000 -0.000000 -0.032783 -0.000000 0.000000 1.000000 0.000000
1.000000 0.000541 0.000000 -0.066571 -0.000541 1.000000 -0.000000 -0.028051 -0.000000 0.000000 1.000000 0.000000
1.000000 0.000444 0.000000 -0.037078 -0.000444 1.000000 -0.000000 -0.032816 -0.000000 0.000000 1.000000 0.000000
1.000000 0.000324 0.000000 0.028695 -0.000324 1.000000 -0.000000 -0.007470 -0.000000 0.000000 1.000000 0.000000
1.000000 -0.000614 0.000000 0.127401 0.000614 1.000000 0.000000 -0.000533 0.000000 0.000000 1.000000 0.000000
0.999988 -0.004803 0.000000 0.198669 0.004803 0.999988 0.000000 -0.029807 0.000000 0.000000 1.000000 0.000000
0.999966 -0.008225 0.000000 0.330803 0.008225 0.999966 0.000000 0.001794 0.000000 0.000000 1.000000 0.000000
0.999773 -0.021285 0.000000 0.544095 0.021285 0.999773 0.000000 -0.022661 0.000000 0.000000 1.000000 0.000000
0.999393 -0.034842 0.000000 0.803530 0.034842 0.999393 0.000000 -0.021258 0.000000 0.000000 1.000000 0.000000
0.999047 -0.043642 0.000000 1.080505 0.043642 0.999047 0.000000 0.015803 0.000000 0.000000 1.000000 0.000000
0.998286 -0.058524 0.000000 1.503500 0.058524 0.998286 0.000000 0.099157 0.000000 0.000000 1.000000 0.000000
0.997340 -0.072891 0.000000 1.923972 0.072891 0.997340 0.000000 0.093421 0.000000 0.000000 1.000000 0.000000
0.996060 -0.088683 0.000000 2.505739 0.088683 0.996060 0.000000 0.162287 0.000000 0.000000 1.000000 0.000000
0.994897 -0.100892 0.000000 3.218518 0.100892 0.994897 0.000000 0.234218 0.000000 0.000000 1.000000 0.000000
0.993665 -0.112379 0.000000 3.754119 0.112379 0.993665 0.000000 0.250140 0.000000 0.000000 1.000000 0.000000
0.992487 -0.122350 0.000000 4.467962 0.122350 0.992487 0.000000 0.416666 0.000000 0.000000 1.000000 0.000000
0.992635 -0.121143 0.000000 5.318262 0.121143 0.992635 0.000000 0.569801 0.000000 0.000000 1.000000 0.000000
0.992661 -0.120934 0.000000 6.240277 0.120934 0.992661 0.000000 0.656550 0.000000 0.000000 1.000000 0.000000
0.992798 -0.119803 0.000000 7.343598 0.119803 0.992798 0.000000 0.809252 0.000000 0.000000 1.000000 0.000000
0.992977 -0.118308 0.000000 8.360045 0.118308 0.992977 0.000000 0.968918 0.000000 0.000000 1.000000 0.000000
0.992737 -0.120302 0.000000 9.416026 0.120302 0.992737 0.000000 1.005691 0.000000 0.000000 1.000000 0.000000
0.992707 -0.120549 0.000000 10.565462 0.120549 0.992707 0.000000 1.185369 0.000000 0.000000 1.000000 0.000000
0.993560 -0.113307 0.000000 11.876559 0.113307 0.993560 0.000000 1.301749 0.000000 0.000000 1.000000 0.000000
0.993984 -0.109523 0.000000 13.079373 0.109523 0.993984 0.000000 1.463454 0.000000 0.000000 1.000000 0.000000
0.994305 -0.106574 0.000000 14.275353 0.106574 0.994305 0.000000 1.633245 0.000000 0.000000 1.000000 0.000000
0.994498 -0.104760 0.000000 15.608613 0.104760 0.994498 0.000000 1.670286 0.000000 0.000000 1.000000 0.000000
0.995134 -0.098532 0.000000 16.825310 0.098532 0.995134 0.000000 1.831722 0.000000 0.000000 1.000000 0.000000
0.995682 -0.092827 0.000000 18.143082 0.092827 0.995682 0.000000 1.958066 0.000000 0.000000 1.000000 0.000000
0.996270 -0.086288 0.000000 19.465424 0.086288 0.996270 0.000000 2.048856 0.000000 0.000000 1.000000 0.000000
0.996967 -0.077823 0.000000 20.886688 0.077823 0.996967 0.000000 2.162399 0.000000 0.000000 1.000000 0.000000
0.997429 -0.071665 0.000000 22.248089 0.071665 0.997429 0.000000 2.272102 0.000000 0.000000 1.000000 0.000000
0.997861 -0.065374 0.000000 23.607960 0.065374 0.997861 0.000000 2.325291 0.000000 0.000000 1.000000 0.000000
0.998038 -0.062608 0.000000 24.936563 0.062608 0.998038 0.000000 2.405217 0.000000 0.000000 1.000000 0.000000
0.997983 -0.063477 0.000000 26.316484 0.063477 0.997983 0.000000 2.474667 0.000000 0.000000 1.000000 0.000000
0.998189 -0.060162 0.000000 27.618332 0.060162 0.998189 0.000000 2.546660 0.000000 0.000000 1.000000 0.000000
0.998467 -0.055344 0.000000 29.105040 0.055344 0.998467 0.000000 2.611311 0.000000 0.000000 1.000000 0.000000
0.998585 -0.053174 0.000000 30.580067 0.053174 0.998585 0.000000 2.653192 0.000000 0.000000 1.000000 0.000000
0.998567 -0.053515 0.000000 32.153625 0.053515 0.998567 0.000000 2.774639 0.000000 0.000000 1.000000 0.000000
0.998720 -0.050571 0.000000 33.888367 0.050571 0.998720 0.000000 2.858314 0.000000 0.000000 1.000000 0.000000
0.998804 -0.048888 0.000000 35.416107 0.048888 0.998804 0.000000 2.911190 0.000000 0.000000 1.000000 0.000000
0.998767 -0.049648 0.000000 37.025391 0.049648 0.998767 0.000000 2.982378 0.000000 0.000000 1.000000 0.000000
0.998686 -0.051248 0.000000 38.944202 0.051248 0.998686 0.000000 3.149274 0.000000 0.000000 1.000000 0.000000
0.999173 -0.040657 0.000000 40.741501 0.040657 0.999173 0.000000 3.159251 0.000000 0.000000 1.000000 0.000000
0.999418 -0.034107 0.000000 42.726852 0.034107 0.999418 0.000000 3.178261 0.000000 0.000000 1.000000 0.000000
0.999541 -0.030305 0.000000 44.484951 0.030305 0.999541 0.000000 3.248105 0.000000 0.000000 1.000000 0.000000
0.999704 -0.024330 0.000000 46.507641 0.024330 0.999704 0.000000 3.256464 0.000000 0.000000 1.000000 0.000000
0.999728 -0.023321 0.000000 48.418705 0.023321 0.999728 0.000000 3.270874 0.000000 0.000000 1.000000 0.000000
0.999856 -0.016982 0.000000 50.238075 0.016982 0.999856 0.000000 3.374190 0.000000 0.000000 1.000000 0.000000
0.999953 -0.009729 0.000000 52.343231 0.009729 0.999953 0.000000 3.310160 0.000000 0.000000 1.000000 0.000000
1.000000 0.000650 0.000000 54.324444 -0.000650 1.000000 -0.000000 3.349681 -0.000000 0.000000 1.000000 0.000000
0.999957 0.009307 0.000000 56.252087 -0.009307 0.999957 -0.000000 3.327273 -0.000000 0.000000 1.000000 0.000000
0.999822 0.018869 0.000000 58.224949 -0.018869 0.999822 -0.000000 3.243515 -0.000000 0.000000 1.000000 0.000000
0.999723 0.023529 0.000000 60.330555 -0.023529 0.999723 -0.000000 3.187346 -0.000000 0.000000 1.000000 0.000000
0.999752 0.022263 0.000000 62.291435 -0.022263 0.999752 -0.000000 3.111486 -0.000000 0.000000 1.000000 0.000000
0.999869 0.016162 0.000000 64.144958 -0.016162 0.999869 -0.000000 3.010563 -0.000000 0.000000 1.000000 0.000000
0.999980 0.006353 0.000000 66.095779 -0.006353 0.999980 -0.000000 2.933254 -0.000000 0.000000 1.000000 0.000000
0.999986 -0.005374 0.000000 68.190178 0.005374 0.999986 0.000000 2.936691 0.000000 0.000000 1.000000 0.000000
0.999847 -0.017492 0.000000 70.281631 0.017492 0.999847 0.000000 3.006740 0.000000 0.000000 1.000000 0.000000
0.999704 -0.024313 0.000000 72.290588 0.024313 0.999704 0.000000 3.066904 0.000000 0.000000 1.000000 0.000000
0.999390 -0.034918 0.000000 74.316612 0.034918 0.999390 0.000000 3.041292 0.000000 0.000000 1.000000 0.000000
0.998975 -0.045262 0.000000 76.409485 0.045262 0.998975 0.000000 3.115102 0.000000 0.000000 1.000000 0.000000
0.998262 -0.058929 0.000000 78.460335 0.058929 0.998262 0.000000 3.230815 0.000000 0.000000 1.000000 0.000000
0.997898 -0.064800 0.000000 80.705917 0.064800 0.997898 0.000000 3.396271 0.000000 0.000000 1.000000 0.000000
0.998029 -0.062747 0.000000 82.858871 0.062747 0.998029 0.000000 3.586446 0.000000 0.000000 1.000000 0.000000
0.998103 -0.061561 0.000000 85.097801 0.061561 0.998103 0.000000 3.684852 0.000000 0.000000 1.000000 0.000000
0.998057 -0.062306 0.000000 87.203995 0.062306 0.998057 0.000000 3.871445 0.000000 0.000000 1.000000 0.000000
0.998263 -0.058909 0.000000 89.387939 0.058909 0.998263 0.000000 3.901264 0.000000 0.000000 1.000000 0.000000
0.997965 -0.063771 0.000000 91.599197 0.063771 0.997965 0.000000 4.086204 0.000000 0.000000 1.000000 0.000000
0.998158 -0.060672 0.000000 93.859550 0.060672 0.998158 0.000000 4.237530 0.000000 0.000000 1.000000 0.000000
0.998225 -0.059561 0.000000 96.155594 0.059561 0.998225 0.000000 4.352256 0.000000 0.000000 1.000000 0.000000
0.998764 -0.049711 0.000000 98.533035 0.049711 0.998764 0.000000 4.339928 0.000000 0.000000 1.000000 0.000000
0.999118 -0.042000 0.000000 100.803131 0.042000 0.999118 0.000000 4.260715 0.000000 0.000000 1.000000 0.000000
0.999337 -0.036409 0.000000 103.029381 0.036409 0.999337 0.000000 4.464756 0.000000 0.000000 1.000000 0.000000
0.999331 -0.036564 0.000000 105.350204 0.036564 0.999331 0.000000 4.517137 0.000000 0.000000 1.000000 0.000000
0.999438 -0.033521 0.000000 107.674042 0.033521 0.999438 0.000000 4.644773 0.000000 0.000000 1.000000 0.000000
0.999586 -0.028766 0.000000 110.053993 0.028766 0.999586 0.000000 4.636177 0.000000 0.000000 1.000000 0.000000
0.999671 -0.025656 0.000000 112.467873 0.025656 0.999671 0.000000 4.661066 0.000000 0.000000 1.000000 0.000000
0.999554 -0.029867 0.000000 114.986382 0.029867 0.999554 0.000000 4.740922 0.000000 0.000000 1.000000 0.000000
0.999577 -0.029071 0.000000 117.350037 0.029071 0.999577 0.000000 4.688894 0.000000 0.000000 1.000000 0.000000
0.999379 -0.035225 0.000000 119.830154 0.035225 0.999379 0.000000 4.896513 0.000000 0.000000 1.000000 0.000000
0.999475 -0.032409 0.000000 122.241859 0.032409 0.999475 0.000000 4.893508 0.000000 0.000000 1.000000 0.000000
0.999376 -0.035325 0.000000 124.541771 0.035325 0.999376 0.000000 5.004270 0.000000 0.000000 1.000000 0.000000
0.999341 -0.036299 0.000000 127.118668 0.036299 0.999341 0.000000 5.027609 0.000000 0.000000 1.000000 0.000000
0.999495 -0.031778 0.000000 129.508896 0.031778 0.999495 0.000000 5.046835 0.000000 0.000000 1.000000 0.000000
0.999393 -0.034834 0.000000 132.063446 0.034834 0.999393 0.000000 5.324674 0.000000 0.000000 1.000000 0.000000
0.999421 -0.034031 0.000000 134.572357 0.034031 0.999421 0.000000 5.309353 0.000000 0.000000 1.000000 0.000000
0.999414 -0.034227 0.000000 137.152466 0.034227 0.999414 0.000000 5.349104 0.000000 0.000000 1.000000 0.000000
0.999463 -0.032770 0.000000 139.657089 0.032770 0.999463 0.000000 5.507517 0.000000 0.000000 1.000000 0.000000
0.999301 -0.037394 0.000000 142.047165 0.037394 0.999301 0.000000 5.611847 0.000000 0.000000 1.000000 0.000000
0.999151 -0.041193 0.000000 144.536102 0.041193 0.999151 0.000000 5.576054 0.000000 0.000000 1.000000 0.000000
0.999326 -0.036703 0.000000 147.023499 0.036703 0.999326 0.000000 5.703139 0.000000 0.000000 1.000000 0.000000
0.999335 -0.036461 0.000000 149.652435 0.036461 0.999335 0.000000 5.774400 0.000000 0.000000 1.000000 0.000000
0.999268 -0.038248 0.000000 152.170837 0.038248 0.999268 0.000000 5.865687 0.000000 0.000000 1.000000 0.000000
0.999230 -0.039243 0.000000 154.631668 0.039243 0.999230 0.000000 5.954133 0.000000 0.000000 1.000000 0.000000
0.999281 -0.037916 0.000000 156.986771 0.037916 0.999281 0.000000 5.998128 0.000000 0.000000 1.000000 0.000000
0.999331 -0.036584 0.000000 159.393280 0.036584 0.999331 0.000000 6.025578 0.000000 0.000000 1.000000 0.000000
0.999290 -0.037689 0.000000 161.769302 0.037689 0.999290 0.000000 6.085694 0.000000 0.000000 1.000000 0.000000
0.999015 -0.044371 0.000000 164.119858 0.044371 0.999015 0.000000 6.219032 0.000000 0.000000 1.000000 0.000000
0.999081 -0.042860 0.000000 166.432007 0.042860 0.999081 0.000000 6.371877 0.000000 0.000000 1.000000 0.000000
0.998983 -0.045086 0.000000 168.736832 0.045086 0.998983 0.000000 6.404439 0.000000 0.000000 1.000000 0.000000
0.999037 -0.043873 0.000000 171.019791 0.043873 0.999037 0.000000 6.518181 0.000000 0.000000 1.000000 0.000000
0.999001 -0.044677 0.000000 173.121384 0.044677 0.999001 0.000000 6.623535 0.000000 0.000000 1.000000 0.000000
0.998930 -0.046250 0.000000 175.452362 0.046250 0.998930 0.000000 6.676148 0.000000 0.000000 1.000000 0.000000
0.998914 -0.046582 0.000000 177.599945 0.046582 0.998914 0.000000 6.800026 0.000000 0.000000 1.000000 0.000000
0.998604 -0.052820 0.000000 179.797302 0.052820 0.998604 0.000000 7.002970 0.000000 0.000000 1.000000 0.000000
0.998544 -0.053947 0.000000 181.819382 0.053947 0.998544 0.000000 7.105366 0.000000 0.000000 1.000000 0.000000
0.998586 -0.053166 0.000000 183.870178 0.053166 0.998586 0.000000 7.213743 0.000000 0.000000 1.000000 0.000000
0.998523 -0.054322 0.000000 185.902435 0.054322 0.998523 0.000000 7.352970 0.000000 0.000000 1.000000 0.000000
0.998258 -0.059005 0.000000 188.116898 0.059005 0.998258 0.000000 7.403545 0.000000 0.000000 1.000000 0.000000
0.998172 -0.060441 0.000000 190.139008 0.060441 0.998172 0.000000 7.504535 0.000000 0.000000 1.000000 0.000000
0.997745 -0.067119 0.000000 191.993149 0.067119 0.997745 0.000000 7.671661 0.000000 0.000000 1.000000 0.000000
0.996790 -0.080064 0.000000 193.851730 0.080064 0.996790 0.000000 7.798989 0.000000 0.000000 1.000000 0.000000
0.995843 -0.091081 0.000000 195.774170 0.091081 0.995843 0.000000 7.954811 0.000000 0.000000 1.000000 0.000000
0.994806 -0.101792 0.000000 197.534744 0.101792 0.994806 0.000000 8.141561 0.000000 0.000000 1.000000 0.000000
0.993781 -0.111355 0.000000 199.454544 0.111355 0.993781 0.000000 8.342734 0.000000 0.000000 1.000000 0.000000
0.992937 -0.118646 0.000000 201.015961 0.118646 0.992937 0.000000 8.475867 0.000000 0.000000 1.000000 0.000000
0.992074 -0.125652 0.000000 202.791565 0.125652 0.992074 0.000000 8.717889 0.000000 0.000000 1.000000 0.000000
0.991721 -0.128412 0.000000 204.573883 0.128412 0.991721 0.000000 8.948332 0.000000 0.000000 1.000000 0.000000
0.991380 -0.131014 0.000000 206.161514 0.131014 0.991380 0.000000 9.149281 0.000000 0.000000 1.000000 0.000000
0.990994 -0.133907 0.000000 208.051208 0.133907 0.990994 0.000000 9.412416 0.000000 0.000000 1.000000 0.000000
0.990723 -0.135897 0.000000 209.690613 0.135897 0.990723 0.000000 9.665621 0.000000 0.000000 1.000000 0.000000
0.989938 -0.141499 0.000000 211.204147 0.141499 0.989938 0.000000 9.903651 0.000000 0.000000 1.000000 0.000000
0.989664 -0.143404 0.000000 212.800781 0.143404 0.989664 0.000000 10.200041 0.000000 0.000000 1.000000 0.000000
0.989514 -0.144435 0.000000 214.445374 0.144435 0.989514 0.000000 10.388927 0.000000 0.000000 1.000000 0.000000
0.988715 -0.149808 0.000000 216.216614 0.149808 0.988715 0.000000 10.651386 0.000000 0.000000 1.000000 0.000000
0.988387 -0.151956 0.000000 217.897690 0.151956 0.988387 0.000000 10.920441 0.000000 0.000000 1.000000 0.000000
0.987482 -0.157732 0.000000 219.363602 0.157732 0.987482 0.000000 11.097939 0.000000 0.000000 1.000000 0.000000
0.986817 -0.161843 0.000000 220.811401 0.161843 0.986817 0.000000 11.348996 0.000000 0.000000 1.000000 0.000000
0.986864 -0.161553 0.000000 222.460861 0.161553 0.986864 0.000000 11.655423 0.000000 0.000000 1.000000 0.000000
0.987133 -0.159902 0.000000 223.888687 0.159902 0.987133 0.000000 11.884790 0.000000 0.000000 1.000000 0.000000
0.986624 -0.163011 0.000000 225.349518 0.163011 0.986624 0.000000 12.110442 0.000000 0.000000 1.000000 0.000000
0.987088 -0.160178 0.000000 226.751831 0.160178 0.987088 0.000000 12.316818 0.000000 0.000000 1.000000 0.000000
0.986924 -0.161183 0.000000 228.059067 0.161183 0.986924 0.000000 12.569028 0.000000 0.000000 1.000000 0.000000
0.987517 -0.157515 0.000000 229.379074 0.157515 0.987517 0.000000 12.750766 0.000000 0.000000 1.000000 0.000000
0.986695 -0.162584 0.000000 230.730103 0.162584 0.986695 0.000000 12.969973 0.000000 0.000000 1.000000 0.000000
0.986552 -0.163451 0.000000 231.937912 0.163451 0.986552 0.000000 13.113867 0.000000 0.000000 1.000000 0.000000
0.986745 -0.162278 0.000000 233.130844 0.162278 0.986745 0.000000 13.338429 0.000000 0.000000 1.000000 0.000000
0.986293 -0.165003 0.000000 234.363098 0.165003 0.986293 0.000000 13.535529 0.000000 0.000000 1.000000 0.000000
0.985800 -0.167923 0.000000 235.554260 0.167923 0.985800 0.000000 13.710417 0.000000 0.000000 1.000000 0.000000
0.984880 -0.173237 0.000000 236.718658 0.173237 0.984880 0.000000 13.909712 0.000000 0.000000 1.000000 0.000000
0.985269 -0.171013 0.000000 237.855087 0.171013 0.985269 0.000000 14.101665 0.000000 0.000000 1.000000 0.000000
0.985684 -0.168603 0.000000 238.983414 0.168603 0.985684 0.000000 14.317478 0.000000 0.000000 1.000000 0.000000
0.985247 -0.171141 0.000000 240.133652 0.171141 0.985247 0.000000 14.540069 0.000000 0.000000 1.000000 0.000000
0.986086 -0.166237 0.000000 241.275558 0.166237 0.986086 0.000000 14.731179 0.000000 0.000000 1.000000 0.000000
0.986706 -0.162515 0.000000 242.489349 0.162515 0.986706 0.000000 14.974170 0.000000 0.000000 1.000000 0.000000
0.987408 -0.158197 0.000000 243.728577 0.158197 0.987408 0.000000 15.096983 0.000000 0.000000 1.000000 0.000000
0.988469 -0.151422 0.000000 245.075226 0.151422 0.988469 0.000000 15.265837 0.000000 0.000000 1.000000 0.000000
0.988602 -0.150552 0.000000 246.390182 0.150552 0.988602 0.000000 15.523227 0.000000 0.000000 1.000000 0.000000
0.989089 -0.147322 0.000000 247.892899 0.147322 0.989089 0.000000 15.721047 0.000000 0.000000 1.000000 0.000000
0.988675 -0.150070 0.000000 249.325943 0.150070 0.988675 0.000000 15.872132 0.000000 0.000000 1.000000 0.000000
0.988064 -0.154043 0.000000 250.825241 0.154043 0.988064 0.000000 16.106920 0.000000 0.000000 1.000000 0.000000
0.987577 -0.157136 0.000000 252.297852 0.157136 0.987577 0.000000 16.363310 0.000000 0.000000 1.000000 0.000000
0.986520 -0.163641 0.000000 253.870255 0.163641 0.986520 0.000000 16.627712 0.000000 0.000000 1.000000 0.000000
0.985552 -0.169372 0.000000 255.471283 0.169372 0.985552 0.000000 16.878515 0.000000 0.000000 1.000000 0.000000
0.986692 -0.162600 0.000000 257.004822 0.162600 0.986692 0.000000 17.161125 0.000000 0.000000 1.000000 0.000000
0.986258 -0.165214 0.000000 258.810089 0.165214 0.986258 0.000000 17.447006 0.000000 0.000000 1.000000 0.000000
0.986246 -0.165287 0.000000 260.653931 0.165287 0.986246 0.000000 17.762543 0.000000 0.000000 1.000000 0.000000
0.986921 -0.161203 0.000000 262.274841 0.161203 0.986921 0.000000 17.979424 0.000000 0.000000 1.000000 0.000000
0.986509 -0.163709 0.000000 264.021698 0.163709 0.986509 0.000000 18.356514 0.000000 0.000000 1.000000 0.000000
0.986791 -0.161998 0.000000 265.798553 0.161998 0.986791 0.000000 18.548388 0.000000 0.000000 1.000000 0.000000
0.986975 -0.160875 0.000000 267.748291 0.160875 0.986975 0.000000 18.890324 0.000000 0.000000 1.000000 0.000000
0.987639 -0.156745 0.000000 269.488281 0.156745 0.987639 0.000000 19.138052 0.000000 0.000000 1.000000 0.000000
0.987837 -0.155490 0.000000 271.446594 0.155490 0.987837 0.000000 19.410797 0.000000 0.000000 1.000000 0.000000
0.988965 -0.148148 0.000000 273.309937 0.148148 0.988965 0.000000 19.675888 0.000000 0.000000 1.000000 0.000000
0.989205 -0.146536 0.000000 275.178833 0.146536 0.989205 0.000000 19.982374 0.000000 0.000000 1.000000 0.000000
0.990416 -0.138113 0.000000 277.013306 0.138113 0.990416 0.000000 20.222284 0.000000 0.000000 1.000000 0.000000
0.991239 -0.132077 0.000000 278.864258 0.132077 0.991239 0.000000 20.472532 0.000000 0.000000 1.000000 0.000000
0.991597 -0.129362 0.000000 280.885040 0.129362 0.991597 0.000000 20.736794 0.000000 0.000000 1.000000 0.000000
0.992003 -0.126215 0.000000 282.794830 0.126215 0.992003 0.000000 20.944450 0.000000 0.000000 1.000000 0.000000
0.992600 -0.121428 0.000000 284.679321 0.121428 0.992600 0.000000 21.189299 0.000000 0.000000 1.000000 0.000000
