1.000000 0.000034 0.000000 -0.002086 -0.000034 1.000000 -0.000000 -0.002310 -0.000000 0.000000 1.000000 0.000000
1.000000 0.000009 0.000000 -0.002901 -0.000009 1.000000 -0.000000 0.000495 -0.000000 0.000000 1.000000 0.000000
1.000000 0.000011 0.000000 0.002496 -0.000011 1.000000 -0.000000 -0.000234 -0.000000 0.000000 1.000000 0.000000
1.000000 0.000020 0.000000 -0.002853 -0.000020 1.000000 -0.000000 -0.000442 -0.000000 0.000000 1.000000 0.000000
1.000000 -0.000010 0.000000 -0.005920 0.000010 1.000000 0.000000 0.000015 0.000000 0.000000 1.000000 0.000000
1.000000 0.000021 0.000000 -0.004097 -0.000021 1.000000 -0.000000 -0.000712 -0.000000 0.000000 1.000000 0.000000
1.000000 0.000075 0.000000 -0.007563 -0.000075 1.000000 -0.000000 -0.000142 -0.000000 0.000000 1.000000 0.000000
1.000000 0.000086 0.000000 -0.009631 -0.000086 1.000000 -0.000000 0.000491 -0.000000 0.000000 1.000000 0.000000
1.000000 0.000027 0.000000 -0.003212 -0.000027 1.000000 -0.000000 0.000613 -0.000000 0.000000 1.000000 0.000000
1.000000 0.000040 0.000000 -0.017636 -0.000040 1.000000 -0.000000 -0.005795 -0.000000 0.000000 1.000000 0.000000
1.000000 0.000040 0.000000 -0.002574 -0.000040 1.000000 -0.000000 -0.001152 -0.000000 0.000000 1.000000 0.000000
1.000000 -0.000009 0.000000 -0.005654 0.000009 1.000000 0.000000 -0.005144 0.000000 0.000000 1.000000 0.000000
1.000000 -0.000065 0.000000 0.002808 0.000065 1.000000 0.000000 -0.007091 0.000000 0.000000 1.000000 0.000000
1.000000 -0.000063 0.000000 0.001789 0.000063 1.000000 0.000000 -0.008309 0.000000 0.000000 1.000000 0.000000
1.000000 -0.000067 0.000000 -0.000150 0.000067 1.000000 0.000000 -0.010359 0.000000 0.000000 1.000000 0.000000
1.000000 -0.000071 0.000000 0.001530 0.000071 1.000000 0.000000 -0.009253 0.000000 0.000000 1.000000 0.000000
1.000000 -0.000091 0.000000 0.000636 0.000091 1.000000 0.000000 -0.009631 0.000000 0.000000 1.000000 0.000000
1.000000 -0.000058 0.000000 0.005716 0.000058 1.000000 0.000000 -0.008812 0.000000 0.000000 1.000000 0.000000
1.000000 -0.000085 0.000000 0.009004 0.000085 1.000000 0.000000 -0.010421 0.000000 0.000000 1.000000 0.000000
1.000000 -0.000085 0.000000 0.009337 0.000085 1.000000 0.000000 -0.008604 0.000000 0.000000 1.000000 0.000000
1.000000 -0.000038 0.000000 0.003591 0.000038 1.000000 0.000000 -0.009879 0.000000 0.000000 1.000000 0.000000
1.000000 -0.000094 0.000000 -0.000126 0.000094 1.000000 0.000000 -0.005676 0.000000 0.000000 1.000000 0.000000
1.000000 -0.000066 0.000000 -0.001064 0.000066 1.000000 0.000000 -0.008199 0.000000 0.000000 1.000000 0.000000
1.000000 -0.000051 0.000000 0.000123 0.000051 1.000000 0.000000 -0.008661 0.000000 0.000000 1.000000 0.000000
1.000000 -0.000183 0.000000 0.000893 0.000183 1.000000 0.000000 -0.000095 0.000000 0.000000 1.000000 0.000000
1.000000 -0.000076 0.000000 0.010994 0.000076 1.000000 0.000000 -0.005630 0.000000 0.000000 1.000000 0.000000
1.000000 -0.000069 0.000000 0.003070 0.000069 1.000000 0.000000 -0.007514 0.000000 0.000000 1.000000 0.000000
1.000000 -0.000058 0.000000 -0.003212 0.000058 1.000000 0.000000 -0.007452 0.000000 0.000000 1.000000 0.000000
1.000000 -0.000095 0.000000 -0.013596 0.000095 1.000000 0.000000 -0.007411 0.000000 0.000000 1.000000 0.000000
1.000000 -0.000073 0.000000 -0.001899 0.000073 1.000000 0.000000 -0.006113 0.000000 0.000000 1.000000 0.000000
1.000000 -0.000183 0.000000 0.000929 0.000183 1.000000 0.000000 -0.001616 0.000000 0.000000 1.000000 0.000000
1.000000 -0.000013 0.000000 -0.004980 0.000013 1.000000 0.000000 -0.006469 0.000000 0.000000 1.000000 0.000000
1.000000 0.000028 0.000000 -0.012736 -0.000028 1.000000 -0.000000 -0.006270 -0.000000 0.000000 1.000000 0.000000
1.000000 0.000007 0.000000 -0.010727 -0.000007 1.000000 -0.000000 -0.004961 -0.000000 0.000000 1.000000 0.000000
1.000000 -0.000037 0.000000 -0.011187 0.000037 1.000000 0.000000 -0.004201 0.000000 0.000000 1.000000 0.000000
1.000000 -0.000021 0.000000 -0.009428 0.000021 1.000000 0.000000 -0.003664 0.000000 0.000000 1.000000 0.000000
1.000000 0.000001 0.000000 -0.010587 -0.000001 1.000000 -0.000000 -0.006367 -0.000000 0.000000 1.000000 0.000000
1.000000 0.000023 0.000000 -0.007724 -0.000023 1.000000 -0.000000 -0.005294 -0.000000 0.000000 1.000000 0.000000
1.000000 -0.000012 0.000000 -0.010924 0.000012 1.000000 0.000000 -0.008374 0.000000 0.000000 1.000000 0.000000
1.000000 0.000026 0.000000 -0.012719 -0.000026 1.000000 -0.000000 -0.006659 -0.000000 0.000000 1.000000 0.000000
1.000000 0.000017 0.000000 -0.002690 -0.000017 1.000000 -0.000000 -0.008643 -0.000000 0.000000 1.000000 0.000000
1.000000 -0.000009 0.000000 -0.000119 0.000009 1.000000 0.000000 -0.006118 0.000000 0.000000 1.000000 0.000000
1.000000 -0.000018 0.000000 0.001876 0.000018 1.000000 0.000000 -0.005696 0.000000 0.000000 1.000000 0.000000
1.000000 -0.000024 0.000000 0.003272 0.000024 1.000000 0.000000 -0.006390 0.000000 0.000000 1.000000 0.000000
1.000000 0.000017 0.000000 -0.004902 -0.000017 1.000000 -0.000000 -0.007663 -0.000000 0.000000 1.000000 0.000000
1.000000 -0.000005 0.000000 -0.002132 0.000005 1.000000 0.000000 -0.007647 0.000000 0.000000 1.000000 0.000000
1.000000 -0.000013 0.000000 -0.002805 0.000013 1.000000 0.000000 -0.006458 0.000000 0.000000 1.000000 0.000000
1.000000 -0.000013 0.000000 -0.003975 0.000013 1.000000 0.000000 -0.006327 0.000000 0.000000 1.000000 0.000000
1.000000 -0.000009 0.000000 -0.000377 0.000009 1.000000 0.000000 -0.007064 0.000000 0.000000 1.000000 0.000000
1.000000 0.000019 0.000000 -0.001768 -0.000019 1.000000 -0.000000 -0.009417 -0.000000 0.000000 1.000000 0.000000
1.000000 0.000080 0.000000 -0.006423 -0.000080 1.000000 -0.000000 -0.013283 -0.000000 0.000000 1.000000 0.000000
1.000000 0.000094 0.000000 -0.005933 -0.000094 1.000000 -0.000000 -0.014079 -0.000000 0.000000 1.000000 0.000000
1.000000 0.000103 0.000000 -0.009308 -0.000103 1.000000 -0.000000 -0.014879 -0.000000 0.000000 1.000000 0.000000
1.000000 0.000119 0.000000 -0.007728 -0.000119 1.000000 -0.000000 -0.016160 -0.000000 0.000000 1.000000 0.000000
1.000000 0.000111 0.000000 -0.011266 -0.000111 1.000000 -0.000000 -0.014326 -0.000000 0.000000 1.000000 0.000000
1.000000 0.000087 0.000000 -0.004990 -0.000087 1.000000 -0.000000 -0.013928 -0.000000 0.000000 1.000000 0.000000
1.000000 0.000112 0.000000 -0.006043 -0.000112 1.000000 -0.000000 -0.015881 -0.000000 0.000000 1.000000 0.000000
1.000000 0.000152 0.000000 -0.014950 -0.000152 1.000000 -0.000000 -0.018780 -0.000000 0.000000 1.000000 0.000000
1.000000 0.000145 0.000000 -0.009666 -0.000145 1.000000 -0.000000 -0.016934 -0.000000 0.000000 1.000000 0.000000
1.000000 0.000100 0.000000 -0.011903 -0.000100 1.000000 -0.000000 -0.013945 -0.000000 0.000000 1.000000 0.000000
1.000000 0.000105 0.000000 -0.010046 -0.000105 1.000000 -0.000000 -0.014108 -0.000000 0.000000 1.000000 0.000000
1.000000 0.000071 0.000000 0.001140 -0.000071 1.000000 -0.000000 -0.011056 -0.000000 0.000000 1.000000 0.000000
1.000000 0.000094 0.000000 -0.009523 -0.000094 1.000000 -0.000000 -0.014818 -0.000000 0.000000 1.000000 0.000000
1.000000 0.000100 0.000000 -0.010823 -0.000100 1.000000 -0.000000 -0.014376 -0.000000 0.000000 1.000000 0.000000
1.000000 0.000116 0.000000 -0.007439 -0.000116 1.000000 -0.000000 -0.015206 -0.000000 0.000000 1.000000 0.000000
1.000000 0.000094 0.000000 -0.005145 -0.000094 1.000000 -0.000000 -0.014502 -0.000000 0.000000 1.000000 0.000000
1.000000 0.000093 0.000000 -0.006715 -0.000093 1.000000 -0.000000 -0.014252 -0.000000 0.000000 1.000000 0.000000
1.000000 0.000096 0.000000 -0.007931 -0.000096 1.000000 -0.000000 -0.014506 -0.000000 0.000000 1.000000 0.000000
1.000000 0.000083 0.000000 -0.007086 -0.000083 1.000000 -0.000000 -0.013152 -0.000000 0.000000 1.000000 0.000000
1.000000 0.000093 0.000000 -0.009881 -0.000093 1.000000 -0.000000 -0.014029 -0.000000 0.000000 1.000000 0.000000
1.000000 0.000105 0.000000 -0.009222 -0.000105 1.000000 -0.000000 -0.014854 -0.000000 0.000000 1.000000 0.000000
1.000000 0.000115 0.000000 -0.014861 -0.000115 1.000000 -0.000000 -0.014859 -0.000000 0.000000 1.000000 0.000000
1.000000 0.000113 0.000000 -0.012465 -0.000113 1.000000 -0.000000 -0.015381 -0.000000 0.000000 1.000000 0.000000
1.000000 0.000118 0.000000 -0.013405 -0.000118 1.000000 -0.000000 -0.014686 -0.000000 0.000000 1.000000 0.000000
1.000000 0.000104 0.000000 -0.013344 -0.000104 1.000000 -0.000000 -0.014769 -0.000000 0.000000 1.000000 0.000000
1.000000 0.000116 0.000000 -0.013398 -0.000116 1.000000 -0.000000 -0.015082 -0.000000 0.000000 1.000000 0.000000
1.000000 0.000116 0.000000 -0.015401 -0.000116 1.000000 -0.000000 -0.014205 -0.000000 0.000000 1.000000 0.000000
1.000000 0.000123 0.000000 -0.015762 -0.000123 1.000000 -0.000000 -0.014264 -0.000000 0.000000 1.000000 0.000000
1.000000 0.000096 0.000000 -0.010405 -0.000096 1.000000 -0.000000 -0.014264 -0.000000 0.000000 1.000000 0.000000
1.000000 0.000101 0.000000 -0.012917 -0.000101 1.000000 -0.000000 -0.013863 -0.000000 0.000000 1.000000 0.000000
1.000000 0.000100 0.000000 -0.012717 -0.000100 1.000000 -0.000000 -0.014059 -0.000000 0.000000 1.000000 0.000000
1.000000 0.000119 0.000000 -0.013697 -0.000119 1.000000 -0.000000 -0.015782 -0.000000 0.000000 1.000000 0.000000
1.000000 0.000119 0.000000 -0.021013 -0.000119 1.000000 -0.000000 -0.017074 -0.000000 0.000000 1.000000 0.000000
1.000000 0.000100 0.000000 -0.011850 -0.000100 1.000000 -0.000000 -0.014441 -0.000000 0.000000 1.000000 0.000000
1.000000 0.000098 0.000000 -0.010300 -0.000098 1.000000 -0.000000 -0.014239 -0.000000 0.000000 1.000000 0.000000
1.000000 0.000088 0.000000 -0.019892 -0.000088 1.000000 -0.000000 -0.014671 -0.000000 0.000000 1.000000 0.000000
1.000000 0.000092 0.000000 -0.011215 -0.000092 1.000000 -0.000000 -0.014329 -0.000000 0.000000 1.000000 0.000000
1.000000 0.000093 0.000000 -0.017454 -0.000093 1.000000 -0.000000 -0.014731 -0.000000 0.000000 1.000000 0.000000
1.000000 0.000101 0.000000 -0.016381 -0.000101 1.000000 -0.000000 -0.013118 -0.000000 0.000000 1.000000 0.000000
1.000000 0.000098 0.000000 -0.025655 -0.000098 1.000000 -0.000000 -0.013490 -0.000000 0.000000 1.000000 0.000000
1.000000 0.000100 0.000000 -0.019571 -0.000100 1.000000 -0.000000 -0.012952 -0.000000 0.000000 1.000000 0.000000
1.000000 0.000099 0.000000 -0.015117 -0.000099 1.000000 -0.000000 -0.012055 -0.000000 0.000000 1.000000 0.000000
1.000000 0.000117 0.000000 -0.011944 -0.000117 1.000000 -0.000000 -0.012539 -0.000000 0.000000 1.000000 0.000000
1.000000 0.000097 0.000000 -0.017841 -0.000097 1.000000 -0.000000 -0.012561 -0.000000 0.000000 1.000000 0.000000
1.000000 0.000099 0.000000 -0.023987 -0.000099 1.000000 -0.000000 -0.013626 -0.000000 0.000000 1.000000 0.000000
1.000000 0.000102 0.000000 -0.022260 -0.000102 1.000000 -0.000000 -0.012339 -0.000000 0.000000 1.000000 0.000000
1.000000 0.000157 0.000000 -0.020689 -0.000157 1.000000 -0.000000 -0.008681 -0.000000 0.000000 1.000000 0.000000
1.000000 0.000112 0.000000 -0.009895 -0.000112 1.000000 -0.000000 -0.012696 -0.000000 0.000000 1.000000 0.000000
1.000000 0.000108 0.000000 -0.015612 -0.000108 1.000000 -0.000000 -0.012826 -0.000000 0.000000 1.000000 0.000000
1.000000 0.000096 0.000000 -0.014870 -0.000096 1.000000 -0.000000 -0.012410 -0.000000 0.000000 1.000000 0.000000
1.000000 0.000103 0.000000 -0.015162 -0.000103 1.000000 -0.000000 -0.013203 -0.000000 0.000000 1.000000 0.000000
1.000000 0.000078 0.000000 -0.014209 -0.000078 1.000000 -0.000000 -0.012604 -0.000000 0.000000 1.000000 0.000000
1.000000 0.000092 0.000000 -0.017580 -0.000092 1.000000 -0.000000 -0.012319 -0.000000 0.000000 1.000000 0.000000
1.000000 0.000114 0.000000 -0.020824 -0.000114 1.000000 -0.000000 -0.013068 -0.000000 0.000000 1.000000 0.000000
1.000000 0.000096 0.000000 -0.018605 -0.000096 1.000000 -0.000000 -0.012553 -0.000000 0.000000 1.000000 0.000000
1.000000 0.000104 0.000000 -0.018825 -0.000104 1.000000 -0.000000 -0.012854 -0.000000 0.000000 1.000000 0.000000
1.000000 0.000085 0.000000 -0.018479 -0.000085 1.000000 -0.000000 -0.011703 -0.000000 0.000000 1.000000 0.000000
1.000000 0.000064 0.000000 -0.016707 -0.000064 1.000000 -0.000000 -0.010919 -0.000000 0.000000 1.000000 0.000000
1.000000 0.000023 0.000000 -0.012768 -0.000023 1.000000 -0.000000 -0.008058 -0.000000 0.000000 1.000000 0.000000
1.000000 0.000053 0.000000 -0.022015 -0.000053 1.000000 -0.000000 -0.009784 -0.000000 0.000000 1.000000 0.000000
1.000000 0.000046 0.000000 -0.015983 -0.000046 1.000000 -0.000000 -0.009648 -0.000000 0.000000 1.000000 0.000000
1.000000 0.000092 0.000000 -0.022632 -0.000092 1.000000 -0.000000 -0.013428 -0.000000 0.000000 1.000000 0.000000
1.000000 0.000059 0.000000 -0.022543 -0.000059 1.000000 -0.000000 -0.009502 -0.000000 0.000000 1.000000 0.000000
1.000000 0.000044 0.000000 -0.025615 -0.000044 1.000000 -0.000000 -0.009069 -0.000000 0.000000 1.000000 0.000000
1.000000 -0.000139 0.000000 -0.014813 0.000139 1.000000 0.000000 0.002486 0.000000 0.000000 1.000000 0.000000
1.000000 0.000062 0.000000 -0.022486 -0.000062 1.000000 -0.000000 -0.009975 -0.000000 0.000000 1.000000 0.000000
1.000000 0.000004 0.000000 -0.030893 -0.000004 1.000000 -0.000000 -0.017269 -0.000000 0.000000 1.000000 0.000000
1.000000 0.000107 0.000000 -0.018144 -0.000107 1.000000 -0.000000 -0.013398 -0.000000 0.000000 1.000000 0.000000
1.000000 0.000136 0.000000 -0.026101 -0.000136 1.000000 -0.000000 -0.009331 -0.000000 0.000000 1.000000 0.000000
1.000000 0.000059 0.000000 -0.018529 -0.000059 1.000000 -0.000000 -0.010915 -0.000000 0.000000 1.000000 0.000000
1.000000 0.000049 0.000000 -0.013828 -0.000049 1.000000 -0.000000 -0.010173 -0.000000 0.000000 1.000000 0.000000
1.000000 0.000044 0.000000 -0.017933 -0.000044 1.000000 -0.000000 -0.010213 -0.000000 0.000000 1.000000 0.000000
1.000000 0.000114 0.000000 -0.019061 -0.000114 1.000000 -0.000000 -0.013789 -0.000000 0.000000 1.000000 0.000000
1.000000 0.000230 0.000000 -0.030653 -0.000230 1.000000 -0.000000 -0.024198 -0.000000 0.000000 1.000000 0.000000
1.000000 0.000105 0.000000 -0.017772 -0.000105 1.000000 -0.000000 -0.013134 -0.000000 0.000000 1.000000 0.000000
1.000000 0.000084 0.000000 -0.021595 -0.000084 1.000000 -0.000000 -0.011128 -0.000000 0.000000 1.000000 0.000000
1.000000 0.000051 0.000000 -0.022321 -0.000051 1.000000 -0.000000 -0.010236 -0.000000 0.000000 1.000000 0.000000
1.000000 0.000072 0.000000 -0.025061 -0.000072 1.000000 -0.000000 -0.011908 -0.000000 0.000000 1.000000 0.000000
1.000000 0.000045 0.000000 -0.026156 -0.000045 1.000000 -0.000000 -0.010011 -0.000000 0.000000 1.000000 0.000000
1.000000 0.000041 0.000000 -0.028085 -0.000041 1.000000 -0.000000 -0.009812 -0.000000 0.000000 1.000000 0.000000
1.000000 0.000074 0.000000 -0.018328 -0.000074 1.000000 -0.000000 -0.011206 -0.000000 0.000000 1.000000 0.000000
1.000000 -0.000005 0.000000 -0.003974 0.000005 1.000000 0.000000 -0.004811 0.000000 0.000000 1.000000 0.000000
1.000000 -0.000238 0.000000 0.023816 0.000238 1.000000 0.000000 -0.017201 0.000000 0.000000 1.000000 0.000000
0.999996 -0.002668 0.000000 0.125051 0.002668 0.999996 0.000000 -0.029848 0.000000 0.000000 1.000000 0.000000
0.999954 -0.009549 0.000000 0.303660 0.009549 0.999954 0.000000 -0.012731 0.000000 0.000000 1.000000 0.000000
0.999845 -0.017588 0.000000 0.563613 0.017588 0.999845 0.000000 -0.001301 0.000000 0.000000 1.000000 0.000000
0.999537 -0.030412 0.000000 1.237403 0.030412 0.999537 0.000000 0.051457 0.000000 0.000000 1.000000 0.000000
0.999063 -0.043290 0.000000 1.631883 0.043290 0.999063 0.000000 0.079090 0.000000 0.000000 1.000000 0.000000
0.998103 -0.061574 0.000000 2.348260 0.061574 0.998103 0.000000 0.106309 0.000000 0.000000 1.000000 0.000000
0.996693 -0.081261 0.000000 3.255975 0.081261 0.996693 0.000000 0.237828 0.000000 0.000000 1.000000 0.000000
0.995867 -0.090827 0.000000 4.020330 0.090827 0.995867 0.000000 0.239653 0.000000 0.000000 1.000000 0.000000
0.994540 -0.104360 0.000000 4.884739 0.104360 0.994540 0.000000 0.390033 0.000000 0.000000 1.000000 0.000000
0.993986 -0.109507 0.000000 6.025006 0.109507 0.993986 0.000000 0.511002 0.000000 0.000000 1.000000 0.000000
0.994172 -0.107807 0.000000 7.157032 0.107807 0.994172 0.000000 0.635424 0.000000 0.000000 1.000000 0.000000
0.993390 -0.114785 0.000000 8.610411 0.114785 0.993390 0.000000 0.838865 0.000000 0.000000 1.000000 0.000000
0.994325 -0.106385 0.000000 9.962167 0.106385 0.994325 0.000000 0.947141 0.000000 0.000000 1.000000 0.000000
0.994469 -0.105035 0.000000 11.625525 0.105035 0.994469 0.000000 1.121709 0.000000 0.000000 1.000000 0.000000
0.994734 -0.102494 0.000000 13.334698 0.102494 0.994734 0.000000 1.297759 0.000000 0.000000 1.000000 0.000000
0.995393 -0.095877 0.000000 15.061879 0.095877 0.995393 0.000000 1.419764 0.000000 0.000000 1.000000 0.000000
0.995898 -0.090484 0.000000 17.067900 0.090484 0.995898 0.000000 1.592314 0.000000 0.000000 1.000000 0.000000
0.996102 -0.088208 0.000000 19.106686 0.088208 0.996102 0.000000 1.758427 0.000000 0.000000 1.000000 0.000000
0.996455 -0.084123 0.000000 21.171473 0.084123 0.996455 0.000000 1.937288 0.000000 0.000000 1.000000 0.000000
0.996810 -0.079806 0.000000 23.325655 0.079806 0.996810 0.000000 2.078889 0.000000 0.000000 1.000000 0.000000
0.997258 -0.074004 0.000000 25.331861 0.074004 0.997258 0.000000 2.181726 0.000000 0.000000 1.000000 0.000000
0.997748 -0.067078 0.000000 27.488394 0.067078 0.997748 0.000000 2.319154 0.000000 0.000000 1.000000 0.000000
0.998317 -0.057990 0.000000 29.828547 0.057990 0.998317 0.000000 2.422270 0.000000 0.000000 1.000000 0.000000
0.998286 -0.058523 0.000000 32.148792 0.058523 0.998286 0.000000 2.598690 0.000000 0.000000 1.000000 0.000000
0.998515 -0.054472 0.000000 34.675812 0.054472 0.998515 0.000000 2.655420 0.000000 0.000000 1.000000 0.000000
0.998482 -0.055076 0.000000 37.074154 0.055076 0.998482 0.000000 2.859492 0.000000 0.000000 1.000000 0.000000
0.998521 -0.054358 0.000000 39.552952 0.054358 0.998521 0.000000 2.981608 0.000000 0.000000 1.000000 0.000000
0.998900 -0.046888 0.000000 41.786896 0.046888 0.998900 0.000000 3.050733 0.000000 0.000000 1.000000 0.000000
0.999041 -0.043780 0.000000 44.113224 0.043780 0.999041 0.000000 3.144138 0.000000 0.000000 1.000000 0.000000
0.999303 -0.037322 0.000000 46.352821 0.037322 0.999303 0.000000 3.184431 0.000000 0.000000 1.000000 0.000000
0.999561 -0.029615 0.000000 48.550667 0.029615 0.999561 0.000000 3.221143 0.000000 0.000000 1.000000 0.000000
0.999749 -0.022384 0.000000 50.908733 0.022384 0.999749 0.000000 3.227530 0.000000 0.000000 1.000000 0.000000
0.999757 -0.022043 0.000000 53.247887 0.022043 0.999757 0.000000 3.254683 0.000000 0.000000 1.000000 0.000000
0.999683 -0.025179 0.000000 55.304321 0.025179 0.999683 0.000000 3.341594 0.000000 0.000000 1.000000 0.000000
0.999646 -0.026621 0.000000 57.741535 0.026621 0.999646 0.000000 3.421786 0.000000 0.000000 1.000000 0.000000
0.999580 -0.028975 0.000000 60.019009 0.028975 0.999580 0.000000 3.416265 0.000000 0.000000 1.000000 0.000000
0.999098 -0.042455 0.000000 62.269665 0.042455 0.999098 0.000000 3.555202 0.000000 0.000000 1.000000 0.000000
0.998860 -0.047729 0.000000 64.511772 0.047729 0.998860 0.000000 3.573822 0.000000 0.000000 1.000000 0.000000
0.998671 -0.051532 0.000000 66.705177 0.051532 0.998671 0.000000 3.612741 0.000000 0.000000 1.000000 0.000000
0.998435 -0.055930 0.000000 68.959473 0.055930 0.998435 0.000000 3.723969 0.000000 0.000000 1.000000 0.000000
0.998061 -0.062251 0.000000 71.165428 0.062251 0.998061 0.000000 3.955664 0.000000 0.000000 1.000000 0.000000
0.997614 -0.069035 0.000000 73.618446 0.069035 0.997614 0.000000 4.132994 0.000000 0.000000 1.000000 0.000000
0.996348 -0.085390 0.000000 75.644318 0.085390 0.996348 0.000000 4.280517 0.000000 0.000000 1.000000 0.000000
0.995892 -0.090547 0.000000 78.003075 0.090547 0.995892 0.000000 4.374007 0.000000 0.000000 1.000000 0.000000
0.995363 -0.096189 0.000000 80.406609 0.096189 0.995363 0.000000 4.580712 0.000000 0.000000 1.000000 0.000000
0.995119 -0.098681 0.000000 82.529884 0.098681 0.995119 0.000000 4.940551 0.000000 0.000000 1.000000 0.000000
0.996138 -0.087799 0.000000 84.909485 0.087799 0.996138 0.000000 5.114598 0.000000 0.000000 1.000000 0.000000
0.997182 -0.075022 0.000000 87.518631 0.075022 0.997182 0.000000 5.312750 0.000000 0.000000 1.000000 0.000000
0.998487 -0.054995 0.000000 89.983162 0.054995 0.998487 0.000000 5.403225 0.000000 0.000000 1.000000 0.000000
0.999307 -0.037220 0.000000 92.385231 0.037220 0.999307 0.000000 5.438134 0.000000 0.000000 1.000000 0.000000
0.999571 -0.029277 0.000000 94.940804 0.029277 0.999571 0.000000 5.497140 0.000000 0.000000 1.000000 0.000000
0.999689 -0.024942 0.000000 97.633194 0.024942 0.999689 0.000000 5.580259 0.000000 0.000000 1.000000 0.000000
0.999630 -0.027202 0.000000 100.165985 0.027202 0.999630 0.000000 5.549086 0.000000 0.000000 1.000000 0.000000
0.999746 -0.022557 0.000000 102.968483 0.022557 0.999746 0.000000 5.580438 0.000000 0.000000 1.000000 0.000000
0.999625 -0.027390 0.000000 105.502022 0.027390 0.999625 0.000000 5.727492 0.000000 0.000000 1.000000 0.000000
0.999553 -0.029891 0.000000 108.138374 0.029891 0.999553 0.000000 5.795657 0.000000 0.000000 1.000000 0.000000
0.999405 -0.034493 0.000000 110.909294 0.034493 0.999405 0.000000 5.953815 0.000000 0.000000 1.000000 0.000000
0.999547 -0.030097 0.000000 113.615166 0.030097 0.999547 0.000000 5.835693 0.000000 0.000000 1.000000 0.000000
0.999318 -0.036929 0.000000 116.590561 0.036929 0.999318 0.000000 5.986888 0.000000 0.000000 1.000000 0.000000
0.999281 -0.037903 0.000000 119.070984 0.037903 0.999281 0.000000 5.938593 0.000000 0.000000 1.000000 0.000000
0.998969 -0.045400 0.000000 121.855873 0.045400 0.998969 0.000000 6.245585 0.000000 0.000000 1.000000 0.000000
0.998778 -0.049414 0.000000 124.519836 0.049414 0.998778 0.000000 6.421060 0.000000 0.000000 1.000000 0.000000
0.999055 -0.043470 0.000000 127.141052 0.043470 0.999055 0.000000 6.564229 0.000000 0.000000 1.000000 0.000000
0.998930 -0.046244 0.000000 129.815369 0.046244 0.998930 0.000000 6.646058 0.000000 0.000000 1.000000 0.000000
0.998888 -0.047151 0.000000 132.151901 0.047151 0.998888 0.000000 6.633721 0.000000 0.000000 1.000000 0.000000
0.998464 -0.055400 0.000000 134.934692 0.055400 0.998464 0.000000 6.607972 0.000000 0.000000 1.000000 0.000000
0.998585 -0.053187 0.000000 137.643875 0.053187 0.998585 0.000000 6.912105 0.000000 0.000000 1.000000 0.000000
0.998496 -0.054826 0.000000 140.518219 0.054826 0.998496 0.000000 7.159994 0.000000 0.000000 1.000000 0.000000
0.998349 -0.057436 0.000000 142.897858 0.057436 0.998349 0.000000 7.205241 0.000000 0.000000 1.000000 0.000000
0.998186 -0.060202 0.000000 145.561951 0.060202 0.998186 0.000000 7.335798 0.000000 0.000000 1.000000 0.000000
0.998018 -0.062937 0.000000 148.205521 0.062937 0.998018 0.000000 7.476746 0.000000 0.000000 1.000000 0.000000
0.997878 -0.065113 0.000000 150.898331 0.065113 0.997878 0.000000 7.633522 0.000000 0.000000 1.000000 0.000000
0.997648 -0.068549 0.000000 153.527298 0.068549 0.997648 0.000000 7.768307 0.000000 0.000000 1.000000 0.000000
0.997619 -0.068967 0.000000 156.158752 0.068967 0.997619 0.000000 7.977356 0.000000 0.000000 1.000000 0.000000
0.997043 -0.076845 0.000000 158.813736 0.076845 0.997043 0.000000 8.162846 0.000000 0.000000 1.000000 0.000000
0.997440 -0.071506 0.000000 161.504700 0.071506 0.997440 0.000000 8.287026 0.000000 0.000000 1.000000 0.000000
0.996920 -0.078429 0.000000 163.999939 0.078429 0.996920 0.000000 8.475735 0.000000 0.000000 1.000000 0.000000
0.997033 -0.076976 0.000000 166.604584 0.076976 0.997033 0.000000 8.625077 0.000000 0.000000 1.000000 0.000000
0.996721 -0.080912 0.000000 169.387787 0.080912 0.996721 0.000000 8.872705 0.000000 0.000000 1.000000 0.000000
0.996188 -0.087227 0.000000 171.946091 0.087227 0.996188 0.000000 9.174561 0.000000 0.000000 1.000000 0.000000
0.996606 -0.082314 0.000000 174.484283 0.082314 0.996606 0.000000 9.326122 0.000000 0.000000 1.000000 0.000000
0.996625 -0.082085 0.000000 177.058228 0.082085 0.996625 0.000000 9.541316 0.000000 0.000000 1.000000 0.000000
0.996163 -0.087521 0.000000 179.556488 0.087521 0.996163 0.000000 9.869388 0.000000 0.000000 1.000000 0.000000
0.995957 -0.089833 0.000000 182.186356 0.089833 0.995957 0.000000 10.104222 0.000000 0.000000 1.000000 0.000000
0.995656 -0.093107 0.000000 184.731888 0.093107 0.995656 0.000000 10.356647 0.000000 0.000000 1.000000 0.000000
0.996061 -0.088674 0.000000 187.153015 0.088674 0.996061 0.000000 10.480487 0.000000 0.000000 1.000000 0.000000
0.995555 -0.094182 0.000000 189.725037 0.094182 0.995555 0.000000 10.682563 0.000000 0.000000 1.000000 0.000000
0.994635 -0.103447 0.000000 192.268448 0.103447 0.994635 0.000000 11.055646 0.000000 0.000000 1.000000 0.000000
0.994837 -0.101486 0.000000 194.640060 0.101486 0.994837 0.000000 11.196576 0.000000 0.000000 1.000000 0.000000
0.994293 -0.106684 0.000000 197.102478 0.106684 0.994293 0.000000 11.419246 0.000000 0.000000 1.000000 0.000000
0.992233 -0.124396 0.000000 199.479294 0.124396 0.992233 0.000000 11.691270 0.000000 0.000000 1.000000 0.000000
0.991240 -0.132075 0.000000 201.968216 0.132075 0.991240 0.000000 12.037038 0.000000 0.000000 1.000000 0.000000
0.990323 -0.138781 0.000000 204.190598 0.138781 0.990323 0.000000 12.391402 0.000000 0.000000 1.000000 0.000000
0.988809 -0.149184 0.000000 206.503769 0.149184 0.988809 0.000000 12.756295 0.000000 0.000000 1.000000 0.000000
0.987776 -0.155883 0.000000 208.847824 0.155883 0.987776 0.000000 13.222059 0.000000 0.000000 1.000000 0.000000
0.986572 -0.163326 0.000000 211.041351 0.163326 0.986572 0.000000 13.438637 0.000000 0.000000 1.000000 0.000000
0.985462 -0.169899 0.000000 213.474564 0.169899 0.985462 0.000000 13.851476 0.000000 0.000000 1.000000 0.000000
0.985666 -0.168710 0.000000 215.507629 0.168710 0.985666 0.000000 14.168140 0.000000 0.000000 1.000000 0.000000
0.984835 -0.173495 0.000000 217.744431 0.173495 0.984835 0.000000 14.618436 0.000000 0.000000 1.000000 0.000000
0.984327 -0.176355 0.000000 219.851242 0.176355 0.984327 0.000000 15.006290 0.000000 0.000000 1.000000 0.000000
0.983408 -0.181409 0.000000 222.048599 0.181409 0.983408 0.000000 15.383077 0.000000 0.000000 1.000000 0.000000
0.981987 -0.188949 0.000000 224.161118 0.188949 0.981987 0.000000 15.816616 0.000000 0.000000 1.000000 0.000000
0.980968 -0.194169 0.000000 226.258942 0.194169 0.980968 0.000000 16.140488 0.000000 0.000000 1.000000 0.000000
0.979500 -0.201443 0.000000 228.375046 0.201443 0.979500 0.000000 16.621708 0.000000 0.000000 1.000000 0.000000
0.977020 -0.213147 0.000000 230.581528 0.213147 0.977020 0.000000 17.101295 0.000000 0.000000 1.000000 0.000000
0.976213 -0.216814 0.000000 232.621002 0.216814 0.976213 0.000000 17.561617 0.000000 0.000000 1.000000 0.000000
0.975499 -0.220006 0.000000 234.552444 0.220006 0.975499 0.000000 18.082626 0.000000 0.000000 1.000000 0.000000
0.974666 -0.223667 0.000000 236.570709 0.223667 0.974666 0.000000 18.510017 0.000000 0.000000 1.000000 0.000000
0.973927 -0.226860 0.000000 238.602585 0.226860 0.973927 0.000000 19.037878 0.000000 0.000000 1.000000 0.000000
0.975893 -0.218250 0.000000 240.595093 0.218250 0.975893 0.000000 19.428829 0.000000 0.000000 1.000000 0.000000
0.977919 -0.208983 0.000000 242.671906 0.208983 0.977919 0.000000 19.869949 0.000000 0.000000 1.000000 0.000000
0.979899 -0.199495 0.000000 244.744202 0.199495 0.979899 0.000000 20.303308 0.000000 0.000000 1.000000 0.000000
0.983190 -0.182583 0.000000 246.781647 0.182583 0.983190 0.000000 20.674849 0.000000 0.000000 1.000000 0.000000
0.984138 -0.177402 0.000000 248.822220 0.177402 0.984138 0.000000 21.136757 0.000000 0.000000 1.000000 0.000000
0.986046 -0.166475 0.000000 250.924393 0.166475 0.986046 0.000000 21.470211 0.000000 0.000000 1.000000 0.000000
0.987491 -0.157678 0.000000 253.033768 0.157678 0.987491 0.000000 21.672113 0.000000 0.000000 1.000000 0.000000
0.989251 -0.146226 0.000000 255.098801 0.146226 0.989251 0.000000 21.917631 0.000000 0.000000 1.000000 0.000000
0.989187 -0.146661 0.000000 257.330627 0.146661 0.989187 0.000000 22.231955 0.000000 0.000000 1.000000 0.000000
0.989258 -0.146182 0.000000 259.375031 0.146182 0.989258 0.000000 22.513121 0.000000 0.000000 1.000000 0.000000
0.990016 -0.140959 0.000000 261.590057 0.140959 0.990016 0.000000 22.867317 0.000000 0.000000 1.000000 0.000000
0.989116 -0.147138 0.000000 263.764862 0.147138 0.989116 0.000000 23.172338 0.000000 0.000000 1.000000 0.000000
0.988765 -0.149479 0.000000 266.034607 0.149479 0.988765 0.000000 23.506691 0.000000 0.000000 1.000000 0.000000
0.988502 -0.151206 0.000000 268.290710 0.151206 0.988502 0.000000 23.920073 0.000000 0.000000 1.000000 0.000000
0.988370 -0.152067 0.000000 270.583679 0.152067 0.988370 0.000000 24.128183 0.000000 0.000000 1.000000 0.000000
0.988836 -0.149006 0.000000 272.862579 0.149006 0.988836 0.000000 24.455286 0.000000 0.000000 1.000000 0.000000
0.988766 -0.149473 0.000000 275.177582 0.149473 0.988766 0.000000 24.776266 0.000000 0.000000 1.000000 0.000000
0.988277 -0.152670 0.000000 277.472443 0.152670 0.988277 0.000000 25.115730 0.000000 0.000000 1.000000 0.000000
0.988678 -0.150051 0.000000 279.786682 0.150051 0.988678 0.000000 25.481642 0.000000 0.000000 1.000000 0.000000
0.988699 -0.149912 0.000000 282.005524 0.149912 0.988699 0.000000 25.775803 0.000000 0.000000 1.000000 0.000000
0.988696 -0.149931 0.000000 284.222260 0.149931 0.988696 0.000000 26.095261 0.000000 0.000000 1.000000 0.000000
0.989945 -0.141452 0.000000 286.525085 0.141452 0.989945 0.000000 26.433533 0.000000 0.000000 1.000000 0.000000
0.990152 -0.139998 0.000000 288.691437 0.139998 0.990152 0.000000 26.656027 0.000000 0.000000 1.000000 0.000000
0.991095 -0.133158 0.000000 290.930969 0.133158 0.991095 0.000000 26.878559 0.000000 0.000000 1.000000 0.000000
0.990618 -0.136660 0.000000 293.257263 0.136660 0.990618 0.000000 27.182840 0.000000 0.000000 1.000000 0.000000
0.991383 -0.130998 0.000000 295.297119 0.130998 0.991383 0.000000 27.512959 0.000000 0.000000 1.000000 0.000000
0.991910 -0.126943 0.000000 297.483490 0.126943 0.991910 0.000000 27.801966 0.000000 0.000000 1.000000 0.000000
0.992369 -0.123304 0.000000 299.702606 0.123304 0.992369 0.000000 28.017633 0.000000 0.000000 1.000000 0.000000
0.992535 -0.121960 0.000000 301.801544 0.121960 0.992535 0.000000 28.240330 0.000000 0.000000 1.000000 0.000000
0.992784 -0.119915 0.000000 304.066925 0.119915 0.992784 0.000000 28.484831 0.000000 0.000000 1.000000 0.000000
0.993352 -0.115120 0.000000 306.148804 0.115120 0.993352 0.000000 28.775309 0.000000 0.000000 1.000000 0.000000
0.993382 -0.114860 0.000000 308.446564 0.114860 0.993382 0.000000 28.976530 0.000000 0.000000 1.000000 0.000000
0.993766 -0.111486 0.000000 310.487579 0.111486 0.993766 0.000000 29.267097 0.000000 0.000000 1.000000 0.000000
0.993637 -0.112630 0.000000 312.584717 0.112630 0.993637 0.000000 29.475410 0.000000 0.000000 1.000000 0.000000
0.994246 -0.107122 0.000000 314.749207 0.107122 0.994246 0.000000 29.713989 0.000000 0.000000 1.000000 0.000000
0.994841 -0.101450 0.000000 316.876556 0.101450 0.994841 0.000000 29.868979 0.000000 0.000000 1.000000 0.000000
0.995129 -0.098586 0.000000 319.097076 0.098586 0.995129 0.000000 30.178167 0.000000 0.000000 1.000000 0.000000
0.995019 -0.099683 0.000000 321.264221 0.099683 0.995019 0.000000 30.369009 0.000000 0.000000 1.000000 0.000000
0.995776 -0.091813 0.000000 323.437317 0.091813 0.995776 0.000000 30.498861 0.000000 0.000000 1.000000 0.000000
0.995928 -0.090155 0.000000 325.637543 0.090155 0.995928 0.000000 30.721470 0.000000 0.000000 1.000000 0.000000
0.996019 -0.089140 0.000000 327.829315 0.089140 0.996019 0.000000 30.892376 0.000000 0.000000 1.000000 0.000000
0.996087 -0.088377 0.000000 330.003815 0.088377 0.996087 0.000000 31.055384 0.000000 0.000000 1.000000 0.000000
0.996018 -0.089150 0.000000 332.295898 0.089150 0.996018 0.000000 31.220909 0.000000 0.000000 1.000000 0.000000
0.995907 -0.090389 0.000000 334.416595 0.090389 0.995907 0.000000 31.536079 0.000000 0.000000 1.000000 0.000000
0.995708 -0.092553 0.000000 336.720612 0.092553 0.995708 0.000000 31.694841 0.000000 0.000000 1.000000 0.000000
0.995626 -0.093432 0.000000 338.952881 0.093432 0.995626 0.000000 31.817665 0.000000 0.000000 1.000000 0.000000
0.995709 -0.092535 0.000000 341.346405 0.092535 0.995709 0.000000 31.991419 0.000000 0.000000 1.000000 0.000000
0.995974 -0.089638 0.000000 343.588196 0.089638 0.995974 0.000000 32.313644 0.000000 0.000000 1.000000 0.000000
0.995971 -0.089681 0.000000 345.894470 0.089681 0.995971 0.000000 32.396584 0.000000 0.000000 1.000000 0.000000
0.996200 -0.087094 0.000000 347.952454 0.087094 0.996200 0.000000 32.664219 0.000000 0.000000 1.000000 0.000000
0.996315 -0.085772 0.000000 350.582123 0.085772 0.996315 0.000000 32.850807 0.000000 0.000000 1.000000 0.000000
0.997000 -0.077406 0.000000 352.790710 0.077406 0.997000 0.000000 32.881111 0.000000 0.000000 1.000000 0.000000
0.997434 -0.071589 0.000000 355.176849 0.071589 0.997434 0.000000 33.206379 0.000000 0.000000 1.000000 0.000000
0.997977 -0.063578 0.000000 357.529846 0.063578 0.997977 0.000000 33.355141 0.000000 0.000000 1.000000 0.000000
0.998771 -0.049553 0.000000 359.841553 0.049553 0.998771 0.000000 33.405293 0.000000 0.000000 1.000000 0.000000
0.999295 -0.037544 0.000000 362.265686 0.037544 0.999295 0.000000 33.633755 0.000000 0.000000 1.000000 0.000000
0.999463 -0.032764 0.000000 364.736603 0.032764 0.999463 0.000000 33.734509 0.000000 0.000000 1.000000 0.000000
0.999775 -0.021223 0.000000 367.057312 0.021223 0.999775 0.000000 33.660259 0.000000 0.000000 1.000000 0.000000
0.999925 -0.012219 0.000000 369.486206 0.012219 0.999925 0.000000 33.665028 0.000000 0.000000 1.000000 0.000000
0.999981 -0.006105 0.000000 371.936005 0.006105 0.999981 0.000000 33.654434 0.000000 0.000000 1.000000 0.000000
1.000000 -0.000820 0.000000 374.321564 0.000820 1.000000 0.000000 33.592308 0.000000 0.000000 1.000000 0.000000
0.999998 -0.001809 0.000000 376.823242 0.001809 0.999998 0.000000 33.686920 0.000000 0.000000 1.000000 0.000000
0.999976 -0.006892 0.000000 379.440552 0.006892 0.999976 0.000000 33.687473 0.000000 0.000000 1.000000 0.000000
0.999987 -0.005179 0.000000 381.855957 0.005179 0.999987 0.000000 33.664505 0.000000 0.000000 1.000000 0.000000
0.999973 -0.007283 0.000000 384.352020 0.007283 0.999973 0.000000 33.612122 0.000000 0.000000 1.000000 0.000000
0.999895 -0.014521 0.000000 386.822021 0.014521 0.999895 0.000000 33.639347 0.000000 0.000000 1.000000 0.000000
0.999771 -0.021398 0.000000 389.240845 0.021398 0.999771 0.000000 33.713131 0.000000 0.000000 1.000000 0.000000
0.999489 -0.031974 0.000000 391.732971 0.031974 0.999489 0.000000 33.873367 0.000000 0.000000 1.000000 0.000000
0.999254 -0.038612 0.000000 394.158478 0.038612 0.999254 0.000000 33.911282 0.000000 0.000000 1.000000 0.000000
0.998880 -0.047309 0.000000 396.721802 0.047309 0.998880 0.000000 33.975029 0.000000 0.000000 1.000000 0.000000
0.998505 -0.054659 0.000000 399.195221 0.054659 0.998505 0.000000 34.045841 0.000000 0.000000 1.000000 0.000000
0.998231 -0.059452 0.000000 401.578125 0.059452 0.998231 0.000000 34.152031 0.000000 0.000000 1.000000 0.000000
0.998148 -0.060839 0.000000 404.051819 0.060839 0.998148 0.000000 34.233707 0.000000 0.000000 1.000000 0.000000
0.998217 -0.059695 0.000000 406.334595 0.059695 0.998217 0.000000 34.387798 0.000000 0.000000 1.000000 0.000000
0.998322 -0.057913 0.000000 408.620392 0.057913 0.998322 0.000000 34.556099 0.000000 0.000000 1.000000 0.000000
0.998215 -0.059727 0.000000 410.886627 0.059727 0.998215 0.000000 34.643700 0.000000 0.000000 1.000000 0.000000
0.998183 -0.060250 0.000000 413.068512 0.060250 0.998183 0.000000 34.779419 0.000000 0.000000 1.000000 0.000000
0.998015 -0.062975 0.000000 415.341156 0.062975 0.998015 0.000000 34.908730 0.000000 0.000000 1.000000 0.000000
0.997660 -0.068377 0.000000 417.419434 0.068377 0.997660 0.000000 35.056683 0.000000 0.000000 1.000000 0.000000
0.997445 -0.071434 0.000000 419.502808 0.071434 0.997445 0.000000 35.200005 0.000000 0.000000 1.000000 0.000000
0.997035 -0.076943 0.000000 421.546021 0.076943 0.997035 0.000000 35.320824 0.000000 0.000000 1.000000 0.000000
0.996799 -0.079948 0.000000 423.463318 0.079948 0.996799 0.000000 35.400635 0.000000 0.000000 1.000000 0.000000
0.996306 -0.085876 0.000000 425.350586 0.085876 0.996306 0.000000 35.626156 0.000000 0.000000 1.000000 0.000000
0.996144 -0.087728 0.000000 427.099792 0.087728 0.996144 0.000000 35.773701 0.000000 0.000000 1.000000 0.000000
0.996602 -0.082367 0.000000 428.866425 0.082367 0.996602 0.000000 35.900734 0.000000 0.000000 1.000000 0.000000
0.996726 -0.080849 0.000000 430.657593 0.080849 0.996726 0.000000 36.001858 0.000000 0.000000 1.000000 0.000000
0.997847 -0.065580 0.000000 432.243134 0.065580 0.997847 0.000000 36.039970 0.000000 0.000000 1.000000 0.000000
0.998462 -0.055435 0.000000 433.741150 0.055435 0.998462 0.000000 36.122837 0.000000 0.000000 1.000000 0.000000
0.999422 -0.033988 0.000000 435.254272 0.033988 0.999422 0.000000 36.235043 0.000000 0.000000 1.000000 0.000000
0.999959 0.009105 0.000000 436.521912 -0.009105 0.999959 -0.000000 36.251385 -0.000000 0.000000 1.000000 0.000000
0.997574 0.069607 0.000000 437.687805 -0.069607 0.997574 -0.000000 35.962639 -0.000000 0.000000 1.000000 0.000000
0.990337 0.138683 0.000000 438.860657 -0.138683 0.990337 -0.000000 35.627262 -0.000000 0.000000 1.000000 0.000000
0.979064 0.203551 0.000000 439.996857 -0.203551 0.979064 -0.000000 35.573471 -0.000000 0.000000 1.000000 0.000000
0.962294 0.272010 0.000000 440.999634 -0.272010 0.962294 -0.000000 35.145466 -0.000000 0.000000 1.000000 0.000000
0.940455 0.339918 0.000000 441.983734 -0.339918 0.940455 -0.000000 34.690250 -0.000000 0.000000 1.000000 0.000000
0.913896 0.405949 0.000000 442.815521 -0.405949 0.913896 -0.000000 34.283752 -0.000000 0.000000 1.000000 0.000000
0.883459 0.468508 0.000000 443.616333 -0.468508 0.883459 -0.000000 33.834755 -0.000000 0.000000 1.000000 0.000000
0.848518 0.529166 0.000000 444.244446 -0.529166 0.848518 -0.000000 33.301296 -0.000000 0.000000 1.000000 0.000000
0.806544 0.591175 0.000000 444.964539 -0.591175 0.806544 -0.000000 32.739567 -0.000000 0.000000 1.000000 0.000000
0.757238 0.653139 0.000000 445.491669 -0.653139 0.757238 -0.000000 32.194149 -0.000000 0.000000 1.000000 0.000000
0.693637 0.720325 0.000000 446.007202 -0.720325 0.693637 -0.000000 31.609407 -0.000000 0.000000 1.000000 0.000000
0.624109 0.781337 0.000000 446.458893 -0.781337 0.624109 -0.000000 30.905674 -0.000000 0.000000 1.000000 0.000000
0.541804 0.840505 0.000000 447.017059 -0.840505 0.541804 -0.000000 30.264124 -0.000000 0.000000 1.000000 0.000000
0.454167 0.890917 0.000000 447.245209 -0.890917 0.454167 -0.000000 29.480505 -0.000000 0.000000 1.000000 0.000000
0.358504 0.933528 0.000000 447.449921 -0.933528 0.358504 -0.000000 28.679485 -0.000000 0.000000 1.000000 0.000000
0.247332 0.968931 0.000000 447.491058 -0.968931 0.247332 -0.000000 27.786333 -0.000000 0.000000 1.000000 0.000000
0.130392 0.991463 0.000000 447.444305 -0.991463 0.130392 -0.000000 27.030190 -0.000000 0.000000 1.000000 0.000000
0.003006 0.999995 0.000000 447.380096 -0.999995 0.003006 -0.000000 26.019909 -0.000000 0.000000 1.000000 0.000000
-0.122823 0.992429 0.000000 447.338593 -0.992429 -0.122823 -0.000000 25.136749 -0.000000 0.000000 1.000000 0.000000
-0.245960 0.969280 0.000000 446.917023 -0.969280 -0.245960 -0.000000 24.180470 -0.000000 0.000000 1.000000 0.000000
-0.365898 0.930655 0.000000 446.435547 -0.930655 -0.365898 -0.000000 23.181355 -0.000000 0.000000 1.000000 0.000000
-0.478066 0.878324 0.000000 445.873932 -0.878324 -0.478066 -0.000000 22.271049 -0.000000 0.000000 1.000000 0.000000
-0.574669 0.818386 0.000000 445.231567 -0.818386 -0.574669 0.000000 21.335775 0.000000 0.000000 1.000000 0.000000
-0.661293 0.750128 0.000000 444.359589 -0.750128 -0.661293 0.000000 20.480476 0.000000 0.000000 1.000000 0.000000
-0.738970 0.673738 0.000000 443.352692 -0.673738 -0.738970 0.000000 19.615356 0.000000 0.000000 1.000000 0.000000
