1.000000 -0.000071 0.000000 -0.008970 0.000071 1.000000 0.000000 -0.002552 0.000000 0.000000 1.000000 0.000000
1.000000 0.000098 0.000000 -0.006009 -0.000098 1.000000 -0.000000 0.001682 -0.000000 0.000000 1.000000 0.000000
1.000000 0.000044 0.000000 -0.006539 -0.000044 1.000000 -0.000000 0.002887 -0.000000 0.000000 1.000000 0.000000
1.000000 0.000069 0.000000 -0.001676 -0.000069 1.000000 -0.000000 0.005841 -0.000000 0.000000 1.000000 0.000000
1.000000 -0.000054 0.000000 -0.011456 0.000054 1.000000 0.000000 -0.004182 0.000000 0.000000 1.000000 0.000000
1.000000 -0.000073 0.000000 -0.018793 0.000073 1.000000 0.000000 -0.007748 0.000000 0.000000 1.000000 0.000000
1.000000 -0.000228 0.000000 -0.018431 0.000228 1.000000 0.000000 -0.001144 0.000000 0.000000 1.000000 0.000000
1.000000 -0.000492 0.000000 -0.029143 0.000492 1.000000 0.000000 0.001551 0.000000 0.000000 1.000000 0.000000
1.000000 -0.000500 0.000000 -0.025718 0.000500 1.000000 0.000000 0.003576 0.000000 0.000000 1.000000 0.000000
1.000000 -0.000591 0.000000 -0.032175 0.000591 1.000000 0.000000 -0.000228 0.000000 0.000000 1.000000 0.000000
1.000000 -0.000639 0.000000 -0.032551 0.000639 1.000000 0.000000 -0.003178 0.000000 0.000000 1.000000 0.000000
1.000000 -0.000667 0.000000 -0.031180 0.000667 1.000000 0.000000 -0.000554 0.000000 0.000000 1.000000 0.000000
1.000000 -0.000641 0.000000 -0.027057 0.000641 1.000000 0.000000 0.007147 0.000000 0.000000 1.000000 0.000000
1.000000 -0.000836 0.000000 -0.026253 0.000836 1.000000 0.000000 -0.003978 0.000000 0.000000 1.000000 0.000000
1.000000 -0.000554 0.000000 -0.034750 0.000554 1.000000 0.000000 -0.007049 0.000000 0.000000 1.000000 0.000000
1.000000 -0.000943 0.000000 -0.038827 0.000943 1.000000 0.000000 0.000809 0.000000 0.000000 1.000000 0.000000
0.999999 -0.001001 0.000000 -0.045038 0.001001 0.999999 0.000000 0.002226 0.000000 0.000000 1.000000 0.000000
0.999999 -0.001347 0.000000 -0.040168 0.001347 0.999999 0.000000 0.012285 0.000000 0.000000 1.000000 0.000000
1.000000 -0.000947 0.000000 -0.050385 0.000947 1.000000 0.000000 0.015287 0.000000 0.000000 1.000000 0.000000
0.999999 -0.001206 0.000000 -0.041075 0.001206 0.999999 0.000000 -0.001147 0.000000 0.000000 1.000000 0.000000
0.999999 -0.001271 0.000000 -0.043827 0.001271 0.999999 0.000000 -0.001607 0.000000 0.000000 1.000000 0.000000
0.999999 -0.001329 0.000000 -0.050837 0.001329 0.999999 0.000000 -0.002826 0.000000 0.000000 1.000000 0.000000
0.999999 -0.001468 0.000000 -0.047241 0.001468 0.999999 0.000000 0.000323 0.000000 0.000000 1.000000 0.000000
0.999999 -0.001614 0.000000 -0.058064 0.001614 0.999999 0.000000 -0.001063 0.000000 0.000000 1.000000 0.000000
0.999999 -0.001502 0.000000 -0.057778 0.001502 0.999999 0.000000 -0.004031 0.000000 0.000000 1.000000 0.000000
0.999998 -0.001794 0.000000 -0.064938 0.001794 0.999998 0.000000 0.006852 0.000000 0.000000 1.000000 0.000000
0.999999 -0.001630 0.000000 -0.062154 0.001630 0.999999 0.000000 -0.004354 0.000000 0.000000 1.000000 0.000000
0.999998 -0.001835 0.000000 -0.075930 0.001835 0.999998 0.000000 0.011725 0.000000 0.000000 1.000000 0.000000
0.999998 -0.001754 0.000000 -0.071088 0.001754 0.999998 0.000000 -0.006157 0.000000 0.000000 1.000000 0.000000
0.999998 -0.001881 0.000000 -0.075217 0.001881 0.999998 0.000000 -0.002745 0.000000 0.000000 1.000000 0.000000
0.999998 -0.001949 0.000000 -0.076725 0.001949 0.999998 0.000000 -0.003640 0.000000 0.000000 1.000000 0.000000
0.999998 -0.001809 0.000000 -0.069334 0.001809 0.999998 0.000000 -0.012958 0.000000 0.000000 1.000000 0.000000
0.999999 -0.001715 0.000000 -0.077734 0.001715 0.999999 0.000000 -0.021710 0.000000 0.000000 1.000000 0.000000
0.999911 -0.013337 0.000000 0.199120 0.013337 0.999911 0.000000 0.038703 0.000000 0.000000 1.000000 0.000000
0.999670 -0.025704 0.000000 0.356983 0.025704 0.999670 0.000000 0.101388 0.000000 0.000000 1.000000 0.000000
0.998123 -0.061236 0.000000 0.853279 0.061236 0.998123 0.000000 0.161822 0.000000 0.000000 1.000000 0.000000
0.993622 -0.112764 0.000000 1.722829 0.112764 0.993622 0.000000 0.289571 0.000000 0.000000 1.000000 0.000000
0.988553 -0.150873 0.000000 2.855232 0.150873 0.988553 0.000000 0.339925 0.000000 0.000000 1.000000 0.000000
0.984188 -0.177127 0.000000 4.109051 0.177127 0.984188 0.000000 0.585673 0.000000 0.000000 1.000000 0.000000
0.984838 -0.173475 0.000000 5.820697 0.173475 0.984838 0.000000 0.798460 0.000000 0.000000 1.000000 0.000000
0.987077 -0.160244 0.000000 7.924546 0.160244 0.987077 0.000000 1.084792 0.000000 0.000000 1.000000 0.000000
0.991557 -0.129674 0.000000 10.071659 0.129674 0.991557 0.000000 1.372115 0.000000 0.000000 1.000000 0.000000
0.998585 -0.053176 0.000000 15.620689 0.053176 0.998585 0.000000 1.701256 0.000000 0.000000 1.000000 0.000000
0.999578 -0.029042 0.000000 17.013312 0.029042 0.999578 0.000000 1.778927 0.000000 0.000000 1.000000 0.000000
0.999979 -0.006415 0.000000 20.131198 0.006415 0.999979 0.000000 1.663141 0.000000 0.000000 1.000000 0.000000
0.999959 -0.009083 0.000000 23.144165 0.009083 0.999959 0.000000 1.765279 0.000000 0.000000 1.000000 0.000000
0.999981 -0.006111 0.000000 26.515147 0.006111 0.999981 0.000000 1.781608 0.000000 0.000000 1.000000 0.000000
0.999918 -0.012842 0.000000 29.872181 0.012842 0.999918 0.000000 1.696178 0.000000 0.000000 1.000000 0.000000
0.999973 -0.007379 0.000000 33.313710 0.007379 0.999973 0.000000 1.744040 0.000000 0.000000 1.000000 0.000000
0.999950 -0.009975 0.000000 36.933314 0.009975 0.999950 0.000000 1.767331 0.000000 0.000000 1.000000 0.000000
0.999990 -0.004426 0.000000 40.861924 0.004426 0.999990 0.000000 1.721618 0.000000 0.000000 1.000000 0.000000
0.999973 -0.007393 0.000000 48.442322 0.007393 0.999973 0.000000 1.717446 0.000000 0.000000 1.000000 0.000000
0.999976 -0.006990 0.000000 50.508257 0.006990 0.999976 0.000000 1.657786 0.000000 0.000000 1.000000 0.000000
0.999996 -0.002971 0.000000 54.494267 0.002971 0.999996 0.000000 1.620702 0.000000 0.000000 1.000000 0.000000
0.999999 0.001588 0.000000 58.757346 -0.001588 0.999999 -0.000000 1.507616 -0.000000 0.000000 1.000000 0.000000
0.999999 0.001001 0.000000 63.068283 -0.001001 0.999999 -0.000000 1.559950 -0.000000 0.000000 1.000000 0.000000
0.999989 0.004786 0.000000 67.501680 -0.004786 0.999989 -0.000000 1.432230 -0.000000 0.000000 1.000000 0.000000
0.999961 0.008818 0.000000 72.122912 -0.008818 0.999961 -0.000000 1.348766 -0.000000 0.000000 1.000000 0.000000
0.999983 0.005825 0.000000 76.550864 -0.005825 0.999983 -0.000000 1.166036 -0.000000 0.000000 1.000000 0.000000
0.999983 0.005895 0.000000 81.358067 -0.005895 0.999983 -0.000000 1.123082 -0.000000 0.000000 1.000000 0.000000
0.999989 0.004720 0.000000 90.798563 -0.004720 0.999989 -0.000000 0.854499 -0.000000 0.000000 1.000000 0.000000
1.000000 0.000329 0.000000 93.176047 -0.000329 1.000000 -0.000000 0.794456 -0.000000 0.000000 1.000000 0.000000
0.999905 -0.013801 0.000000 97.998037 0.013801 0.999905 0.000000 0.767378 0.000000 0.000000 1.000000 0.000000
0.999758 -0.022008 0.000000 102.867507 0.022008 0.999758 0.000000 0.824439 0.000000 0.000000 1.000000 0.000000
0.999220 -0.039492 0.000000 107.486832 0.039492 0.999220 0.000000 0.922384 0.000000 0.000000 1.000000 0.000000
0.999383 -0.035116 0.000000 112.416718 0.035116 0.999383 0.000000 1.019505 0.000000 0.000000 1.000000 0.000000
0.999601 -0.028252 0.000000 117.398326 0.028252 0.999601 0.000000 1.047971 0.000000 0.000000 1.000000 0.000000
0.999627 -0.027326 0.000000 122.126328 0.027326 0.999627 0.000000 1.073772 0.000000 0.000000 1.000000 0.000000
0.999602 -0.028226 0.000000 126.828227 0.028226 0.999602 0.000000 1.082645 0.000000 0.000000 1.000000 0.000000
0.999663 -0.025959 0.000000 135.816709 0.025959 0.999663 0.000000 1.271051 0.000000 0.000000 1.000000 0.000000
0.999740 -0.022785 0.000000 138.047447 0.022785 0.999740 0.000000 1.279027 0.000000 0.000000 1.000000 0.000000
0.999720 -0.023672 0.000000 142.280204 0.023672 0.999720 0.000000 1.366855 0.000000 0.000000 1.000000 0.000000
0.999650 -0.026444 0.000000 146.254476 0.026444 0.999650 0.000000 1.391546 0.000000 0.000000 1.000000 0.000000
0.999630 -0.027201 0.000000 150.020782 0.027201 0.999630 0.000000 1.380724 0.000000 0.000000 1.000000 0.000000
0.999677 -0.025433 0.000000 153.588016 0.025433 0.999677 0.000000 1.507430 0.000000 0.000000 1.000000 0.000000
0.999652 -0.026385 0.000000 156.801841 0.026385 0.999652 0.000000 1.517494 0.000000 0.000000 1.000000 0.000000
0.999680 -0.025313 0.000000 160.056442 0.025313 0.999680 0.000000 1.530350 0.000000 0.000000 1.000000 0.000000
0.999694 -0.024754 0.000000 162.879475 0.024754 0.999694 0.000000 1.579092 0.000000 0.000000 1.000000 0.000000
0.999495 -0.031780 0.000000 168.081634 0.031780 0.999495 0.000000 1.704350 0.000000 0.000000 1.000000 0.000000
0.999372 -0.035426 0.000000 169.136374 0.035426 0.999372 0.000000 1.709918 0.000000 0.000000 1.000000 0.000000
0.999413 -0.034248 0.000000 171.119824 0.034248 0.999413 0.000000 1.790207 0.000000 0.000000 1.000000 0.000000
0.999378 -0.035255 0.000000 172.737435 0.035255 0.999378 0.000000 1.845046 0.000000 0.000000 1.000000 0.000000
0.999113 -0.042106 0.000000 174.351944 0.042106 0.999113 0.000000 1.969343 0.000000 0.000000 1.000000 0.000000
0.999411 -0.034309 0.000000 175.309180 0.034309 0.999411 0.000000 1.861928 0.000000 0.000000 1.000000 0.000000
0.999235 -0.039106 0.000000 176.354903 0.039106 0.999235 0.000000 1.958931 0.000000 0.000000 1.000000 0.000000
0.999317 -0.036958 0.000000 176.849275 0.036958 0.999317 0.000000 1.932483 0.000000 0.000000 1.000000 0.000000
0.999255 -0.038586 0.000000 177.360340 0.038586 0.999255 0.000000 1.983098 0.000000 0.000000 1.000000 0.000000
0.999283 -0.037865 0.000000 177.963350 0.037865 0.999283 0.000000 1.948533 0.000000 0.000000 1.000000 0.000000
0.999298 -0.037451 0.000000 178.053989 0.037451 0.999298 0.000000 1.946920 0.000000 0.000000 1.000000 0.000000
0.999276 -0.038057 0.000000 178.205650 0.038057 0.999276 0.000000 1.945675 0.000000 0.000000 1.000000 0.000000
0.999247 -0.038790 0.000000 178.375089 0.038790 0.999247 0.000000 1.917753 0.000000 0.000000 1.000000 0.000000
0.999268 -0.038252 0.000000 178.536760 0.038252 0.999268 0.000000 1.960018 0.000000 0.000000 1.000000 0.000000
0.999188 -0.040302 0.000000 178.826654 0.040302 0.999188 0.000000 1.986111 0.000000 0.000000 1.000000 0.000000
0.999198 -0.040039 0.000000 179.283417 0.040039 0.999198 0.000000 1.975913 0.000000 0.000000 1.000000 0.000000
0.999221 -0.039453 0.000000 179.944009 0.039453 0.999221 0.000000 1.975610 0.000000 0.000000 1.000000 0.000000
0.999282 -0.037897 0.000000 180.821203 0.037897 0.999282 0.000000 2.007754 0.000000 0.000000 1.000000 0.000000
0.999436 -0.033587 0.000000 183.376833 0.033587 0.999436 0.000000 2.047202 0.000000 0.000000 1.000000 0.000000
0.999434 -0.033654 0.000000 184.225042 0.033654 0.999434 0.000000 2.030994 0.000000 0.000000 1.000000 0.000000
0.999526 -0.030783 0.000000 186.217804 0.030783 0.999526 0.000000 2.084194 0.000000 0.000000 1.000000 0.000000
0.999620 -0.027556 0.000000 188.673704 0.027556 0.999620 0.000000 2.113690 0.000000 0.000000 1.000000 0.000000
0.999540 -0.030320 0.000000 191.355479 0.030320 0.999540 0.000000 2.138032 0.000000 0.000000 1.000000 0.000000
0.999631 -0.027175 0.000000 194.320109 0.027175 0.999631 0.000000 2.196150 0.000000 0.000000 1.000000 0.000000
0.999626 -0.027350 0.000000 197.593257 0.027350 0.999626 0.000000 2.279618 0.000000 0.000000 1.000000 0.000000
0.999590 -0.028641 0.000000 201.232023 0.028641 0.999590 0.000000 2.280583 0.000000 0.000000 1.000000 0.000000
0.999561 -0.029621 0.000000 204.841783 0.029621 0.999561 0.000000 2.446974 0.000000 0.000000 1.000000 0.000000
0.999271 -0.038181 0.000000 212.507283 0.038181 0.999271 0.000000 2.612234 0.000000 0.000000 1.000000 0.000000
0.999026 -0.044116 0.000000 214.489475 0.044116 0.999026 0.000000 2.731280 0.000000 0.000000 1.000000 0.000000
0.998595 -0.052990 0.000000 218.469873 0.052990 0.998595 0.000000 2.852012 0.000000 0.000000 1.000000 0.000000
0.997774 -0.066691 0.000000 222.455560 0.066691 0.997774 0.000000 3.008993 0.000000 0.000000 1.000000 0.000000
0.996045 -0.088850 0.000000 226.561789 0.088850 0.996045 0.000000 3.342570 0.000000 0.000000 1.000000 0.000000
0.993923 -0.110080 0.000000 230.541189 0.110080 0.993923 0.000000 3.744462 0.000000 0.000000 1.000000 0.000000
0.992163 -0.124952 0.000000 234.561625 0.124952 0.992163 0.000000 4.205645 0.000000 0.000000 1.000000 0.000000
0.990223 -0.139494 0.000000 238.769450 0.139494 0.990223 0.000000 4.741830 0.000000 0.000000 1.000000 0.000000
0.989372 -0.145404 0.000000 242.946331 0.145404 0.989372 0.000000 5.328169 0.000000 0.000000 1.000000 0.000000
0.988801 -0.149240 0.000000 251.352081 0.149240 0.988801 0.000000 6.454134 0.000000 0.000000 1.000000 0.000000
0.988715 -0.149809 0.000000 253.493776 0.149809 0.988715 0.000000 6.768234 0.000000 0.000000 1.000000 0.000000
0.988489 -0.151292 0.000000 257.806249 0.151292 0.988489 0.000000 7.361674 0.000000 0.000000 1.000000 0.000000
0.988445 -0.151581 0.000000 262.115261 0.151581 0.988445 0.000000 7.915634 0.000000 0.000000 1.000000 0.000000
0.988419 -0.151751 0.000000 266.575329 0.151751 0.988419 0.000000 8.560898 0.000000 0.000000 1.000000 0.000000
0.988846 -0.148944 0.000000 271.009223 0.148944 0.988846 0.000000 9.230669 0.000000 0.000000 1.000000 0.000000
0.988655 -0.150203 0.000000 275.471615 0.150203 0.988655 0.000000 9.808508 0.000000 0.000000 1.000000 0.000000
0.988691 -0.149966 0.000000 280.158894 0.149966 0.988691 0.000000 10.471866 0.000000 0.000000 1.000000 0.000000
0.989004 -0.147886 0.000000 284.697975 0.147886 0.989004 0.000000 11.092959 0.000000 0.000000 1.000000 0.000000
0.986259 -0.165205 0.000000 294.132637 0.165205 0.986259 0.000000 12.366653 0.000000 0.000000 1.000000 0.000000
0.985879 -0.167458 0.000000 296.490199 0.167458 0.985879 0.000000 12.754110 0.000000 0.000000 1.000000 0.000000
0.985302 -0.170819 0.000000 301.095081 0.170819 0.985302 0.000000 13.410679 0.000000 0.000000 1.000000 0.000000
0.986624 -0.163011 0.000000 305.661210 0.163011 0.986624 0.000000 14.181701 0.000000 0.000000 1.000000 0.000000
0.986967 -0.160925 0.000000 309.932408 0.160925 0.986967 0.000000 14.706404 0.000000 0.000000 1.000000 0.000000
0.987305 -0.158838 0.000000 314.154988 0.158838 0.987305 0.000000 15.432754 0.000000 0.000000 1.000000 0.000000
0.987780 -0.155854 0.000000 317.832346 0.155854 0.987780 0.000000 15.970769 0.000000 0.000000 1.000000 0.000000
0.987702 -0.156346 0.000000 322.022058 0.156346 0.987702 0.000000 16.554191 0.000000 0.000000 1.000000 0.000000
0.988696 -0.149931 0.000000 325.293881 0.149931 0.988696 0.000000 16.971081 0.000000 0.000000 1.000000 0.000000
0.989578 -0.144001 0.000000 332.380276 0.144001 0.989578 0.000000 17.878070 0.000000 0.000000 1.000000 0.000000
0.990072 -0.140561 0.000000 333.890060 0.140561 0.990072 0.000000 18.105306 0.000000 0.000000 1.000000 0.000000
0.991144 -0.132795 0.000000 336.861145 0.132795 0.991144 0.000000 18.428743 0.000000 0.000000 1.000000 0.000000
0.992775 -0.119991 0.000000 339.672649 0.119991 0.992775 0.000000 18.673995 0.000000 0.000000 1.000000 0.000000
0.992940 -0.118618 0.000000 342.174169 0.118618 0.992940 0.000000 19.060642 0.000000 0.000000 1.000000 0.000000
0.993368 -0.114978 0.000000 344.500046 0.114978 0.993368 0.000000 19.244073 0.000000 0.000000 1.000000 0.000000
0.994125 -0.108243 0.000000 346.710133 0.108243 0.994125 0.000000 19.500047 0.000000 0.000000 1.000000 0.000000
0.994895 -0.100913 0.000000 348.617583 0.100913 0.994895 0.000000 19.639982 0.000000 0.000000 1.000000 0.000000
0.996456 -0.084110 0.000000 350.045073 0.084110 0.996456 0.000000 19.829785 0.000000 0.000000 1.000000 0.000000
0.998862 -0.047699 0.000000 352.923471 0.047699 0.998862 0.000000 19.940702 0.000000 0.000000 1.000000 0.000000
0.999140 -0.041468 0.000000 353.485879 0.041468 0.999140 0.000000 19.928858 0.000000 0.000000 1.000000 0.000000
0.999339 -0.036359 0.000000 354.366160 0.036359 0.999339 0.000000 19.863287 0.000000 0.000000 1.000000 0.000000
0.999381 -0.035191 0.000000 354.906118 0.035191 0.999381 0.000000 19.918386 0.000000 0.000000 1.000000 0.000000
0.999393 -0.034850 0.000000 355.140982 0.034850 0.999393 0.000000 19.883631 0.000000 0.000000 1.000000 0.000000
0.999386 -0.035028 0.000000 355.419787 0.035028 0.999386 0.000000 19.901370 0.000000 0.000000 1.000000 0.000000
0.999549 -0.030017 0.000000 355.696815 0.030017 0.999549 0.000000 19.863781 0.000000 0.000000 1.000000 0.000000
0.999732 -0.023162 0.000000 356.223652 0.023162 0.999732 0.000000 19.810526 0.000000 0.000000 1.000000 0.000000
0.999935 -0.011426 0.000000 356.895923 0.011426 0.999935 0.000000 19.852773 0.000000 0.000000 1.000000 0.000000
0.999762 0.021820 0.000000 358.894226 -0.021820 0.999762 -0.000000 19.728921 -0.000000 0.000000 1.000000 0.000000
0.999633 0.027075 0.000000 359.532908 -0.027075 0.999633 -0.000000 19.685536 -0.000000 0.000000 1.000000 0.000000
0.999431 0.033723 0.000000 361.055601 -0.033723 0.999431 -0.000000 19.653680 -0.000000 0.000000 1.000000 0.000000
0.999439 0.033486 0.000000 362.693962 -0.033486 0.999439 -0.000000 19.586159 -0.000000 0.000000 1.000000 0.000000
0.999327 0.036691 0.000000 364.671686 -0.036691 0.999327 -0.000000 19.401757 -0.000000 0.000000 1.000000 0.000000
0.999278 0.038005 0.000000 367.097241 -0.038005 0.999278 -0.000000 19.293158 -0.000000 0.000000 1.000000 0.000000
0.999631 0.027175 0.000000 369.645815 -0.027175 0.999631 -0.000000 19.241630 -0.000000 0.000000 1.000000 0.000000
0.999687 0.025032 0.000000 372.486745 -0.025032 0.999687 -0.000000 19.154816 -0.000000 0.000000 1.000000 0.000000
0.999782 0.020869 0.000000 375.907178 -0.020869 0.999782 -0.000000 19.097571 -0.000000 0.000000 1.000000 0.000000
0.999669 0.025712 0.000000 382.682647 -0.025712 0.999669 -0.000000 18.822168 -0.000000 0.000000 1.000000 0.000000
0.999606 0.028058 0.000000 384.625257 -0.028058 0.999606 -0.000000 18.892491 -0.000000 0.000000 1.000000 0.000000
0.999824 0.018757 0.000000 388.236424 -0.018757 0.999824 -0.000000 18.612065 -0.000000 0.000000 1.000000 0.000000
0.999860 0.016756 0.000000 392.163451 -0.016756 0.999860 -0.000000 18.481843 -0.000000 0.000000 1.000000 0.000000
0.999949 0.010080 0.000000 396.022070 -0.010080 0.999949 -0.000000 18.437836 -0.000000 0.000000 1.000000 0.000000
0.999954 0.009628 0.000000 399.803870 -0.009628 0.999954 -0.000000 18.357957 -0.000000 0.000000 1.000000 0.000000
0.999989 0.004633 0.000000 403.487556 -0.004633 0.999989 -0.000000 18.279658 -0.000000 0.000000 1.000000 0.000000
0.999998 -0.001926 0.000000 407.147073 0.001926 0.999998 0.000000 18.299945 0.000000 0.000000 1.000000 0.000000
0.999996 -0.002979 0.000000 410.591330 0.002979 0.999996 0.000000 18.244823 0.000000 0.000000 1.000000 0.000000
0.999881 -0.015453 0.000000 417.309229 0.015453 0.999881 0.000000 18.243307 0.000000 0.000000 1.000000 0.000000
0.999855 -0.017029 0.000000 418.991292 0.017029 0.999855 0.000000 18.253000 0.000000 0.000000 1.000000 0.000000
0.999715 -0.023861 0.000000 422.231672 0.023861 0.999715 0.000000 18.186273 0.000000 0.000000 1.000000 0.000000
0.999733 -0.023086 0.000000 425.445726 0.023086 0.999733 0.000000 18.313496 0.000000 0.000000 1.000000 0.000000
0.999697 -0.024622 0.000000 428.660421 0.024622 0.999697 0.000000 18.314566 0.000000 0.000000 1.000000 0.000000
0.999686 -0.025077 0.000000 431.679983 0.025077 0.999686 0.000000 18.293178 0.000000 0.000000 1.000000 0.000000
0.999553 -0.029881 0.000000 434.760489 0.029881 0.999553 0.000000 18.414764 0.000000 0.000000 1.000000 0.000000
0.999449 -0.033185 0.000000 437.832796 0.033185 0.999449 0.000000 18.470604 0.000000 0.000000 1.000000 0.000000
0.999430 -0.033749 0.000000 440.954565 0.033749 0.999430 0.000000 18.559559 0.000000 0.000000 1.000000 0.000000
0.999038 -0.043858 0.000000 447.434043 0.043858 0.999038 0.000000 18.746902 0.000000 0.000000 1.000000 0.000000
0.998857 -0.047806 0.000000 449.026206 0.047806 0.998857 0.000000 18.806917 0.000000 0.000000 1.000000 0.000000
0.998490 -0.054925 0.000000 452.056891 0.054925 0.998490 0.000000 18.942739 0.000000 0.000000 1.000000 0.000000
0.998256 -0.059028 0.000000 454.979832 0.059028 0.998256 0.000000 19.103627 0.000000 0.000000 1.000000 0.000000
0.998315 -0.058032 0.000000 457.857298 0.058032 0.998315 0.000000 19.172176 0.000000 0.000000 1.000000 0.000000
0.998561 -0.053633 0.000000 460.364006 0.053633 0.998561 0.000000 19.302353 0.000000 0.000000 1.000000 0.000000
0.999298 -0.037455 0.000000 462.937918 0.037455 0.999298 0.000000 19.434961 0.000000 0.000000 1.000000 0.000000
0.999838 0.018005 0.000000 465.096161 -0.018005 0.999838 -0.000000 19.289050 -0.000000 0.000000 1.000000 0.000000
0.995165 0.098218 0.000000 467.249779 -0.098218 0.995165 -0.000000 18.960975 -0.000000 0.000000 1.000000 0.000000
0.942707 0.333622 0.000000 470.943753 -0.333622 0.942707 -0.000000 18.164424 -0.000000 0.000000 1.000000 0.000000
0.911861 0.410498 0.000000 471.619868 -0.410498 0.911861 -0.000000 17.733721 -0.000000 0.000000 1.000000 0.000000
0.828193 0.560443 0.000000 472.987489 -0.560443 0.828193 -0.000000 16.925969 -0.000000 0.000000 1.000000 0.000000
0.721832 0.692068 0.000000 473.731429 -0.692068 0.721832 -0.000000 15.839194 -0.000000 0.000000 1.000000 0.000000
0.602544 0.798085 0.000000 474.477728 -0.798085 0.602544 -0.000000 14.908471 -0.000000 0.000000 1.000000 0.000000
0.486108 0.873899 0.000000 474.885116 -0.873899 0.486108 -0.000000 13.925690 -0.000000 0.000000 1.000000 0.000000
0.355770 0.934574 0.000000 475.158043 -0.934574 0.355770 -0.000000 12.876036 -0.000000 0.000000 1.000000 0.000000
0.199000 0.979999 0.000000 475.306643 -0.979999 0.199000 -0.000000 11.743107 -0.000000 0.000000 1.000000 0.000000
-0.007783 0.999970 0.000000 475.226880 -0.999970 -0.007783 -0.000000 10.415912 -0.000000 0.000000 1.000000 0.000000
-0.502149 0.864781 0.000000 473.624161 -0.864781 -0.502149 -0.000000 6.925261 -0.000000 0.000000 1.000000 0.000000
-0.608734 0.793374 0.000000 472.823376 -0.793374 -0.608734 -0.000000 5.981088 -0.000000 0.000000 1.000000 0.000000
-0.771663 0.636032 0.000000 470.847400 -0.636032 -0.771663 -0.000000 4.329616 -0.000000 0.000000 1.000000 0.000000
-0.858282 0.513179 0.000000 468.207685 -0.513179 -0.858282 -0.000000 2.786207 -0.000000 0.000000 1.000000 0.000000
-0.886307 0.463098 0.000000 465.088846 -0.463098 -0.886307 -0.000000 1.002770 -0.000000 0.000000 1.000000 0.000000
-0.898300 0.439384 0.000000 461.492880 -0.439384 -0.898300 -0.000000 -0.549567 -0.000000 0.000000 1.000000 0.000000
-0.901742 0.432275 0.000000 457.469338 -0.432275 -0.901742 -0.000000 -2.495665 -0.000000 0.000000 1.000000 0.000000
-0.900659 0.434526 0.000000 453.344382 -0.434526 -0.900659 -0.000000 -4.639228 -0.000000 0.000000 1.000000 0.000000
-0.903831 0.427890 0.000000 448.460276 -0.427890 -0.903831 -0.000000 -6.799441 -0.000000 0.000000 1.000000 0.000000
-0.906367 0.422492 0.000000 438.854388 -0.422492 -0.906367 -0.000000 -10.974097 -0.000000 0.000000 1.000000 0.000000
-0.906128 0.423003 0.000000 436.515902 -0.423003 -0.906128 -0.000000 -12.021379 -0.000000 0.000000 1.000000 0.000000
-0.907571 0.419899 0.000000 431.884684 -0.419899 -0.907571 -0.000000 -14.073432 -0.000000 0.000000 1.000000 0.000000
-0.905474 0.424402 0.000000 427.396046 -0.424402 -0.905474 -0.000000 -16.217860 -0.000000 0.000000 1.000000 0.000000
-0.906543 0.422114 0.000000 422.999220 -0.422114 -0.906543 -0.000000 -18.280665 -0.000000 0.000000 1.000000 0.000000
-0.909866 0.414902 0.000000 418.688790 -0.414902 -0.909866 -0.000000 -20.226986 -0.000000 0.000000 1.000000 0.000000
-0.909482 0.415743 0.000000 414.546639 -0.415743 -0.909482 -0.000000 -21.996549 -0.000000 0.000000 1.000000 0.000000
-0.913280 0.407333 0.000000 410.634509 -0.407333 -0.913280 -0.000000 -23.678829 -0.000000 0.000000 1.000000 0.000000
-0.917871 0.396878 0.000000 406.936876 -0.396878 -0.917871 -0.000000 -25.259909 -0.000000 0.000000 1.000000 0.000000
-0.921154 0.389197 0.000000 400.509056 -0.389197 -0.921154 -0.000000 -27.965429 -0.000000 0.000000 1.000000 0.000000
-0.921968 0.387265 0.000000 399.046221 -0.387265 -0.921968 -0.000000 -28.576721 -0.000000 0.000000 1.000000 0.000000
-0.922327 0.386409 0.000000 396.397691 -0.386409 -0.922327 -0.000000 -29.652552 -0.000000 0.000000 1.000000 0.000000
-0.921664 0.387988 0.000000 394.033803 -0.387988 -0.921664 -0.000000 -30.595260 -0.000000 0.000000 1.000000 0.000000
-0.920683 0.390311 0.000000 392.050419 -0.390311 -0.920683 -0.000000 -31.477892 -0.000000 0.000000 1.000000 0.000000
-0.922999 0.384803 0.000000 390.350280 -0.384803 -0.922999 -0.000000 -32.096736 -0.000000 0.000000 1.000000 0.000000
-0.922339 0.386381 0.000000 389.011061 -0.386381 -0.922339 -0.000000 -32.638460 -0.000000 0.000000 1.000000 0.000000
-0.921069 0.389399 0.000000 387.993607 -0.389399 -0.921069 -0.000000 -33.151375 -0.000000 0.000000 1.000000 0.000000
-0.922450 0.386118 0.000000 387.296263 -0.386118 -0.922450 -0.000000 -33.352407 -0.000000 0.000000 1.000000 0.000000
-0.921506 0.388365 0.000000 386.381375 -0.388365 -0.921506 -0.000000 -33.782919 -0.000000 0.000000 1.000000 0.000000
-0.921808 0.387646 0.000000 386.177405 -0.387646 -0.921808 -0.000000 -33.877098 -0.000000 0.000000 1.000000 0.000000
-0.921684 0.387942 0.000000 385.896288 -0.387942 -0.921684 -0.000000 -33.999283 -0.000000 0.000000 1.000000 0.000000
-0.922307 0.386458 0.000000 385.666572 -0.386458 -0.922307 -0.000000 -34.069531 -0.000000 0.000000 1.000000 0.000000
-0.922901 0.385037 0.000000 385.460552 -0.385037 -0.922901 -0.000000 -34.213083 -0.000000 0.000000 1.000000 0.000000
-0.921962 0.387279 0.000000 385.314288 -0.387279 -0.921962 -0.000000 -34.261913 -0.000000 0.000000 1.000000 0.000000
-0.922586 0.385791 0.000000 385.140921 -0.385791 -0.922586 -0.000000 -34.225106 -0.000000 0.000000 1.000000 0.000000
-0.923075 0.384620 0.000000 385.054030 -0.384620 -0.923075 -0.000000 -34.323558 -0.000000 0.000000 1.000000 0.000000
-0.922739 0.385425 0.000000 384.891518 -0.385425 -0.922739 -0.000000 -34.384255 -0.000000 0.000000 1.000000 0.000000
-0.922289 0.386501 0.000000 384.692093 -0.386501 -0.922289 -0.000000 -34.477334 -0.000000 0.000000 1.000000 0.000000
-0.922802 0.385274 0.000000 384.670767 -0.385274 -0.922802 -0.000000 -34.499408 -0.000000 0.000000 1.000000 0.000000
-0.922122 0.386899 0.000000 384.580453 -0.386899 -0.922122 -0.000000 -34.506474 -0.000000 0.000000 1.000000 0.000000
-0.922456 0.386102 0.000000 384.561327 -0.386102 -0.922456 -0.000000 -34.555856 -0.000000 0.000000 1.000000 0.000000
-0.922452 0.386111 0.000000 384.517854 -0.386111 -0.922452 -0.000000 -34.577828 -0.000000 0.000000 1.000000 0.000000
-0.922253 0.386588 0.000000 384.461927 -0.386588 -0.922253 -0.000000 -34.601450 -0.000000 0.000000 1.000000 0.000000
-0.921997 0.387197 0.000000 384.467508 -0.387197 -0.921997 -0.000000 -34.603702 -0.000000 0.000000 1.000000 0.000000
-0.922506 0.385983 0.000000 384.441663 -0.385983 -0.922506 -0.000000 -34.645207 -0.000000 0.000000 1.000000 0.000000
-0.922600 0.385759 0.000000 384.398710 -0.385759 -0.922600 -0.000000 -34.632701 -0.000000 0.000000 1.000000 0.000000
-0.922132 0.386875 0.000000 384.326627 -0.386875 -0.922132 -0.000000 -34.644656 -0.000000 0.000000 1.000000 0.000000
-0.922121 0.386901 0.000000 384.261100 -0.386901 -0.922121 -0.000000 -34.683015 -0.000000 0.000000 1.000000 0.000000
-0.922143 0.386849 0.000000 384.071873 -0.386849 -0.922143 -0.000000 -34.754471 -0.000000 0.000000 1.000000 0.000000
-0.922028 0.387123 0.000000 383.864050 -0.387123 -0.922028 -0.000000 -34.798083 -0.000000 0.000000 1.000000 0.000000
-0.921952 0.387305 0.000000 383.627524 -0.387305 -0.921952 -0.000000 -34.890163 -0.000000 0.000000 1.000000 0.000000
-0.922210 0.386691 0.000000 383.416588 -0.386691 -0.922210 -0.000000 -34.996639 -0.000000 0.000000 1.000000 0.000000
-0.921303 0.388846 0.000000 383.183989 -0.388846 -0.921303 -0.000000 -35.095411 -0.000000 0.000000 1.000000 0.000000
-0.921782 0.387709 0.000000 382.857689 -0.387709 -0.921782 -0.000000 -35.196581 -0.000000 0.000000 1.000000 0.000000
-0.921918 0.387385 0.000000 382.365537 -0.387385 -0.921918 -0.000000 -35.418255 -0.000000 0.000000 1.000000 0.000000
-0.922912 0.385010 0.000000 380.259438 -0.385010 -0.922912 -0.000000 -36.246356 -0.000000 0.000000 1.000000 0.000000
-0.920716 0.390233 0.000000 379.442604 -0.390233 -0.920716 -0.000000 -36.586430 -0.000000 0.000000 1.000000 0.000000
-0.920779 0.390084 0.000000 377.383707 -0.390084 -0.920779 -0.000000 -37.484986 -0.000000 0.000000 1.000000 0.000000
-0.923610 0.383333 0.000000 374.980994 -0.383333 -0.923610 -0.000000 -38.426793 -0.000000 0.000000 1.000000 0.000000
-0.927675 0.373388 0.000000 372.044315 -0.373388 -0.927675 -0.000000 -39.579302 -0.000000 0.000000 1.000000 0.000000
-0.935329 0.353779 0.000000 368.569495 -0.353779 -0.935329 -0.000000 -40.901216 -0.000000 0.000000 1.000000 0.000000
-0.942776 0.333427 0.000000 364.739385 -0.333427 -0.942776 -0.000000 -42.147990 -0.000000 0.000000 1.000000 0.000000
-0.949518 0.313711 0.000000 360.794763 -0.313711 -0.949518 -0.000000 -43.378139 -0.000000 0.000000 1.000000 0.000000
-0.954326 0.298768 0.000000 356.097960 -0.298768 -0.954326 -0.000000 -44.849922 -0.000000 0.000000 1.000000 0.000000
-0.958815 0.284033 0.000000 346.365381 -0.284033 -0.958815 -0.000000 -47.525431 -0.000000 0.000000 1.000000 0.000000
-0.958195 0.286116 0.000000 343.887707 -0.286116 -0.958195 -0.000000 -48.260860 -0.000000 0.000000 1.000000 0.000000
-0.957988 0.286808 0.000000 338.683815 -0.286808 -0.957988 -0.000000 -49.652996 -0.000000 0.000000 1.000000 0.000000
-0.953940 0.299999 0.000000 333.361767 -0.299999 -0.953940 -0.000000 -51.330066 -0.000000 0.000000 1.000000 0.000000
-0.950560 0.310541 0.000000 327.991115 -0.310541 -0.950560 -0.000000 -52.924381 -0.000000 0.000000 1.000000 0.000000
-0.947868 0.318665 0.000000 322.522436 -0.318665 -0.947868 -0.000000 -54.667252 -0.000000 0.000000 1.000000 0.000000
-0.945687 0.325079 0.000000 317.097922 -0.325079 -0.945687 -0.000000 -56.396357 -0.000000 0.000000 1.000000 0.000000
-0.943648 0.330950 0.000000 311.656420 -0.330950 -0.943648 -0.000000 -58.222771 -0.000000 0.000000 1.000000 0.000000
-0.943289 0.331971 0.000000 306.197176 -0.331971 -0.943289 -0.000000 -60.134310 -0.000000 0.000000 1.000000 0.000000
-0.941771 0.336254 0.000000 295.674966 -0.336254 -0.941771 -0.000000 -63.767876 -0.000000 0.000000 1.000000 0.000000
-0.942487 0.334242 0.000000 293.051497 -0.334242 -0.942487 -0.000000 -64.599045 -0.000000 0.000000 1.000000 0.000000
-0.943125 0.332440 0.000000 287.862822 -0.332440 -0.943125 -0.000000 -66.311474 -0.000000 0.000000 1.000000 0.000000
-0.942613 0.333888 0.000000 282.946683 -0.333888 -0.942613 -0.000000 -67.982276 -0.000000 0.000000 1.000000 0.000000
-0.937804 0.347166 0.000000 277.951967 -0.347166 -0.937804 -0.000000 -69.748467 -0.000000 0.000000 1.000000 0.000000
-0.930549 0.366168 0.000000 273.246298 -0.366168 -0.930549 -0.000000 -71.675818 -0.000000 0.000000 1.000000 0.000000
-0.924713 0.380665 0.000000 268.530002 -0.380665 -0.924713 -0.000000 -73.213765 -0.000000 0.000000 1.000000 0.000000
-0.925905 0.377757 0.000000 263.740287 -0.377757 -0.925905 -0.000000 -75.272782 -0.000000 0.000000 1.000000 0.000000
-0.922585 0.385794 0.000000 258.723089 -0.385794 -0.922585 -0.000000 -77.022391 -0.000000 0.000000 1.000000 0.000000
-0.917714 0.397241 0.000000 249.837020 -0.397241 -0.917714 -0.000000 -81.081225 -0.000000 0.000000 1.000000 0.000000
-0.918880 0.394536 0.000000 247.544136 -0.394536 -0.918880 -0.000000 -82.019059 -0.000000 0.000000 1.000000 0.000000
-0.921569 0.388215 0.000000 242.721222 -0.388215 -0.921569 -0.000000 -83.902000 -0.000000 0.000000 1.000000 0.000000
-0.923754 0.382987 0.000000 238.030664 -0.382987 -0.923754 -0.000000 -85.828107 -0.000000 0.000000 1.000000 0.000000
-0.927472 0.373892 0.000000 233.308876 -0.373892 -0.927472 -0.000000 -87.808015 -0.000000 0.000000 1.000000 0.000000
-0.925714 0.378223 0.000000 228.524374 -0.378223 -0.925714 -0.000000 -89.662816 -0.000000 0.000000 1.000000 0.000000
-0.929155 0.369691 0.000000 223.505001 -0.369691 -0.929155 -0.000000 -91.692508 -0.000000 0.000000 1.000000 0.000000
-0.927006 0.375046 0.000000 218.804918 -0.375046 -0.927006 -0.000000 -93.610031 -0.000000 0.000000 1.000000 0.000000
-0.925395 0.379005 0.000000 213.810624 -0.379005 -0.925395 -0.000000 -95.546009 -0.000000 0.000000 1.000000 0.000000
-0.926637 0.375958 0.000000 203.895112 -0.375958 -0.926637 -0.000000 -99.268591 -0.000000 0.000000 1.000000 0.000000
-0.927631 0.373498 0.000000 201.454140 -0.373498 -0.927631 -0.000000 -100.312810 -0.000000 0.000000 1.000000 0.000000
-0.925760 0.378112 0.000000 196.581408 -0.378112 -0.925760 -0.000000 -102.299104 -0.000000 0.000000 1.000000 0.000000
-0.922526 0.385936 0.000000 191.694058 -0.385936 -0.922526 -0.000000 -104.148352 -0.000000 0.000000 1.000000 0.000000
-0.924465 0.381268 0.000000 186.862124 -0.381268 -0.924465 -0.000000 -106.126342 -0.000000 0.000000 1.000000 0.000000
-0.923437 0.383751 0.000000 182.053136 -0.383751 -0.923437 -0.000000 -108.092788 -0.000000 0.000000 1.000000 0.000000
-0.928869 0.370410 0.000000 177.225033 -0.370410 -0.928869 -0.000000 -109.826122 -0.000000 0.000000 1.000000 0.000000
-0.931433 0.363913 0.000000 172.426664 -0.363913 -0.931433 -0.000000 -111.605485 -0.000000 0.000000 1.000000 0.000000
-0.937789 0.347206 0.000000 168.215883 -0.347206 -0.937789 -0.000000 -113.225459 -0.000000 0.000000 1.000000 0.000000
-0.938576 0.345072 0.000000 160.061734 -0.345072 -0.938576 -0.000000 -116.020643 -0.000000 0.000000 1.000000 0.000000
-0.938560 0.345117 0.000000 158.078404 -0.345117 -0.938560 -0.000000 -116.702994 -0.000000 0.000000 1.000000 0.000000
-0.937655 0.347568 0.000000 154.304135 -0.347568 -0.937655 -0.000000 -118.146536 -0.000000 0.000000 1.000000 0.000000
-0.938920 0.344135 0.000000 151.264991 -0.344135 -0.938920 -0.000000 -119.129597 -0.000000 0.000000 1.000000 0.000000
-0.939088 0.343676 0.000000 148.215892 -0.343676 -0.939088 -0.000000 -120.303973 -0.000000 0.000000 1.000000 0.000000
-0.940080 0.340955 0.000000 145.681786 -0.340955 -0.940080 -0.000000 -121.125394 -0.000000 0.000000 1.000000 0.000000
-0.938339 0.345716 0.000000 143.250136 -0.345716 -0.938339 -0.000000 -121.954123 -0.000000 0.000000 1.000000 0.000000
-0.940812 0.338928 0.000000 141.397951 -0.338928 -0.940812 -0.000000 -122.651973 -0.000000 0.000000 1.000000 0.000000
-0.941520 0.336958 0.000000 139.357126 -0.336958 -0.941520 -0.000000 -123.392346 -0.000000 0.000000 1.000000 0.000000
-0.941496 0.337025 0.000000 135.687580 -0.337025 -0.941496 -0.000000 -124.512649 -0.000000 0.000000 1.000000 0.000000
-0.942090 0.335360 0.000000 134.661134 -0.335360 -0.942090 -0.000000 -124.842180 -0.000000 0.000000 1.000000 0.000000
-0.942059 0.335449 0.000000 132.471500 -0.335449 -0.942059 -0.000000 -125.571973 -0.000000 0.000000 1.000000 0.000000
-0.942676 0.333709 0.000000 129.954195 -0.333709 -0.942676 -0.000000 -126.442546 -0.000000 0.000000 1.000000 0.000000
-0.943403 0.331649 0.000000 127.330563 -0.331649 -0.943403 -0.000000 -127.303268 -0.000000 0.000000 1.000000 0.000000
-0.944371 0.328882 0.000000 124.483593 -0.328882 -0.944371 -0.000000 -128.300518 -0.000000 0.000000 1.000000 0.000000
-0.945169 0.326581 0.000000 121.430696 -0.326581 -0.945169 -0.000000 -129.308019 -0.000000 0.000000 1.000000 0.000000
-0.947636 0.319353 0.000000 118.384871 -0.319353 -0.947636 -0.000000 -130.260075 -0.000000 0.000000 1.000000 0.000000
-0.951641 0.307214 0.000000 115.415620 -0.307214 -0.951641 -0.000000 -131.192983 -0.000000 0.000000 1.000000 0.000000
-0.957985 0.286818 0.000000 109.549891 -0.286818 -0.957985 -0.000000 -132.872201 -0.000000 0.000000 1.000000 0.000000
-0.959680 0.281097 0.000000 108.210272 -0.281097 -0.959680 -0.000000 -133.198659 -0.000000 0.000000 1.000000 0.000000
-0.960843 0.277092 0.000000 105.561961 -0.277092 -0.960843 -0.000000 -133.941377 -0.000000 0.000000 1.000000 0.000000
-0.965059 0.262033 0.000000 103.004108 -0.262033 -0.965059 -0.000000 -134.560768 -0.000000 0.000000 1.000000 0.000000
-0.966982 0.254845 0.000000 100.665195 -0.254845 -0.966982 -0.000000 -135.140110 -0.000000 0.000000 1.000000 0.000000
-0.966813 0.255485 0.000000 98.329140 -0.255485 -0.966813 -0.000000 -135.694287 -0.000000 0.000000 1.000000 0.000000
-0.967497 0.252883 0.000000 95.975135 -0.252883 -0.967497 -0.000000 -136.248690 -0.000000 0.000000 1.000000 0.000000
-0.966238 0.257651 0.000000 93.713544 -0.257651 -0.966238 -0.000000 -136.811856 -0.000000 0.000000 1.000000 0.000000
-0.965616 0.259972 0.000000 91.438528 -0.259972 -0.965616 -0.000000 -137.350123 -0.000000 0.000000 1.000000 0.000000
-0.930683 0.365827 0.000000 86.912466 -0.365827 -0.930683 -0.000000 -138.720353 -0.000000 0.000000 1.000000 0.000000
-0.902707 0.430255 0.000000 85.971783 -0.430255 -0.902707 -0.000000 -139.115795 -0.000000 0.000000 1.000000 0.000000
-0.801753 0.597656 0.000000 84.312204 -0.597656 -0.801753 -0.000000 -140.453808 -0.000000 0.000000 1.000000 0.000000
-0.654463 0.756094 0.000000 83.251278 -0.756094 -0.654463 -0.000000 -141.883114 -0.000000 0.000000 1.000000 0.000000
-0.484370 0.874863 0.000000 82.219548 -0.874863 -0.484370 -0.000000 -143.565971 -0.000000 0.000000 1.000000 0.000000
-0.276061 0.961140 0.000000 81.781666 -0.961140 -0.276061 -0.000000 -145.484263 -0.000000 0.000000 1.000000 0.000000
-0.078759 0.996894 0.000000 81.502343 -0.996894 -0.078759 -0.000000 -147.402662 -0.000000 0.000000 1.000000 0.000000
0.113469 0.993542 0.000000 81.655276 -0.993542 0.113469 -0.000000 -149.621363 -0.000000 0.000000 1.000000 0.000000
0.284035 0.958814 0.000000 82.096763 -0.958814 0.284035 -0.000000 -151.863851 -0.000000 0.000000 1.000000 0.000000
0.507477 0.861666 0.000000 84.422646 -0.861666 0.507477 -0.000000 -156.283206 -0.000000 0.000000 1.000000 0.000000
0.551995 0.833847 0.000000 85.186381 -0.833847 0.551995 -0.000000 -157.406848 -0.000000 0.000000 1.000000 0.000000
0.618381 0.785879 0.000000 86.846758 -0.785879 0.618381 -0.000000 -159.586828 -0.000000 0.000000 1.000000 0.000000
0.683845 0.729627 0.000000 88.828625 -0.729627 0.683845 -0.000000 -161.702313 -0.000000 0.000000 1.000000 0.000000
0.737625 0.675211 0.000000 91.142416 -0.675211 0.737625 -0.000000 -164.019042 -0.000000 0.000000 1.000000 0.000000
0.822394 0.568918 0.000000 93.861520 -0.568918 0.822394 -0.000000 -165.903180 -0.000000 0.000000 1.000000 0.000000
0.906759 0.421650 0.000000 96.634408 -0.421650 0.906759 -0.000000 -167.527306 -0.000000 0.000000 1.000000 0.000000
0.966958 0.254937 0.000000 100.059504 -0.254937 0.966958 -0.000000 -168.569452 -0.000000 0.000000 1.000000 0.000000
0.995729 0.092324 0.000000 103.513866 -0.092324 0.995729 -0.000000 -168.988767 -0.000000 0.000000 1.000000 0.000000
0.995536 -0.094382 0.000000 111.134317 0.094382 0.995536 0.000000 -168.488898 0.000000 0.000000 1.000000 0.000000
0.994578 -0.103991 0.000000 113.068837 0.103991 0.994578 0.000000 -168.189545 0.000000 0.000000 1.000000 0.000000
0.993202 -0.116405 0.000000 117.077045 0.116405 0.993202 0.000000 -167.957965 0.000000 0.000000 1.000000 0.000000
0.992518 -0.122102 0.000000 121.154388 0.122102 0.992518 0.000000 -167.485002 0.000000 0.000000 1.000000 0.000000
0.993991 -0.109461 0.000000 125.241736 0.109461 0.993991 0.000000 -167.179972 0.000000 0.000000 1.000000 0.000000
0.995210 -0.097759 0.000000 129.391582 0.097759 0.995210 0.000000 -166.798242 0.000000 0.000000 1.000000 0.000000
0.996845 -0.079374 0.000000 133.674341 0.079374 0.996845 0.000000 -166.492809 0.000000 0.000000 1.000000 0.000000
0.998066 -0.062161 0.000000 137.798404 0.062161 0.998066 0.000000 -166.339758 0.000000 0.000000 1.000000 0.000000
0.998555 -0.053736 0.000000 142.171918 0.053736 0.998555 0.000000 -166.075522 0.000000 0.000000 1.000000 0.000000
0.999478 -0.032301 0.000000 150.828658 0.032301 0.999478 0.000000 -165.940949 0.000000 0.000000 1.000000 0.000000
0.999543 -0.030223 0.000000 152.984677 0.030223 0.999543 0.000000 -165.885987 0.000000 0.000000 1.000000 0.000000
0.999734 -0.023052 0.000000 157.416100 0.023052 0.999734 0.000000 -165.832921 0.000000 0.000000 1.000000 0.000000
