1.000000 -0.000020 0.000000 0.000015 0.000020 1.000000 0.000000 -0.000017 0.000000 0.000000 1.000000 0.000000
1.000000 -0.000009 0.000000 0.000159 0.000009 1.000000 0.000000 -0.000042 0.000000 0.000000 1.000000 0.000000
1.000000 0.000000 0.000000 -0.000010 -0.000000 1.000000 -0.000000 0.000284 -0.000000 0.000000 1.000000 0.000000
1.000000 0.000001 0.000000 0.000048 -0.000001 1.000000 -0.000000 0.000399 -0.000000 0.000000 1.000000 0.000000
1.000000 0.000016 0.000000 0.000501 -0.000016 1.000000 -0.000000 0.000359 -0.000000 0.000000 1.000000 0.000000
1.000000 0.000010 0.000000 0.000494 -0.000010 1.000000 -0.000000 0.000404 -0.000000 0.000000 1.000000 0.000000
1.000000 -0.000011 0.000000 0.000110 0.000011 1.000000 0.000000 0.000006 0.000000 0.000000 1.000000 0.000000
1.000000 0.000020 0.000000 0.000031 -0.000020 1.000000 -0.000000 0.000135 -0.000000 0.000000 1.000000 0.000000
1.000000 0.000034 0.000000 0.000080 -0.000034 1.000000 -0.000000 0.000322 -0.000000 0.000000 1.000000 0.000000
1.000000 0.000032 0.000000 -0.000001 -0.000032 1.000000 -0.000000 0.000520 -0.000000 0.000000 1.000000 0.000000
1.000000 0.000000 0.000000 0.000347 -0.000000 1.000000 -0.000000 0.000437 -0.000000 0.000000 1.000000 0.000000
1.000000 0.000018 0.000000 0.000175 -0.000018 1.000000 -0.000000 0.000408 -0.000000 0.000000 1.000000 0.000000
1.000000 0.000026 0.000000 0.000353 -0.000026 1.000000 -0.000000 0.000329 -0.000000 0.000000 1.000000 0.000000
1.000000 0.000016 0.000000 0.000675 -0.000016 1.000000 -0.000000 0.000087 -0.000000 0.000000 1.000000 0.000000
1.000000 0.000006 0.000000 0.000458 -0.000006 1.000000 -0.000000 -0.000017 -0.000000 0.000000 1.000000 0.000000
1.000000 -0.000020 0.000000 -0.001223 0.000020 1.000000 0.000000 0.000242 0.000000 0.000000 1.000000 0.000000
1.000000 -0.000016 0.000000 -0.000722 0.000016 1.000000 0.000000 0.000166 0.000000 0.000000 1.000000 0.000000
1.000000 -0.000013 0.000000 -0.000386 0.000013 1.000000 0.000000 0.000148 0.000000 0.000000 1.000000 0.000000
1.000000 0.000004 0.000000 -0.000005 -0.000004 1.000000 -0.000000 0.000254 -0.000000 0.000000 1.000000 0.000000
1.000000 0.000016 0.000000 0.000357 -0.000016 1.000000 -0.000000 0.000404 -0.000000 0.000000 1.000000 0.000000
1.000000 0.000014 0.000000 0.000971 -0.000014 1.000000 -0.000000 0.000320 -0.000000 0.000000 1.000000 0.000000
1.000000 0.000005 0.000000 0.001195 -0.000005 1.000000 -0.000000 0.000458 -0.000000 0.000000 1.000000 0.000000
1.000000 -0.000019 0.000000 0.001285 0.000019 1.000000 0.000000 0.000256 0.000000 0.000000 1.000000 0.000000
1.000000 -0.000024 0.000000 0.001651 0.000024 1.000000 0.000000 0.000007 0.000000 0.000000 1.000000 0.000000
1.000000 -0.000013 0.000000 0.001611 0.000013 1.000000 0.000000 0.000046 0.000000 0.000000 1.000000 0.000000
1.000000 -0.000010 0.000000 0.001479 0.000010 1.000000 0.000000 0.000043 0.000000 0.000000 1.000000 0.000000
1.000000 -0.000008 0.000000 0.000520 0.000008 1.000000 0.000000 0.000164 0.000000 0.000000 1.000000 0.000000
1.000000 -0.000021 0.000000 0.000582 0.000021 1.000000 0.000000 0.000179 0.000000 0.000000 1.000000 0.000000
1.000000 -0.000035 0.000000 0.001051 0.000035 1.000000 0.000000 0.000049 0.000000 0.000000 1.000000 0.000000
1.000000 -0.000037 0.000000 0.001220 0.000037 1.000000 0.000000 -0.000041 0.000000 0.000000 1.000000 0.000000
1.000000 -0.000062 0.000000 0.000438 0.000062 1.000000 0.000000 0.000052 0.000000 0.000000 1.000000 0.000000
1.000000 -0.000075 0.000000 0.000417 0.000075 1.000000 0.000000 0.000120 0.000000 0.000000 1.000000 0.000000
1.000000 -0.000147 0.000000 0.000134 0.000147 1.000000 0.000000 -0.000118 0.000000 0.000000 1.000000 0.000000
1.000000 -0.000171 0.000000 0.000109 0.000171 1.000000 0.000000 -0.000288 0.000000 0.000000 1.000000 0.000000
1.000000 -0.000120 0.000000 0.000695 0.000120 1.000000 0.000000 -0.000190 0.000000 0.000000 1.000000 0.000000
1.000000 -0.000107 0.000000 -0.000123 0.000107 1.000000 0.000000 0.000304 0.000000 0.000000 1.000000 0.000000
1.000000 -0.000086 0.000000 0.000080 0.000086 1.000000 0.000000 0.000161 0.000000 0.000000 1.000000 0.000000
1.000000 -0.000068 0.000000 0.000563 0.000068 1.000000 0.000000 0.000177 0.000000 0.000000 1.000000 0.000000
1.000000 -0.000059 0.000000 0.000490 0.000059 1.000000 0.000000 0.000171 0.000000 0.000000 1.000000 0.000000
1.000000 -0.000057 0.000000 -0.000239 0.000057 1.000000 0.000000 0.000044 0.000000 0.000000 1.000000 0.000000
1.000000 -0.000060 0.000000 -0.000634 0.000060 1.000000 0.000000 -0.000162 0.000000 0.000000 1.000000 0.000000
1.000000 -0.000044 0.000000 -0.000452 0.000044 1.000000 0.000000 -0.000061 0.000000 0.000000 1.000000 0.000000
1.000000 -0.000035 0.000000 -0.000589 0.000035 1.000000 0.000000 0.000082 0.000000 0.000000 1.000000 0.000000
1.000000 -0.000036 0.000000 -0.000902 0.000036 1.000000 0.000000 0.000164 0.000000 0.000000 1.000000 0.000000
1.000000 -0.000052 0.000000 -0.001458 0.000052 1.000000 0.000000 0.000285 0.000000 0.000000 1.000000 0.000000
1.000000 -0.000074 0.000000 -0.000946 0.000074 1.000000 0.000000 0.000423 0.000000 0.000000 1.000000 0.000000
1.000000 -0.000153 0.000000 -0.000609 0.000153 1.000000 0.000000 -0.000370 0.000000 0.000000 1.000000 0.000000
1.000000 -0.000149 0.000000 -0.000438 0.000149 1.000000 0.000000 -0.000236 0.000000 0.000000 1.000000 0.000000
1.000000 -0.000118 0.000000 -0.000296 0.000118 1.000000 0.000000 0.000273 0.000000 0.000000 1.000000 0.000000
1.000000 -0.000120 0.000000 -0.000175 0.000120 1.000000 0.000000 0.000265 0.000000 0.000000 1.000000 0.000000
1.000000 -0.000116 0.000000 0.000041 0.000116 1.000000 0.000000 0.000300 0.000000 0.000000 1.000000 0.000000
1.000000 -0.000108 0.000000 0.000373 0.000108 1.000000 0.000000 0.000350 0.000000 0.000000 1.000000 0.000000
1.000000 -0.000094 0.000000 0.000598 0.000094 1.000000 0.000000 0.000423 0.000000 0.000000 1.000000 0.000000
1.000000 -0.000101 0.000000 0.000726 0.000101 1.000000 0.000000 0.000401 0.000000 0.000000 1.000000 0.000000
1.000000 -0.000088 0.000000 0.000721 0.000088 1.000000 0.000000 0.000352 0.000000 0.000000 1.000000 0.000000
1.000000 -0.000079 0.000000 0.000838 0.000079 1.000000 0.000000 0.000297 0.000000 0.000000 1.000000 0.000000
1.000000 -0.000084 0.000000 0.000856 0.000084 1.000000 0.000000 0.000203 0.000000 0.000000 1.000000 0.000000
1.000000 -0.000068 0.000000 0.000772 0.000068 1.000000 0.000000 0.000146 0.000000 0.000000 1.000000 0.000000
1.000000 -0.000070 0.000000 0.000730 0.000070 1.000000 0.000000 0.000078 0.000000 0.000000 1.000000 0.000000
1.000000 -0.000071 0.000000 0.000794 0.000071 1.000000 0.000000 0.000071 0.000000 0.000000 1.000000 0.000000
1.000000 -0.000078 0.000000 0.000893 0.000078 1.000000 0.000000 0.000068 0.000000 0.000000 1.000000 0.000000
1.000000 -0.000078 0.000000 0.000881 0.000078 1.000000 0.000000 0.000046 0.000000 0.000000 1.000000 0.000000
1.000000 -0.000070 0.000000 0.000738 0.000070 1.000000 0.000000 0.000001 0.000000 0.000000 1.000000 0.000000
1.000000 -0.000082 0.000000 0.000238 0.000082 1.000000 0.000000 -0.000170 0.000000 0.000000 1.000000 0.000000
1.000000 -0.000079 0.000000 -0.000091 0.000079 1.000000 0.000000 -0.000244 0.000000 0.000000 1.000000 0.000000
1.000000 -0.000077 0.000000 0.000336 0.000077 1.000000 0.000000 -0.000247 0.000000 0.000000 1.000000 0.000000
1.000000 -0.000077 0.000000 0.000933 0.000077 1.000000 0.000000 -0.000302 0.000000 0.000000 1.000000 0.000000
1.000000 -0.000079 0.000000 0.001408 0.000079 1.000000 0.000000 -0.000277 0.000000 0.000000 1.000000 0.000000
1.000000 -0.000080 0.000000 0.001886 0.000080 1.000000 0.000000 -0.000265 0.000000 0.000000 1.000000 0.000000
1.000000 -0.000073 0.000000 0.002274 0.000073 1.000000 0.000000 -0.000241 0.000000 0.000000 1.000000 0.000000
1.000000 -0.000078 0.000000 0.001735 0.000078 1.000000 0.000000 -0.000165 0.000000 0.000000 1.000000 0.000000
1.000000 -0.000077 0.000000 0.001463 0.000077 1.000000 0.000000 -0.000029 0.000000 0.000000 1.000000 0.000000
1.000000 -0.000069 0.000000 0.001069 0.000069 1.000000 0.000000 0.000119 0.000000 0.000000 1.000000 0.000000
1.000000 -0.000070 0.000000 0.000869 0.000070 1.000000 0.000000 0.000240 0.000000 0.000000 1.000000 0.000000
1.000000 -0.000064 0.000000 0.001264 0.000064 1.000000 0.000000 0.000356 0.000000 0.000000 1.000000 0.000000
1.000000 -0.000058 0.000000 0.001682 0.000058 1.000000 0.000000 0.000444 0.000000 0.000000 1.000000 0.000000
1.000000 -0.000049 0.000000 0.001865 0.000049 1.000000 0.000000 0.000122 0.000000 0.000000 1.000000 0.000000
1.000000 -0.000045 0.000000 0.001598 0.000045 1.000000 0.000000 -0.000039 0.000000 0.000000 1.000000 0.000000
1.000000 -0.000045 0.000000 0.001262 0.000045 1.000000 0.000000 -0.000147 0.000000 0.000000 1.000000 0.000000
1.000000 -0.000042 0.000000 0.001553 0.000042 1.000000 0.000000 -0.000310 0.000000 0.000000 1.000000 0.000000
1.000000 -0.000042 0.000000 0.001785 0.000042 1.000000 0.000000 -0.000545 0.000000 0.000000 1.000000 0.000000
1.000000 -0.000049 0.000000 0.001876 0.000049 1.000000 0.000000 -0.000770 0.000000 0.000000 1.000000 0.000000
1.000000 -0.000048 0.000000 0.001784 0.000048 1.000000 0.000000 -0.000828 0.000000 0.000000 1.000000 0.000000
1.000000 -0.000039 0.000000 0.000973 0.000039 1.000000 0.000000 -0.000667 0.000000 0.000000 1.000000 0.000000
1.000000 -0.000026 0.000000 -0.000233 0.000026 1.000000 0.000000 -0.000185 0.000000 0.000000 1.000000 0.000000
1.000000 -0.000023 0.000000 0.000287 0.000023 1.000000 0.000000 0.000031 0.000000 0.000000 1.000000 0.000000
1.000000 -0.000036 0.000000 0.000233 0.000036 1.000000 0.000000 -0.000262 0.000000 0.000000 1.000000 0.000000
1.000000 -0.000029 0.000000 0.000149 0.000029 1.000000 0.000000 -0.000350 0.000000 0.000000 1.000000 0.000000
1.000000 -0.000008 0.000000 0.000122 0.000008 1.000000 0.000000 -0.000128 0.000000 0.000000 1.000000 0.000000
1.000000 0.000017 0.000000 0.000437 -0.000017 1.000000 -0.000000 0.000252 -0.000000 0.000000 1.000000 0.000000
1.000000 0.000007 0.000000 0.000675 -0.000007 1.000000 -0.000000 -0.000298 -0.000000 0.000000 1.000000 0.000000
1.000000 0.000002 0.000000 0.000961 -0.000002 1.000000 -0.000000 -0.000926 -0.000000 0.000000 1.000000 0.000000
1.000000 0.000000 0.000000 0.000391 -0.000000 1.000000 -0.000000 -0.000862 -0.000000 0.000000 1.000000 0.000000
1.000000 0.000005 0.000000 -0.000462 -0.000005 1.000000 -0.000000 -0.000433 -0.000000 0.000000 1.000000 0.000000
1.000000 0.000002 0.000000 -0.000918 -0.000002 1.000000 -0.000000 -0.000196 -0.000000 0.000000 1.000000 0.000000
1.000000 -0.000005 0.000000 0.000292 0.000005 1.000000 0.000000 -0.000122 0.000000 0.000000 1.000000 0.000000
1.000000 0.000001 0.000000 0.000381 -0.000001 1.000000 -0.000000 -0.000053 -0.000000 0.000000 1.000000 0.000000
1.000000 -0.000007 0.000000 0.000703 0.000007 1.000000 0.000000 -0.000053 0.000000 0.000000 1.000000 0.000000
1.000000 -0.000001 0.000000 0.001115 0.000001 1.000000 0.000000 -0.000049 0.000000 0.000000 1.000000 0.000000
1.000000 0.000011 0.000000 0.000734 -0.000011 1.000000 -0.000000 0.000165 -0.000000 0.000000 1.000000 0.000000
1.000000 0.000013 0.000000 0.000073 -0.000013 1.000000 -0.000000 0.000297 -0.000000 0.000000 1.000000 0.000000
1.000000 -0.000006 0.000000 0.001262 0.000006 1.000000 0.000000 -0.000020 0.000000 0.000000 1.000000 0.000000
1.000000 -0.000016 0.000000 0.001166 0.000016 1.000000 0.000000 -0.000091 0.000000 0.000000 1.000000 0.000000
1.000000 -0.000021 0.000000 0.000289 0.000021 1.000000 0.000000 0.000058 0.000000 0.000000 1.000000 0.000000
1.000000 -0.000015 0.000000 0.000211 0.000015 1.000000 0.000000 0.000195 0.000000 0.000000 1.000000 0.000000
1.000000 0.000006 0.000000 0.000011 -0.000006 1.000000 -0.000000 0.000216 -0.000000 0.000000 1.000000 0.000000
1.000000 0.000021 0.000000 0.000853 -0.000021 1.000000 -0.000000 0.000183 -0.000000 0.000000 1.000000 0.000000
1.000000 0.000040 0.000000 0.001279 -0.000040 1.000000 -0.000000 0.000307 -0.000000 0.000000 1.000000 0.000000
1.000000 0.000046 0.000000 0.002098 -0.000046 1.000000 -0.000000 0.000373 -0.000000 0.000000 1.000000 0.000000
1.000000 0.000051 0.000000 0.004644 -0.000051 1.000000 -0.000000 0.000327 -0.000000 0.000000 1.000000 0.000000
1.000000 0.000118 0.000000 0.008521 -0.000118 1.000000 -0.000000 0.000738 -0.000000 0.000000 1.000000 0.000000
1.000000 -0.000150 0.000000 0.018092 0.000150 1.000000 0.000000 0.001544 0.000000 0.000000 1.000000 0.000000
1.000000 -0.000713 0.000000 0.045009 0.000713 1.000000 0.000000 0.001821 0.000000 0.000000 1.000000 0.000000
0.999999 -0.001455 0.000000 0.081428 0.001455 0.999999 0.000000 0.002045 0.000000 0.000000 1.000000 0.000000
0.999996 -0.002807 0.000000 0.155573 0.002807 0.999996 0.000000 0.003114 0.000000 0.000000 1.000000 0.000000
0.999989 -0.004720 0.000000 0.210355 0.004720 0.999989 0.000000 0.005088 0.000000 0.000000 1.000000 0.000000
0.999962 -0.008665 0.000000 0.300985 0.008665 0.999962 0.000000 0.005431 0.000000 0.000000 1.000000 0.000000
0.999855 -0.017024 0.000000 0.458813 0.017024 0.999855 0.000000 0.013797 0.000000 0.000000 1.000000 0.000000
0.999562 -0.029584 0.000000 0.678334 0.029584 0.999562 0.000000 0.028625 0.000000 0.000000 1.000000 0.000000
0.998878 -0.047367 0.000000 0.989457 0.047367 0.998878 0.000000 0.053655 0.000000 0.000000 1.000000 0.000000
0.997619 -0.068965 0.000000 1.395095 0.068965 0.997619 0.000000 0.093041 0.000000 0.000000 1.000000 0.000000
0.995601 -0.093697 0.000000 1.889327 0.093697 0.995601 0.000000 0.151235 0.000000 0.000000 1.000000 0.000000
0.993002 -0.118095 0.000000 2.458427 0.118095 0.993002 0.000000 0.229313 0.000000 0.000000 1.000000 0.000000
0.990057 -0.140669 0.000000 3.102759 0.140669 0.990057 0.000000 0.330130 0.000000 0.000000 1.000000 0.000000
0.986911 -0.161268 0.000000 3.812548 0.161268 0.986911 0.000000 0.454720 0.000000 0.000000 1.000000 0.000000
0.984161 -0.177279 0.000000 4.606625 0.177279 0.984161 0.000000 0.602007 0.000000 0.000000 1.000000 0.000000
0.982301 -0.187307 0.000000 5.577059 0.187307 0.982301 0.000000 0.786563 0.000000 0.000000 1.000000 0.000000
0.981304 -0.192465 0.000000 6.627107 0.192465 0.981304 0.000000 0.985929 0.000000 0.000000 1.000000 0.000000
0.981301 -0.192481 0.000000 7.743296 0.192481 0.981301 0.000000 1.200753 0.000000 0.000000 1.000000 0.000000
0.981922 -0.189285 0.000000 8.934170 0.189285 0.981922 0.000000 1.426113 0.000000 0.000000 1.000000 0.000000
0.982245 -0.187601 0.000000 10.203132 0.187601 0.982245 0.000000 1.659351 0.000000 0.000000 1.000000 0.000000
0.982944 -0.183904 0.000000 11.546697 0.183904 0.982944 0.000000 1.898615 0.000000 0.000000 1.000000 0.000000
0.983683 -0.179911 0.000000 12.958898 0.179911 0.983683 0.000000 2.146340 0.000000 0.000000 1.000000 0.000000
0.984250 -0.176784 0.000000 14.479452 0.176784 0.984250 0.000000 2.404293 0.000000 0.000000 1.000000 0.000000
0.985285 -0.170920 0.000000 16.024321 0.170920 0.985285 0.000000 2.657417 0.000000 0.000000 1.000000 0.000000
0.986555 -0.163430 0.000000 17.554462 0.163430 0.986555 0.000000 2.904623 0.000000 0.000000 1.000000 0.000000
0.987906 -0.155052 0.000000 19.215991 0.155052 0.987906 0.000000 3.153990 0.000000 0.000000 1.000000 0.000000
0.989475 -0.144703 0.000000 20.953487 0.144703 0.989475 0.000000 3.398004 0.000000 0.000000 1.000000 0.000000
0.991324 -0.131439 0.000000 22.702849 0.131439 0.991324 0.000000 3.619941 0.000000 0.000000 1.000000 0.000000
0.993194 -0.116470 0.000000 24.369433 0.116470 0.993194 0.000000 3.810365 0.000000 0.000000 1.000000 0.000000
0.994787 -0.101973 0.000000 26.151779 0.101973 0.994787 0.000000 3.984911 0.000000 0.000000 1.000000 0.000000
0.996156 -0.087595 0.000000 27.971649 0.087595 0.996156 0.000000 4.134983 0.000000 0.000000 1.000000 0.000000
0.997259 -0.073986 0.000000 29.831142 0.073986 0.997259 0.000000 4.265518 0.000000 0.000000 1.000000 0.000000
0.998262 -0.058929 0.000000 31.697676 0.058929 0.998262 0.000000 4.371593 0.000000 0.000000 1.000000 0.000000
0.999071 -0.043085 0.000000 33.561030 0.043085 0.999071 0.000000 4.448967 0.000000 0.000000 1.000000 0.000000
0.999617 -0.027685 0.000000 35.480046 0.027685 0.999617 0.000000 4.498642 0.000000 0.000000 1.000000 0.000000
0.999884 -0.015218 0.000000 37.423342 0.015218 0.999884 0.000000 4.527453 0.000000 0.000000 1.000000 0.000000
0.999989 -0.004632 0.000000 39.371955 0.004632 0.999989 0.000000 4.533332 0.000000 0.000000 1.000000 0.000000
0.999991 0.004296 0.000000 41.336888 -0.004296 0.999991 -0.000000 4.521900 -0.000000 0.000000 1.000000 0.000000
0.999941 0.010869 0.000000 43.343351 -0.010869 0.999941 -0.000000 4.499326 -0.000000 0.000000 1.000000 0.000000
0.999916 0.012989 0.000000 45.445700 -0.012989 0.999916 -0.000000 4.461044 -0.000000 0.000000 1.000000 0.000000
0.999870 0.016099 0.000000 47.563641 -0.016099 0.999870 -0.000000 4.413021 -0.000000 0.000000 1.000000 0.000000
0.999777 0.021107 0.000000 49.646178 -0.021107 0.999777 -0.000000 4.361228 -0.000000 0.000000 1.000000 0.000000
0.999583 0.028886 0.000000 51.699733 -0.028886 0.999583 -0.000000 4.299801 -0.000000 0.000000 1.000000 0.000000
0.999263 0.038377 0.000000 53.759433 -0.038377 0.999263 -0.000000 4.222892 -0.000000 0.000000 1.000000 0.000000
0.999060 0.043357 0.000000 55.812704 -0.043357 0.999060 -0.000000 4.127245 -0.000000 0.000000 1.000000 0.000000
0.999179 0.040514 0.000000 57.884677 -0.040514 0.999179 -0.000000 4.033766 -0.000000 0.000000 1.000000 0.000000
0.999368 0.035547 0.000000 59.987091 -0.035547 0.999368 -0.000000 3.955568 -0.000000 0.000000 1.000000 0.000000
0.999637 0.026924 0.000000 62.103977 -0.026924 0.999637 -0.000000 3.892085 -0.000000 0.000000 1.000000 0.000000
0.999915 0.013054 0.000000 64.228829 -0.013054 0.999915 -0.000000 3.852410 -0.000000 0.000000 1.000000 0.000000
0.999997 -0.002246 0.000000 66.347612 0.002246 0.999997 0.000000 3.848083 0.000000 0.000000 1.000000 0.000000
0.999806 -0.019684 0.000000 68.485631 0.019684 0.999806 0.000000 3.875284 0.000000 0.000000 1.000000 0.000000
0.999299 -0.037424 0.000000 70.614758 0.037424 0.999299 0.000000 3.944334 0.000000 0.000000 1.000000 0.000000
0.998540 -0.054011 0.000000 72.739059 0.054011 0.998540 0.000000 4.058822 0.000000 0.000000 1.000000 0.000000
0.997661 -0.068355 0.000000 74.834022 0.068355 0.997661 0.000000 4.201181 0.000000 0.000000 1.000000 0.000000
0.996821 -0.079674 0.000000 76.973393 0.079674 0.996821 0.000000 4.364992 0.000000 0.000000 1.000000 0.000000
0.996199 -0.087107 0.000000 79.136354 0.087107 0.996199 0.000000 4.556700 0.000000 0.000000 1.000000 0.000000
0.995864 -0.090857 0.000000 81.297563 0.090857 0.995864 0.000000 4.756949 0.000000 0.000000 1.000000 0.000000
0.995733 -0.092284 0.000000 83.437344 0.092284 0.995733 0.000000 4.960107 0.000000 0.000000 1.000000 0.000000
0.995791 -0.091650 0.000000 85.603110 0.091650 0.995791 0.000000 5.155319 0.000000 0.000000 1.000000 0.000000
0.995961 -0.089789 0.000000 87.785065 0.089789 0.995961 0.000000 5.341577 0.000000 0.000000 1.000000 0.000000
0.996227 -0.086789 0.000000 89.964716 0.086789 0.996227 0.000000 5.524307 0.000000 0.000000 1.000000 0.000000
0.996586 -0.082564 0.000000 92.168768 0.082564 0.996586 0.000000 5.692248 0.000000 0.000000 1.000000 0.000000
0.996925 -0.078358 0.000000 94.392446 0.078358 0.996925 0.000000 5.850580 0.000000 0.000000 1.000000 0.000000
0.996757 -0.080468 0.000000 96.616435 0.080468 0.996757 0.000000 6.013959 0.000000 0.000000 1.000000 0.000000
0.996833 -0.079529 0.000000 98.818443 0.079529 0.996833 0.000000 6.178126 0.000000 0.000000 1.000000 0.000000
0.997300 -0.073437 0.000000 101.023505 0.073437 0.997300 0.000000 6.337710 0.000000 0.000000 1.000000 0.000000
0.997958 -0.063875 0.000000 103.254170 0.063875 0.997958 0.000000 6.478893 0.000000 0.000000 1.000000 0.000000
0.998677 -0.051423 0.000000 105.522945 0.051423 0.998677 0.000000 6.592233 0.000000 0.000000 1.000000 0.000000
0.999304 -0.037304 0.000000 107.813482 0.037304 0.999304 0.000000 6.678570 0.000000 0.000000 1.000000 0.000000
0.999706 -0.024252 0.000000 110.196919 0.024252 0.999706 0.000000 6.755747 0.000000 0.000000 1.000000 0.000000
0.999902 -0.013979 0.000000 112.619346 0.013979 0.999902 0.000000 6.811828 0.000000 0.000000 1.000000 0.000000
0.999955 -0.009494 0.000000 115.104185 0.009494 0.999955 0.000000 6.845342 0.000000 0.000000 1.000000 0.000000
0.999968 -0.007992 0.000000 117.606283 0.007992 0.999968 0.000000 6.858728 0.000000 0.000000 1.000000 0.000000
0.999979 -0.006530 0.000000 120.134272 0.006530 0.999979 0.000000 6.877130 0.000000 0.000000 1.000000 0.000000
0.999980 -0.006355 0.000000 122.718847 0.006355 0.999980 0.000000 6.881973 0.000000 0.000000 1.000000 0.000000
0.999973 -0.007353 0.000000 125.308220 0.007353 0.999973 0.000000 6.881421 0.000000 0.000000 1.000000 0.000000
0.999948 -0.010178 0.000000 127.866614 0.010178 0.999948 0.000000 6.902480 0.000000 0.000000 1.000000 0.000000
0.999911 -0.013360 0.000000 130.415176 0.013360 0.999911 0.000000 6.930474 0.000000 0.000000 1.000000 0.000000
0.999862 -0.016601 0.000000 132.935306 0.016601 0.999862 0.000000 6.964801 0.000000 0.000000 1.000000 0.000000
0.999833 -0.018285 0.000000 135.302233 0.018285 0.999833 0.000000 7.007097 0.000000 0.000000 1.000000 0.000000
0.999797 -0.020156 0.000000 137.636045 0.020156 0.999797 0.000000 7.053509 0.000000 0.000000 1.000000 0.000000
0.999751 -0.022329 0.000000 139.984295 0.022329 0.999751 0.000000 7.094440 0.000000 0.000000 1.000000 0.000000
0.999681 -0.025241 0.000000 142.354740 0.025241 0.999681 0.000000 7.140313 0.000000 0.000000 1.000000 0.000000
0.999637 -0.026925 0.000000 144.743229 0.026925 0.999637 0.000000 7.191497 0.000000 0.000000 1.000000 0.000000
0.999606 -0.028075 0.000000 147.147752 0.028075 0.999606 0.000000 7.244109 0.000000 0.000000 1.000000 0.000000
0.999615 -0.027740 0.000000 149.587516 0.027740 0.999615 0.000000 7.312047 0.000000 0.000000 1.000000 0.000000
0.999617 -0.027683 0.000000 152.023682 0.027683 0.999617 0.000000 7.367259 0.000000 0.000000 1.000000 0.000000
0.999610 -0.027937 0.000000 154.492270 0.027937 0.999610 0.000000 7.426814 0.000000 0.000000 1.000000 0.000000
0.999587 -0.028733 0.000000 156.962227 0.028733 0.999587 0.000000 7.482743 0.000000 0.000000 1.000000 0.000000
0.999546 -0.030133 0.000000 159.470472 0.030133 0.999546 0.000000 7.555408 0.000000 0.000000 1.000000 0.000000
0.999468 -0.032614 0.000000 161.971247 0.032614 0.999468 0.000000 7.629795 0.000000 0.000000 1.000000 0.000000
0.999322 -0.036805 0.000000 164.272883 0.036805 0.999322 0.000000 7.707493 0.000000 0.000000 1.000000 0.000000
0.999139 -0.041497 0.000000 166.342090 0.041497 0.999139 0.000000 7.792192 0.000000 0.000000 1.000000 0.000000
0.998986 -0.045029 0.000000 168.387919 0.045029 0.998986 0.000000 7.892078 0.000000 0.000000 1.000000 0.000000
0.998829 -0.048379 0.000000 170.459414 0.048379 0.998829 0.000000 7.996772 0.000000 0.000000 1.000000 0.000000
0.998679 -0.051377 0.000000 172.550464 0.051377 0.998679 0.000000 8.104060 0.000000 0.000000 1.000000 0.000000
0.998509 -0.054587 0.000000 174.605569 0.054587 0.998509 0.000000 8.215428 0.000000 0.000000 1.000000 0.000000
0.998328 -0.057795 0.000000 176.633075 0.057795 0.998328 0.000000 8.335100 0.000000 0.000000 1.000000 0.000000
0.998131 -0.061117 0.000000 178.701242 0.061117 0.998131 0.000000 8.463171 0.000000 0.000000 1.000000 0.000000
0.997944 -0.064090 0.000000 180.786059 0.064090 0.997944 0.000000 8.596861 0.000000 0.000000 1.000000 0.000000
0.997885 -0.065007 0.000000 182.855736 0.065007 0.997885 0.000000 8.737295 0.000000 0.000000 1.000000 0.000000
0.997789 -0.066466 0.000000 184.907654 0.066466 0.997789 0.000000 8.878590 0.000000 0.000000 1.000000 0.000000
0.997539 -0.070114 0.000000 186.983375 0.070114 0.997539 0.000000 9.023542 0.000000 0.000000 1.000000 0.000000
0.997190 -0.074915 0.000000 189.084877 0.074915 0.997190 0.000000 9.183098 0.000000 0.000000 1.000000 0.000000
0.996797 -0.079975 0.000000 191.173336 0.079975 0.996797 0.000000 9.348889 0.000000 0.000000 1.000000 0.000000
0.996244 -0.086594 0.000000 193.262696 0.086594 0.996244 0.000000 9.525197 0.000000 0.000000 1.000000 0.000000
0.995587 -0.093843 0.000000 195.367191 0.093843 0.995587 0.000000 9.720595 0.000000 0.000000 1.000000 0.000000
0.994861 -0.101248 0.000000 197.470984 0.101248 0.994861 0.000000 9.929752 0.000000 0.000000 1.000000 0.000000
0.994214 -0.107418 0.000000 199.568639 0.107418 0.994214 0.000000 10.156402 0.000000 0.000000 1.000000 0.000000
0.993529 -0.113577 0.000000 201.680009 0.113577 0.993529 0.000000 10.393677 0.000000 0.000000 1.000000 0.000000
0.992808 -0.119716 0.000000 203.800083 0.119716 0.992808 0.000000 10.641208 0.000000 0.000000 1.000000 0.000000
0.992106 -0.125403 0.000000 205.941495 0.125403 0.992106 0.000000 10.906387 0.000000 0.000000 1.000000 0.000000
0.991279 -0.131783 0.000000 208.093045 0.131783 0.991279 0.000000 11.184461 0.000000 0.000000 1.000000 0.000000
0.990653 -0.136408 0.000000 210.279569 0.136408 0.990653 0.000000 11.474561 0.000000 0.000000 1.000000 0.000000
0.990522 -0.137356 0.000000 212.478707 0.137356 0.990522 0.000000 11.772678 0.000000 0.000000 1.000000 0.000000
0.990574 -0.136980 0.000000 214.712554 0.136980 0.990574 0.000000 12.071064 0.000000 0.000000 1.000000 0.000000
0.990630 -0.136576 0.000000 216.980210 0.136576 0.990630 0.000000 12.376322 0.000000 0.000000 1.000000 0.000000
0.990503 -0.137494 0.000000 219.281397 0.137494 0.990503 0.000000 12.679397 0.000000 0.000000 1.000000 0.000000
0.990257 -0.139254 0.000000 221.576383 0.139254 0.990257 0.000000 12.987870 0.000000 0.000000 1.000000 0.000000
0.989817 -0.142348 0.000000 223.843132 0.142348 0.989817 0.000000 13.298142 0.000000 0.000000 1.000000 0.000000
0.989251 -0.146231 0.000000 226.133356 0.146231 0.989251 0.000000 13.618192 0.000000 0.000000 1.000000 0.000000
0.988708 -0.149856 0.000000 228.267316 0.149856 0.988708 0.000000 13.928148 0.000000 0.000000 1.000000 0.000000
0.988471 -0.151412 0.000000 230.288434 0.151412 0.988471 0.000000 14.229856 0.000000 0.000000 1.000000 0.000000
0.988092 -0.153863 0.000000 232.336358 0.153863 0.988092 0.000000 14.536195 0.000000 0.000000 1.000000 0.000000
0.987311 -0.158797 0.000000 234.381738 0.158797 0.987311 0.000000 14.848794 0.000000 0.000000 1.000000 0.000000
0.986413 -0.164284 0.000000 236.112542 0.164284 0.986413 0.000000 15.137408 0.000000 0.000000 1.000000 0.000000
0.985388 -0.170324 0.000000 237.834469 0.170324 0.985388 0.000000 15.438283 0.000000 0.000000 1.000000 0.000000
0.984439 -0.175725 0.000000 239.579017 0.175725 0.984439 0.000000 15.748965 0.000000 0.000000 1.000000 0.000000
0.983583 -0.180459 0.000000 241.305117 0.180459 0.983583 0.000000 16.068722 0.000000 0.000000 1.000000 0.000000
0.982934 -0.183960 0.000000 243.015964 0.183960 0.982934 0.000000 16.390120 0.000000 0.000000 1.000000 0.000000
0.982538 -0.186063 0.000000 244.760261 0.186063 0.982538 0.000000 16.727759 0.000000 0.000000 1.000000 0.000000
0.982026 -0.188747 0.000000 246.510374 0.188747 0.982026 0.000000 17.063165 0.000000 0.000000 1.000000 0.000000
0.981600 -0.190948 0.000000 248.254675 0.190948 0.981600 0.000000 17.407098 0.000000 0.000000 1.000000 0.000000
0.980993 -0.194041 0.000000 249.991617 0.194041 0.980993 0.000000 17.748781 0.000000 0.000000 1.000000 0.000000
0.980749 -0.195270 0.000000 251.777350 0.195270 0.980749 0.000000 18.098451 0.000000 0.000000 1.000000 0.000000
0.980591 -0.196064 0.000000 253.581459 0.196064 0.980591 0.000000 18.454534 0.000000 0.000000 1.000000 0.000000
0.980736 -0.195337 0.000000 255.379858 0.195337 0.980736 0.000000 18.811651 0.000000 0.000000 1.000000 0.000000
0.980605 -0.195992 0.000000 257.153257 0.195992 0.980605 0.000000 19.165404 0.000000 0.000000 1.000000 0.000000
0.980944 -0.194292 0.000000 258.940227 0.194292 0.980944 0.000000 19.516664 0.000000 0.000000 1.000000 0.000000
0.981000 -0.194009 0.000000 260.722203 0.194009 0.981000 0.000000 19.862318 0.000000 0.000000 1.000000 0.000000
0.981283 -0.192570 0.000000 262.511260 0.192570 0.981283 0.000000 20.209019 0.000000 0.000000 1.000000 0.000000
0.981804 -0.189895 0.000000 264.304323 0.189895 0.981804 0.000000 20.556857 0.000000 0.000000 1.000000 0.000000
0.982529 -0.186111 0.000000 266.117928 0.186111 0.982529 0.000000 20.889868 0.000000 0.000000 1.000000 0.000000
0.983504 -0.180889 0.000000 267.951080 0.180889 0.983504 0.000000 21.221525 0.000000 0.000000 1.000000 0.000000
0.984551 -0.175098 0.000000 269.798816 0.175098 0.984551 0.000000 21.539559 0.000000 0.000000 1.000000 0.000000
0.985716 -0.168416 0.000000 271.655592 0.168416 0.985716 0.000000 21.845143 0.000000 0.000000 1.000000 0.000000
0.986757 -0.162207 0.000000 273.524608 0.162207 0.986757 0.000000 22.140185 0.000000 0.000000 1.000000 0.000000
0.987810 -0.155667 0.000000 275.426490 0.155667 0.987810 0.000000 22.431102 0.000000 0.000000 1.000000 0.000000
0.988746 -0.149607 0.000000 277.344334 0.149607 0.988746 0.000000 22.709526 0.000000 0.000000 1.000000 0.000000
0.989684 -0.143270 0.000000 279.261524 0.143270 0.989684 0.000000 22.975346 0.000000 0.000000 1.000000 0.000000
0.990410 -0.138157 0.000000 281.209117 0.138157 0.990410 0.000000 23.231124 0.000000 0.000000 1.000000 0.000000
0.991116 -0.133004 0.000000 283.173095 0.133004 0.991116 0.000000 23.483356 0.000000 0.000000 1.000000 0.000000
0.991776 -0.127988 0.000000 285.161118 0.127988 0.991776 0.000000 23.728463 0.000000 0.000000 1.000000 0.000000
0.992293 -0.123918 0.000000 287.151081 0.123918 0.992293 0.000000 23.965027 0.000000 0.000000 1.000000 0.000000
0.992902 -0.118934 0.000000 289.135597 0.118934 0.992902 0.000000 24.193206 0.000000 0.000000 1.000000 0.000000
0.993360 -0.115047 0.000000 291.140967 0.115047 0.993360 0.000000 24.412504 0.000000 0.000000 1.000000 0.000000
0.993944 -0.109889 0.000000 293.205865 0.109889 0.993944 0.000000 24.634654 0.000000 0.000000 1.000000 0.000000
0.994465 -0.105071 0.000000 295.333317 0.105071 0.994465 0.000000 24.851206 0.000000 0.000000 1.000000 0.000000
0.994865 -0.101209 0.000000 297.481404 0.101209 0.994865 0.000000 25.057430 0.000000 0.000000 1.000000 0.000000
0.995196 -0.097907 0.000000 299.683538 0.097907 0.995196 0.000000 25.260164 0.000000 0.000000 1.000000 0.000000
0.995402 -0.095784 0.000000 301.934001 0.095784 0.995402 0.000000 25.464707 0.000000 0.000000 1.000000 0.000000
0.995489 -0.094879 0.000000 304.079201 0.094879 0.995489 0.000000 25.659882 0.000000 0.000000 1.000000 0.000000
0.995659 -0.093072 0.000000 306.181868 0.093072 0.995659 0.000000 25.846824 0.000000 0.000000 1.000000 0.000000
0.995454 -0.095240 0.000000 308.283091 0.095240 0.995454 0.000000 26.033829 0.000000 0.000000 1.000000 0.000000
0.995331 -0.096519 0.000000 310.290381 0.096519 0.995331 0.000000 26.220805 0.000000 0.000000 1.000000 0.000000
0.995308 -0.096760 0.000000 312.381722 0.096760 0.995308 0.000000 26.422609 0.000000 0.000000 1.000000 0.000000
0.995466 -0.095122 0.000000 314.456130 0.095122 0.995466 0.000000 26.617900 0.000000 0.000000 1.000000 0.000000
0.995703 -0.092601 0.000000 316.512311 0.092601 0.995703 0.000000 26.804439 0.000000 0.000000 1.000000 0.000000
0.995861 -0.090891 0.000000 318.548357 0.090891 0.995861 0.000000 26.983647 0.000000 0.000000 1.000000 0.000000
0.996162 -0.087533 0.000000 320.604823 0.087533 0.996162 0.000000 27.150235 0.000000 0.000000 1.000000 0.000000
0.996682 -0.081394 0.000000 322.661514 0.081394 0.996682 0.000000 27.314107 0.000000 0.000000 1.000000 0.000000
0.997315 -0.073226 0.000000 324.720364 0.073226 0.997315 0.000000 27.459695 0.000000 0.000000 1.000000 0.000000
0.997947 -0.064045 0.000000 326.791677 0.064045 0.997947 0.000000 27.590403 0.000000 0.000000 1.000000 0.000000
0.998603 -0.052846 0.000000 328.880133 0.052846 0.998603 0.000000 27.698056 0.000000 0.000000 1.000000 0.000000
0.999149 -0.041236 0.000000 331.004340 0.041236 0.999149 0.000000 27.784979 0.000000 0.000000 1.000000 0.000000
0.999537 -0.030412 0.000000 333.163683 0.030412 0.999537 0.000000 27.848664 0.000000 0.000000 1.000000 0.000000
0.999801 -0.019959 0.000000 335.236463 0.019959 0.999801 0.000000 27.884605 0.000000 0.000000 1.000000 0.000000
0.999948 -0.010175 0.000000 337.321851 0.010175 0.999948 0.000000 27.906111 0.000000 0.000000 1.000000 0.000000
0.999996 -0.002675 0.000000 339.503244 0.002675 0.999996 0.000000 27.906882 0.000000 0.000000 1.000000 0.000000
0.999995 0.003296 0.000000 341.646587 -0.003296 0.999995 -0.000000 27.897678 -0.000000 0.000000 1.000000 0.000000
0.999971 0.007579 0.000000 343.833210 -0.007579 0.999971 -0.000000 27.882998 -0.000000 0.000000 1.000000 0.000000
0.999943 0.010651 0.000000 345.890694 -0.010651 0.999943 -0.000000 27.857730 -0.000000 0.000000 1.000000 0.000000
0.999944 0.010616 0.000000 347.946306 -0.010616 0.999944 -0.000000 27.823247 -0.000000 0.000000 1.000000 0.000000
0.999934 0.011497 0.000000 350.019095 -0.011497 0.999934 -0.000000 27.793654 -0.000000 0.000000 1.000000 0.000000
0.999937 0.011248 0.000000 352.068708 -0.011248 0.999937 -0.000000 27.769027 -0.000000 0.000000 1.000000 0.000000
0.999953 0.009649 0.000000 354.131118 -0.009649 0.999953 -0.000000 27.739898 -0.000000 0.000000 1.000000 0.000000
0.999961 0.008783 0.000000 356.232976 -0.008783 0.999961 -0.000000 27.717707 -0.000000 0.000000 1.000000 0.000000
0.999975 0.007034 0.000000 358.315653 -0.007034 0.999975 -0.000000 27.701843 -0.000000 0.000000 1.000000 0.000000
0.999989 0.004748 0.000000 360.418099 -0.004748 0.999989 -0.000000 27.688434 -0.000000 0.000000 1.000000 0.000000
1.000000 0.000348 0.000000 362.522822 -0.000348 1.000000 -0.000000 27.683355 -0.000000 0.000000 1.000000 0.000000
0.999994 -0.003579 0.000000 364.674218 0.003579 0.999994 0.000000 27.685834 0.000000 0.000000 1.000000 0.000000
0.999960 -0.008990 0.000000 366.796643 0.008990 0.999960 0.000000 27.695491 0.000000 0.000000 1.000000 0.000000
0.999902 -0.013995 0.000000 368.912676 0.013995 0.999902 0.000000 27.716292 0.000000 0.000000 1.000000 0.000000
0.999823 -0.018840 0.000000 371.003729 0.018840 0.999823 0.000000 27.751635 0.000000 0.000000 1.000000 0.000000
0.999727 -0.023353 0.000000 373.164232 0.023353 0.999727 0.000000 27.790325 0.000000 0.000000 1.000000 0.000000
0.999594 -0.028480 0.000000 375.283106 0.028480 0.999594 0.000000 27.837386 0.000000 0.000000 1.000000 0.000000
0.999460 -0.032862 0.000000 377.396375 0.032862 0.999460 0.000000 27.896028 0.000000 0.000000 1.000000 0.000000
0.999302 -0.037357 0.000000 379.491469 0.037357 0.999302 0.000000 27.960560 0.000000 0.000000 1.000000 0.000000
0.999157 -0.041058 0.000000 381.582482 0.041058 0.999157 0.000000 28.029860 0.000000 0.000000 1.000000 0.000000
0.999126 -0.041810 0.000000 383.650573 0.041810 0.999126 0.000000 28.099542 0.000000 0.000000 1.000000 0.000000
0.999124 -0.041850 0.000000 385.688850 0.041850 0.999124 0.000000 28.175709 0.000000 0.000000 1.000000 0.000000
0.999085 -0.042764 0.000000 387.771526 0.042764 0.999085 0.000000 28.245465 0.000000 0.000000 1.000000 0.000000
0.999065 -0.043223 0.000000 389.933056 0.043223 0.999065 0.000000 28.319710 0.000000 0.000000 1.000000 0.000000
0.999038 -0.043844 0.000000 392.122427 0.043844 0.999038 0.000000 28.400494 0.000000 0.000000 1.000000 0.000000
0.998946 -0.045904 0.000000 394.343764 0.045904 0.998946 0.000000 28.478441 0.000000 0.000000 1.000000 0.000000
0.998867 -0.047596 0.000000 396.495932 0.047596 0.998867 0.000000 28.562087 0.000000 0.000000 1.000000 0.000000
0.998729 -0.050402 0.000000 398.639498 0.050402 0.998729 0.000000 28.649506 0.000000 0.000000 1.000000 0.000000
0.998568 -0.053495 0.000000 400.765202 0.053495 0.998568 0.000000 28.748655 0.000000 0.000000 1.000000 0.000000
0.998401 -0.056525 0.000000 402.838694 0.056525 0.998401 0.000000 28.848333 0.000000 0.000000 1.000000 0.000000
0.998281 -0.058605 0.000000 404.774242 0.058605 0.998281 0.000000 28.940749 0.000000 0.000000 1.000000 0.000000
0.998104 -0.061549 0.000000 406.854988 0.061549 0.998104 0.000000 29.048752 0.000000 0.000000 1.000000 0.000000
0.998020 -0.062889 0.000000 408.932483 0.062889 0.998020 0.000000 29.165432 0.000000 0.000000 1.000000 0.000000
0.997886 -0.064990 0.000000 410.927523 0.064990 0.997886 0.000000 29.277220 0.000000 0.000000 1.000000 0.000000
0.997816 -0.066053 0.000000 412.804370 0.066053 0.997816 0.000000 29.385073 0.000000 0.000000 1.000000 0.000000
0.997740 -0.067187 0.000000 414.660331 0.067187 0.997740 0.000000 29.492546 0.000000 0.000000 1.000000 0.000000
0.997639 -0.068670 0.000000 416.579486 0.068670 0.997639 0.000000 29.604310 0.000000 0.000000 1.000000 0.000000
0.997730 -0.067337 0.000000 418.429979 0.067337 0.997730 0.000000 29.710596 0.000000 0.000000 1.000000 0.000000
0.997800 -0.066298 0.000000 420.228000 0.066298 0.997800 0.000000 29.816601 0.000000 0.000000 1.000000 0.000000
0.997864 -0.065320 0.000000 421.970262 0.065320 0.997864 0.000000 29.919647 0.000000 0.000000 1.000000 0.000000
0.997766 -0.066813 0.000000 423.647495 0.066813 0.997766 0.000000 30.015739 0.000000 0.000000 1.000000 0.000000
0.997650 -0.068512 0.000000 425.270347 0.068512 0.997650 0.000000 30.115461 0.000000 0.000000 1.000000 0.000000
0.997559 -0.069828 0.000000 426.839403 0.069828 0.997559 0.000000 30.210194 0.000000 0.000000 1.000000 0.000000
0.997536 -0.070162 0.000000 428.323707 0.070162 0.997536 0.000000 30.305262 0.000000 0.000000 1.000000 0.000000
0.997697 -0.067824 0.000000 429.742634 0.067824 0.997697 0.000000 30.394546 0.000000 0.000000 1.000000 0.000000
0.997858 -0.065420 0.000000 431.083127 0.065420 0.997858 0.000000 30.473911 0.000000 0.000000 1.000000 0.000000
0.998202 -0.059938 0.000000 432.323646 0.059938 0.998202 0.000000 30.545537 0.000000 0.000000 1.000000 0.000000
0.998551 -0.053807 0.000000 433.515951 0.053807 0.998551 0.000000 30.595601 0.000000 0.000000 1.000000 0.000000
0.999013 -0.044416 0.000000 434.639795 0.044416 0.999013 0.000000 30.630237 0.000000 0.000000 1.000000 0.000000
0.999673 -0.025573 0.000000 435.696789 0.025573 0.999673 0.000000 30.641838 0.000000 0.000000 1.000000 0.000000
0.999981 0.006179 0.000000 436.719511 -0.006179 0.999981 -0.000000 30.616984 -0.000000 0.000000 1.000000 0.000000
0.999041 0.043782 0.000000 437.704507 -0.043782 0.999041 -0.000000 30.556894 -0.000000 0.000000 1.000000 0.000000
0.996068 0.088590 0.000000 438.698214 -0.088590 0.996068 -0.000000 30.441565 -0.000000 0.000000 1.000000 0.000000
0.990008 0.141011 0.000000 439.655942 -0.141011 0.990008 -0.000000 30.279845 -0.000000 0.000000 1.000000 0.000000
0.979656 0.200682 0.000000 440.592107 -0.200682 0.979656 -0.000000 30.064895 -0.000000 0.000000 1.000000 0.000000
0.964009 0.265869 0.000000 441.503952 -0.265869 0.964009 -0.000000 29.783420 -0.000000 0.000000 1.000000 0.000000
0.942213 0.335014 0.000000 442.363511 -0.335014 0.942213 -0.000000 29.449480 -0.000000 0.000000 1.000000 0.000000
0.914829 0.403840 0.000000 443.219215 -0.403840 0.914829 -0.000000 29.038448 -0.000000 0.000000 1.000000 0.000000
0.881210 0.472725 0.000000 444.012725 -0.472725 0.881210 -0.000000 28.575114 -0.000000 0.000000 1.000000 0.000000
0.843686 0.536837 0.000000 444.739468 -0.536837 0.843686 -0.000000 28.080162 -0.000000 0.000000 1.000000 0.000000
0.803134 0.595798 0.000000 445.393797 -0.595798 0.803134 -0.000000 27.557318 -0.000000 0.000000 1.000000 0.000000
0.760549 0.649280 0.000000 445.936134 -0.649280 0.760549 -0.000000 27.047840 -0.000000 0.000000 1.000000 0.000000
0.716193 0.697903 0.000000 446.378411 -0.697903 0.716193 -0.000000 26.566585 -0.000000 0.000000 1.000000 0.000000
0.673529 0.739160 0.000000 446.726175 -0.739160 0.673529 -0.000000 26.129288 -0.000000 0.000000 1.000000 0.000000
0.637027 0.770841 0.000000 446.985041 -0.770841 0.637027 -0.000000 25.761081 -0.000000 0.000000 1.000000 0.000000
0.605904 0.795537 0.000000 447.176487 -0.795537 0.605904 -0.000000 25.460996 -0.000000 0.000000 1.000000 0.000000
0.583876 0.811843 0.000000 447.294675 -0.811843 0.583876 -0.000000 25.262883 -0.000000 0.000000 1.000000 0.000000
0.567651 0.823269 0.000000 447.379465 -0.823269 0.567651 -0.000000 25.098532 -0.000000 0.000000 1.000000 0.000000
0.555760 0.831343 0.000000 447.442702 -0.831343 0.555760 -0.000000 24.974316 -0.000000 0.000000 1.000000 0.000000
