1.000000 -0.000004 0.000000 -0.003829 0.000004 1.000000 0.000000 0.000272 0.000000 0.000000 1.000000 0.000000
1.000000 -0.000060 0.000000 0.009697 0.000060 1.000000 0.000000 0.003325 0.000000 0.000000 1.000000 0.000000
1.000000 -0.000240 0.000000 0.001211 0.000240 1.000000 0.000000 0.000660 0.000000 0.000000 1.000000 0.000000
1.000000 -0.000021 0.000000 -0.005543 0.000021 1.000000 0.000000 0.001538 0.000000 0.000000 1.000000 0.000000
1.000000 -0.000094 0.000000 -0.002861 0.000094 1.000000 0.000000 0.005765 0.000000 0.000000 1.000000 0.000000
1.000000 -0.000108 0.000000 -0.007475 0.000108 1.000000 0.000000 0.004980 0.000000 0.000000 1.000000 0.000000
1.000000 -0.000004 0.000000 -0.000767 0.000004 1.000000 0.000000 -0.000704 0.000000 0.000000 1.000000 0.000000
1.000000 0.000005 0.000000 -0.000720 -0.000005 1.000000 -0.000000 -0.003451 -0.000000 0.000000 1.000000 0.000000
1.000000 0.000011 0.000000 -0.003892 -0.000011 1.000000 -0.000000 0.000997 -0.000000 0.000000 1.000000 0.000000
1.000000 -0.000056 0.000000 -0.004117 0.000056 1.000000 0.000000 0.000328 0.000000 0.000000 1.000000 0.000000
1.000000 0.000041 0.000000 -0.004342 -0.000041 1.000000 -0.000000 -0.003248 -0.000000 0.000000 1.000000 0.000000
1.000000 -0.000030 0.000000 -0.001863 0.000030 1.000000 0.000000 0.000395 0.000000 0.000000 1.000000 0.000000
1.000000 -0.000030 0.000000 -0.005935 0.000030 1.000000 0.000000 -0.001027 0.000000 0.000000 1.000000 0.000000
1.000000 -0.000012 0.000000 -0.005696 0.000012 1.000000 0.000000 0.001111 0.000000 0.000000 1.000000 0.000000
1.000000 -0.000155 0.000000 -0.001832 0.000155 1.000000 0.000000 0.006571 0.000000 0.000000 1.000000 0.000000
1.000000 -0.000009 0.000000 -0.002061 0.000009 1.000000 0.000000 -0.000632 0.000000 0.000000 1.000000 0.000000
1.000000 -0.000029 0.000000 -0.001028 0.000029 1.000000 0.000000 -0.000379 0.000000 0.000000 1.000000 0.000000
1.000000 -0.000056 0.000000 0.000497 0.000056 1.000000 0.000000 -0.002057 0.000000 0.000000 1.000000 0.000000
1.000000 -0.000122 0.000000 -0.012224 0.000122 1.000000 0.000000 -0.002379 0.000000 0.000000 1.000000 0.000000
1.000000 -0.000013 0.000000 0.002420 0.000013 1.000000 0.000000 -0.000793 0.000000 0.000000 1.000000 0.000000
1.000000 0.000100 0.000000 -0.004283 -0.000100 1.000000 -0.000000 -0.007383 -0.000000 0.000000 1.000000 0.000000
1.000000 -0.000007 0.000000 -0.001888 0.000007 1.000000 0.000000 -0.000879 0.000000 0.000000 1.000000 0.000000
1.000000 -0.000163 0.000000 0.001354 0.000163 1.000000 0.000000 -0.015961 0.000000 0.000000 1.000000 0.000000
1.000000 -0.000001 0.000000 0.000953 0.000001 1.000000 0.000000 -0.001049 0.000000 0.000000 1.000000 0.000000
1.000000 0.000001 0.000000 -0.003923 -0.000001 1.000000 -0.000000 -0.000577 -0.000000 0.000000 1.000000 0.000000
1.000000 -0.000008 0.000000 -0.004353 0.000008 1.000000 0.000000 -0.000480 0.000000 0.000000 1.000000 0.000000
1.000000 0.000181 0.000000 0.001215 -0.000181 1.000000 -0.000000 -0.019435 -0.000000 0.000000 1.000000 0.000000
1.000000 0.000008 0.000000 -0.004715 -0.000008 1.000000 -0.000000 -0.000760 -0.000000 0.000000 1.000000 0.000000
1.000000 -0.000285 0.000000 0.000707 0.000285 1.000000 0.000000 -0.005857 0.000000 0.000000 1.000000 0.000000
1.000000 -0.000000 0.000000 0.000660 0.000000 1.000000 0.000000 -0.001125 0.000000 0.000000 1.000000 0.000000
1.000000 -0.000025 0.000000 -0.005837 0.000025 1.000000 0.000000 -0.003174 0.000000 0.000000 1.000000 0.000000
1.000000 -0.000094 0.000000 -0.000666 0.000094 1.000000 0.000000 0.006877 0.000000 0.000000 1.000000 0.000000
1.000000 -0.000321 0.000000 -0.006047 0.000321 1.000000 0.000000 -0.012556 0.000000 0.000000 1.000000 0.000000
1.000000 0.000004 0.000000 -0.003535 -0.000004 1.000000 -0.000000 -0.000819 -0.000000 0.000000 1.000000 0.000000
1.000000 -0.000008 0.000000 0.001027 0.000008 1.000000 0.000000 -0.002178 0.000000 0.000000 1.000000 0.000000
1.000000 0.000005 0.000000 -0.005603 -0.000005 1.000000 -0.000000 0.000011 -0.000000 0.000000 1.000000 0.000000
1.000000 0.000008 0.000000 -0.002840 -0.000008 1.000000 -0.000000 -0.000539 -0.000000 0.000000 1.000000 0.000000
1.000000 -0.000055 0.000000 -0.003737 0.000055 1.000000 0.000000 0.004298 0.000000 0.000000 1.000000 0.000000
1.000000 -0.000002 0.000000 -0.005670 0.000002 1.000000 0.000000 -0.000899 0.000000 0.000000 1.000000 0.000000
1.000000 0.000096 0.000000 -0.004912 -0.000096 1.000000 -0.000000 -0.006634 -0.000000 0.000000 1.000000 0.000000
1.000000 0.000133 0.000000 -0.004021 -0.000133 1.000000 -0.000000 -0.007116 -0.000000 0.000000 1.000000 0.000000
1.000000 0.000018 0.000000 -0.004868 -0.000018 1.000000 -0.000000 -0.001536 -0.000000 0.000000 1.000000 0.000000
1.000000 0.000135 0.000000 -0.002830 -0.000135 1.000000 -0.000000 -0.006506 -0.000000 0.000000 1.000000 0.000000
1.000000 0.000226 0.000000 -0.004243 -0.000226 1.000000 -0.000000 -0.011187 -0.000000 0.000000 1.000000 0.000000
1.000000 0.000223 0.000000 -0.007053 -0.000223 1.000000 -0.000000 -0.012932 -0.000000 0.000000 1.000000 0.000000
1.000000 0.000201 0.000000 -0.001380 -0.000201 1.000000 -0.000000 -0.009160 -0.000000 0.000000 1.000000 0.000000
1.000000 0.000209 0.000000 -0.008728 -0.000209 1.000000 -0.000000 -0.011615 -0.000000 0.000000 1.000000 0.000000
1.000000 0.000212 0.000000 -0.002955 -0.000212 1.000000 -0.000000 -0.009814 -0.000000 0.000000 1.000000 0.000000
1.000000 0.000191 0.000000 -0.004259 -0.000191 1.000000 -0.000000 -0.009089 -0.000000 0.000000 1.000000 0.000000
1.000000 0.000179 0.000000 -0.000973 -0.000179 1.000000 -0.000000 -0.009654 -0.000000 0.000000 1.000000 0.000000
1.000000 0.000205 0.000000 -0.005088 -0.000205 1.000000 -0.000000 -0.009907 -0.000000 0.000000 1.000000 0.000000
1.000000 0.000206 0.000000 -0.007822 -0.000206 1.000000 -0.000000 -0.008093 -0.000000 0.000000 1.000000 0.000000
1.000000 0.000371 0.000000 -0.000824 -0.000371 1.000000 -0.000000 -0.010494 -0.000000 0.000000 1.000000 0.000000
1.000000 0.000383 0.000000 0.045063 -0.000383 1.000000 -0.000000 0.007537 -0.000000 0.000000 1.000000 0.000000
1.000000 0.000550 0.000000 0.150355 -0.000550 1.000000 -0.000000 0.041029 -0.000000 0.000000 1.000000 0.000000
0.999982 -0.006021 0.000000 0.259859 0.006021 0.999982 0.000000 0.024810 0.000000 0.000000 1.000000 0.000000
0.999671 -0.025630 0.000000 0.650785 0.025630 0.999671 0.000000 0.040563 0.000000 0.000000 1.000000 0.000000
0.997914 -0.064564 0.000000 1.318706 0.064564 0.997914 0.000000 0.031677 0.000000 0.000000 1.000000 0.000000
0.993737 -0.111741 0.000000 2.563271 0.111741 0.993737 0.000000 0.217295 0.000000 0.000000 1.000000 0.000000
0.988134 -0.153593 0.000000 3.900045 0.153593 0.988134 0.000000 0.508544 0.000000 0.000000 1.000000 0.000000
0.982471 -0.186413 0.000000 7.887925 0.186413 0.982471 0.000000 1.199303 0.000000 0.000000 1.000000 0.000000
0.983131 -0.182901 0.000000 9.091501 0.182901 0.983131 0.000000 1.458252 0.000000 0.000000 1.000000 0.000000
0.983636 -0.180168 0.000000 11.748265 0.180168 0.983636 0.000000 1.899680 0.000000 0.000000 1.000000 0.000000
0.984925 -0.172980 0.000000 14.684227 0.172980 0.984925 0.000000 2.417422 0.000000 0.000000 1.000000 0.000000
0.987460 -0.157867 0.000000 17.783250 0.157867 0.987460 0.000000 2.908784 0.000000 0.000000 1.000000 0.000000
0.990200 -0.139656 0.000000 21.125709 0.139656 0.990200 0.000000 3.379139 0.000000 0.000000 1.000000 0.000000
0.993746 -0.111665 0.000000 24.711171 0.111665 0.993746 0.000000 3.768459 0.000000 0.000000 1.000000 0.000000
0.996457 -0.084102 0.000000 28.470668 0.084102 0.996457 0.000000 4.071034 0.000000 0.000000 1.000000 0.000000
0.998379 -0.056923 0.000000 32.264539 0.056923 0.998379 0.000000 4.311358 0.000000 0.000000 1.000000 0.000000
0.999961 -0.008857 0.000000 40.250062 0.008857 0.999961 0.000000 4.491904 0.000000 0.000000 1.000000 0.000000
0.999995 -0.003132 0.000000 42.296765 0.003132 0.999995 0.000000 4.487871 0.000000 0.000000 1.000000 0.000000
0.999992 0.003935 0.000000 46.511844 -0.003935 0.999992 -0.000000 4.425791 -0.000000 0.000000 1.000000 0.000000
0.999931 0.011719 0.000000 50.721884 -0.011719 0.999931 -0.000000 4.399772 -0.000000 0.000000 1.000000 0.000000
0.999618 0.027632 0.000000 55.013420 -0.027632 0.999618 -0.000000 4.265865 -0.000000 0.000000 1.000000 0.000000
0.999616 0.027720 0.000000 59.277008 -0.027720 0.999616 -0.000000 4.048962 -0.000000 0.000000 1.000000 0.000000
0.999820 0.018997 0.000000 63.631036 -0.018997 0.999820 -0.000000 3.932810 -0.000000 0.000000 1.000000 0.000000
0.999906 -0.013686 0.000000 68.047712 0.013686 0.999906 0.000000 3.868913 0.000000 0.000000 1.000000 0.000000
0.999163 -0.040900 0.000000 72.208811 0.040900 0.999163 0.000000 3.965045 0.000000 0.000000 1.000000 0.000000
0.995009 -0.099784 0.000000 81.223868 0.099784 0.995009 0.000000 4.645896 0.000000 0.000000 1.000000 0.000000
0.994598 -0.103801 0.000000 83.473709 0.103801 0.994598 0.000000 4.821094 0.000000 0.000000 1.000000 0.000000
0.994272 -0.106884 0.000000 87.845694 0.106884 0.994272 0.000000 5.384784 0.000000 0.000000 1.000000 0.000000
0.994949 -0.100384 0.000000 92.176020 0.100384 0.994949 0.000000 5.716682 0.000000 0.000000 1.000000 0.000000
0.995424 -0.095555 0.000000 96.798549 0.095555 0.995424 0.000000 6.186009 0.000000 0.000000 1.000000 0.000000
0.995548 -0.094251 0.000000 101.058700 0.094251 0.995548 0.000000 6.443013 0.000000 0.000000 1.000000 0.000000
0.996338 -0.085502 0.000000 105.719624 0.085502 0.996338 0.000000 7.015135 0.000000 0.000000 1.000000 0.000000
0.998457 -0.055531 0.000000 110.268439 0.055531 0.998457 0.000000 7.262149 0.000000 0.000000 1.000000 0.000000
0.999193 -0.040164 0.000000 115.030008 0.040164 0.999193 0.000000 7.522858 0.000000 0.000000 1.000000 0.000000
0.999543 -0.030216 0.000000 124.640063 0.030216 0.999543 0.000000 7.742245 0.000000 0.000000 1.000000 0.000000
0.999554 -0.029872 0.000000 127.093249 0.029872 0.999554 0.000000 7.809583 0.000000 0.000000 1.000000 0.000000
0.999446 -0.033269 0.000000 131.886685 0.033269 0.999446 0.000000 7.909602 0.000000 0.000000 1.000000 0.000000
0.999227 -0.039299 0.000000 136.722471 0.039299 0.999227 0.000000 8.156662 0.000000 0.000000 1.000000 0.000000
0.999214 -0.039642 0.000000 141.418256 0.039642 0.999214 0.000000 8.356320 0.000000 0.000000 1.000000 0.000000
0.998997 -0.044785 0.000000 146.151632 0.044785 0.998997 0.000000 8.603118 0.000000 0.000000 1.000000 0.000000
0.998720 -0.050586 0.000000 150.846929 0.050586 0.998720 0.000000 8.779615 0.000000 0.000000 1.000000 0.000000
0.998807 -0.048836 0.000000 155.581932 0.048836 0.998807 0.000000 8.875201 0.000000 0.000000 1.000000 0.000000
0.998793 -0.049122 0.000000 160.404629 0.049122 0.998793 0.000000 9.076261 0.000000 0.000000 1.000000 0.000000
0.998647 -0.051993 0.000000 169.796670 0.051993 0.998647 0.000000 9.532443 0.000000 0.000000 1.000000 0.000000
0.998511 -0.054547 0.000000 172.091110 0.054547 0.998511 0.000000 9.708430 0.000000 0.000000 1.000000 0.000000
0.998092 -0.061748 0.000000 176.534152 0.061748 0.998092 0.000000 9.969488 0.000000 0.000000 1.000000 0.000000
0.997704 -0.067729 0.000000 180.870579 0.067729 0.997704 0.000000 10.283853 0.000000 0.000000 1.000000 0.000000
0.997079 -0.076374 0.000000 185.250385 0.076374 0.997079 0.000000 10.732677 0.000000 0.000000 1.000000 0.000000
0.996947 -0.078080 0.000000 189.402337 0.078080 0.996947 0.000000 10.935871 0.000000 0.000000 1.000000 0.000000
0.995672 -0.092933 0.000000 193.597463 0.092933 0.995672 0.000000 11.366313 0.000000 0.000000 1.000000 0.000000
0.994269 -0.106906 0.000000 197.725236 0.106906 0.994269 0.000000 11.665058 0.000000 0.000000 1.000000 0.000000
0.992015 -0.126118 0.000000 201.978872 0.126118 0.992015 0.000000 12.203282 0.000000 0.000000 1.000000 0.000000
0.988215 -0.153074 0.000000 209.961845 0.153074 0.988215 0.000000 13.314831 0.000000 0.000000 1.000000 0.000000
0.986713 -0.162475 0.000000 211.993080 0.162475 0.986713 0.000000 13.603367 0.000000 0.000000 1.000000 0.000000
0.987633 -0.156785 0.000000 216.131070 0.156785 0.987633 0.000000 14.353449 0.000000 0.000000 1.000000 0.000000
0.987613 -0.156907 0.000000 220.190881 0.156907 0.987613 0.000000 14.948587 0.000000 0.000000 1.000000 0.000000
0.986824 -0.161800 0.000000 224.331767 0.161800 0.986824 0.000000 15.575845 0.000000 0.000000 1.000000 0.000000
0.986942 -0.161076 0.000000 228.265345 0.161076 0.986942 0.000000 16.231289 0.000000 0.000000 1.000000 0.000000
0.986339 -0.164730 0.000000 232.350042 0.164730 0.986339 0.000000 16.890963 0.000000 0.000000 1.000000 0.000000
0.984528 -0.175228 0.000000 236.260117 0.175228 0.984528 0.000000 17.520686 0.000000 0.000000 1.000000 0.000000
0.983773 -0.179416 0.000000 240.151366 0.179416 0.983773 0.000000 18.214286 0.000000 0.000000 1.000000 0.000000
0.981863 -0.189590 0.000000 247.727632 0.189590 0.981863 0.000000 19.615812 0.000000 0.000000 1.000000 0.000000
0.981483 -0.191551 0.000000 249.665370 0.191551 0.981483 0.000000 20.020924 0.000000 0.000000 1.000000 0.000000
0.980515 -0.196445 0.000000 253.293859 0.196445 0.980515 0.000000 20.708314 0.000000 0.000000 1.000000 0.000000
0.979370 -0.202074 0.000000 257.093464 0.202074 0.979370 0.000000 21.381001 0.000000 0.000000 1.000000 0.000000
0.979681 -0.200563 0.000000 260.642877 0.200563 0.979681 0.000000 22.156876 0.000000 0.000000 1.000000 0.000000
0.978917 -0.204257 0.000000 264.285462 0.204257 0.978917 0.000000 22.875196 0.000000 0.000000 1.000000 0.000000
0.980179 -0.198116 0.000000 267.891247 0.198116 0.980179 0.000000 23.616713 0.000000 0.000000 1.000000 0.000000
0.981711 -0.190376 0.000000 271.533917 0.190376 0.981711 0.000000 24.334840 0.000000 0.000000 1.000000 0.000000
0.983042 -0.183382 0.000000 275.213872 0.183382 0.983042 0.000000 24.957010 0.000000 0.000000 1.000000 0.000000
0.986593 -0.163197 0.000000 282.611997 0.163197 0.986593 0.000000 26.233743 0.000000 0.000000 1.000000 0.000000
0.987157 -0.159752 0.000000 284.474319 0.159752 0.987157 0.000000 26.525197 0.000000 0.000000 1.000000 0.000000
0.988198 -0.153184 0.000000 288.302295 0.153184 0.988198 0.000000 27.106674 0.000000 0.000000 1.000000 0.000000
0.989521 -0.144387 0.000000 292.065293 0.144387 0.989521 0.000000 27.598638 0.000000 0.000000 1.000000 0.000000
0.991166 -0.132627 0.000000 295.901948 0.132627 0.991166 0.000000 28.116527 0.000000 0.000000 1.000000 0.000000
0.992199 -0.124661 0.000000 299.995728 0.124661 0.992199 0.000000 28.584527 0.000000 0.000000 1.000000 0.000000
0.992957 -0.118479 0.000000 304.126906 0.118479 0.992957 0.000000 29.152917 0.000000 0.000000 1.000000 0.000000
0.993053 -0.117666 0.000000 308.300373 0.117666 0.993053 0.000000 29.509931 0.000000 0.000000 1.000000 0.000000
0.992909 -0.118876 0.000000 312.512408 0.118876 0.992909 0.000000 30.018931 0.000000 0.000000 1.000000 0.000000
0.993752 -0.111615 0.000000 320.997698 0.111615 0.993752 0.000000 30.923663 0.000000 0.000000 1.000000 0.000000
0.994103 -0.108443 0.000000 323.157537 0.108443 0.994103 0.000000 31.142982 0.000000 0.000000 1.000000 0.000000
0.995614 -0.093552 0.000000 327.126707 0.093552 0.995614 0.000000 31.554184 0.000000 0.000000 1.000000 0.000000
0.997756 -0.066961 0.000000 331.297765 0.066961 0.997756 0.000000 31.644549 0.000000 0.000000 1.000000 0.000000
0.998619 -0.052529 0.000000 335.616217 0.052529 0.998619 0.000000 31.994788 0.000000 0.000000 1.000000 0.000000
0.999632 -0.027132 0.000000 339.780311 0.027132 0.999632 0.000000 31.919898 0.000000 0.000000 1.000000 0.000000
0.999779 -0.021039 0.000000 344.130952 0.021039 0.999779 0.000000 32.147881 0.000000 0.000000 1.000000 0.000000
0.999860 -0.016753 0.000000 348.336772 0.016753 0.999860 0.000000 32.169467 0.000000 0.000000 1.000000 0.000000
0.999835 -0.018177 0.000000 352.630147 0.018177 0.999835 0.000000 32.220629 0.000000 0.000000 1.000000 0.000000
0.999700 -0.024500 0.000000 361.395302 0.024500 0.999700 0.000000 32.428713 0.000000 0.000000 1.000000 0.000000
0.999623 -0.027470 0.000000 363.601686 0.027470 0.999623 0.000000 32.527219 0.000000 0.000000 1.000000 0.000000
0.999381 -0.035183 0.000000 367.906358 0.035183 0.999381 0.000000 32.667369 0.000000 0.000000 1.000000 0.000000
0.999109 -0.042211 0.000000 372.305570 0.042211 0.999109 0.000000 32.768526 0.000000 0.000000 1.000000 0.000000
0.998380 -0.056889 0.000000 376.629645 0.056889 0.998380 0.000000 33.011628 0.000000 0.000000 1.000000 0.000000
0.998514 -0.054492 0.000000 381.042745 0.054492 0.998514 0.000000 33.264240 0.000000 0.000000 1.000000 0.000000
0.997966 -0.063748 0.000000 385.269302 0.063748 0.997966 0.000000 33.491708 0.000000 0.000000 1.000000 0.000000
0.997813 -0.066097 0.000000 389.476667 0.066097 0.997813 0.000000 33.749518 0.000000 0.000000 1.000000 0.000000
0.997837 -0.065743 0.000000 393.703534 0.065743 0.997837 0.000000 33.973015 0.000000 0.000000 1.000000 0.000000
0.997119 -0.075858 0.000000 402.164201 0.075858 0.997119 0.000000 34.603834 0.000000 0.000000 1.000000 0.000000
0.997193 -0.074873 0.000000 404.212626 0.074873 0.997193 0.000000 34.701540 0.000000 0.000000 1.000000 0.000000
0.996457 -0.084109 0.000000 408.210820 0.084109 0.996457 0.000000 35.004902 0.000000 0.000000 1.000000 0.000000
0.996365 -0.085182 0.000000 412.174568 0.085182 0.996365 0.000000 35.333659 0.000000 0.000000 1.000000 0.000000
0.996383 -0.084981 0.000000 416.066216 0.084981 0.996383 0.000000 35.713599 0.000000 0.000000 1.000000 0.000000
0.996294 -0.086013 0.000000 419.648654 0.086013 0.996294 0.000000 35.965479 0.000000 0.000000 1.000000 0.000000
0.996624 -0.082104 0.000000 423.039978 0.082104 0.996624 0.000000 36.212034 0.000000 0.000000 1.000000 0.000000
0.996126 -0.087941 0.000000 426.139374 0.087941 0.996126 0.000000 36.478745 0.000000 0.000000 1.000000 0.000000
0.996307 -0.085867 0.000000 429.211744 0.085867 0.996307 0.000000 36.729396 0.000000 0.000000 1.000000 0.000000
0.997598 -0.069275 0.000000 434.097720 0.069275 0.997598 0.000000 37.058213 0.000000 0.000000 1.000000 0.000000
0.998209 -0.059819 0.000000 435.140406 0.059819 0.998209 0.000000 37.101654 0.000000 0.000000 1.000000 0.000000
0.999952 -0.009778 0.000000 437.188133 0.009778 0.999952 0.000000 37.165795 0.000000 0.000000 1.000000 0.000000
0.997349 0.072762 0.000000 439.076141 -0.072762 0.997349 -0.000000 36.972254 -0.000000 0.000000 1.000000 0.000000
0.983910 0.178662 0.000000 440.812831 -0.178662 0.983910 -0.000000 36.617233 -0.000000 0.000000 1.000000 0.000000
0.946824 0.321751 0.000000 442.620878 -0.321751 0.946824 -0.000000 36.000405 -0.000000 0.000000 1.000000 0.000000
0.888812 0.458272 0.000000 444.132045 -0.458272 0.888812 -0.000000 35.131340 -0.000000 0.000000 1.000000 0.000000
0.809338 0.587343 0.000000 445.453703 -0.587343 0.809338 -0.000000 34.111388 -0.000000 0.000000 1.000000 0.000000
0.725732 0.687977 0.000000 446.491822 -0.687977 0.725732 -0.000000 33.172820 -0.000000 0.000000 1.000000 0.000000
0.591887 0.806021 0.000000 447.191938 -0.806021 0.591887 -0.000000 31.905190 -0.000000 0.000000 1.000000 0.000000
0.578790 0.815477 0.000000 447.267698 -0.815477 0.578790 -0.000000 31.798927 -0.000000 0.000000 1.000000 0.000000
0.554998 0.831852 0.000000 447.312583 -0.831852 0.554998 -0.000000 31.531978 -0.000000 0.000000 1.000000 0.000000
0.548849 0.835922 0.000000 447.373960 -0.835922 0.548849 -0.000000 31.531356 -0.000000 0.000000 1.000000 0.000000
0.546570 0.837413 0.000000 447.405451 -0.837413 0.546570 -0.000000 31.488526 -0.000000 0.000000 1.000000 0.000000
0.546080 0.837733 0.000000 447.389684 -0.837733 0.546080 -0.000000 31.473725 -0.000000 0.000000 1.000000 0.000000
0.547628 0.836722 0.000000 447.386216 -0.836722 0.547628 -0.000000 31.505084 -0.000000 0.000000 1.000000 0.000000
0.546569 0.837414 0.000000 447.370677 -0.837414 0.546569 -0.000000 31.500227 -0.000000 0.000000 1.000000 0.000000
0.545243 0.838278 0.000000 447.381209 -0.838278 0.545243 -0.000000 31.459766 -0.000000 0.000000 1.000000 0.000000
0.505511 0.862820 0.000000 447.508982 -0.862820 0.505511 -0.000000 31.125120 -0.000000 0.000000 1.000000 0.000000
0.487151 0.873318 0.000000 447.566134 -0.873318 0.487151 -0.000000 30.940108 -0.000000 0.000000 1.000000 0.000000
0.433790 0.901014 0.000000 447.686501 -0.901014 0.433790 -0.000000 30.587926 -0.000000 0.000000 1.000000 0.000000
0.343161 0.939277 0.000000 447.803627 -0.939277 0.343161 -0.000000 30.075167 -0.000000 0.000000 1.000000 0.000000
0.211645 0.977347 0.000000 448.003958 -0.977347 0.211645 -0.000000 29.286171 -0.000000 0.000000 1.000000 0.000000
0.020792 0.999784 0.000000 447.919319 -0.999784 0.020792 -0.000000 28.066190 -0.000000 0.000000 1.000000 0.000000
-0.183463 0.983027 0.000000 447.584424 -0.983027 -0.183463 -0.000000 26.802267 -0.000000 0.000000 1.000000 0.000000
-0.389673 0.920953 0.000000 446.821689 -0.920953 -0.389673 -0.000000 25.259056 -0.000000 0.000000 1.000000 0.000000
-0.566632 0.823971 0.000000 445.757600 -0.823971 -0.566632 -0.000000 23.565060 -0.000000 0.000000 1.000000 0.000000
-0.796130 0.605126 0.000000 442.304049 -0.605126 -0.796130 -0.000000 20.496304 -0.000000 0.000000 1.000000 0.000000
-0.823932 0.566689 0.000000 441.142017 -0.566689 -0.823932 -0.000000 19.694612 -0.000000 0.000000 1.000000 0.000000
-0.858935 0.512085 0.000000 438.655793 -0.512085 -0.858935 -0.000000 18.331743 -0.000000 0.000000 1.000000 0.000000
-0.871779 0.489900 0.000000 435.846674 -0.489900 -0.871779 -0.000000 16.751246 -0.000000 0.000000 1.000000 0.000000
-0.882679 0.469977 0.000000 432.982116 -0.469977 -0.882679 -0.000000 15.263599 -0.000000 0.000000 1.000000 0.000000
-0.884425 0.466682 0.000000 429.808863 -0.466682 -0.884425 -0.000000 13.532427 -0.000000 0.000000 1.000000 0.000000
-0.886872 0.462015 0.000000 426.416446 -0.462015 -0.886872 -0.000000 11.947070 -0.000000 0.000000 1.000000 0.000000
-0.887138 0.461504 0.000000 423.019203 -0.461504 -0.887138 -0.000000 10.170048 -0.000000 0.000000 1.000000 0.000000
-0.886753 0.462244 0.000000 419.449011 -0.462244 -0.886753 -0.000000 8.319440 -0.000000 0.000000 1.000000 0.000000
-0.894163 0.447741 0.000000 412.327277 -0.447741 -0.894163 -0.000000 4.600188 -0.000000 0.000000 1.000000 0.000000
-0.896690 0.442659 0.000000 410.509131 -0.442659 -0.896690 -0.000000 3.713559 -0.000000 0.000000 1.000000 0.000000
-0.899033 0.437880 0.000000 406.961578 -0.437880 -0.899033 -0.000000 2.029737 -0.000000 0.000000 1.000000 0.000000
-0.900277 0.435318 0.000000 403.504297 -0.435318 -0.900277 -0.000000 0.289266 -0.000000 0.000000 1.000000 0.000000
-0.898028 0.439939 0.000000 400.125682 -0.439939 -0.898028 -0.000000 -1.369090 -0.000000 0.000000 1.000000 0.000000
-0.896061 0.443930 0.000000 396.827443 -0.443930 -0.896061 -0.000000 -2.885053 -0.000000 0.000000 1.000000 0.000000
-0.895062 0.445943 0.000000 394.014851 -0.445943 -0.895062 -0.000000 -4.345892 -0.000000 0.000000 1.000000 0.000000
-0.895331 0.445402 0.000000 391.176619 -0.445402 -0.895331 -0.000000 -5.756962 -0.000000 0.000000 1.000000 0.000000
-0.896310 0.443429 0.000000 388.867974 -0.443429 -0.896310 -0.000000 -6.921914 -0.000000 0.000000 1.000000 0.000000
-0.897303 0.441415 0.000000 384.991152 -0.441415 -0.897303 -0.000000 -8.902819 -0.000000 0.000000 1.000000 0.000000
-0.898317 0.439348 0.000000 384.145786 -0.439348 -0.898317 -0.000000 -9.261776 -0.000000 0.000000 1.000000 0.000000
-0.898585 0.438800 0.000000 382.733914 -0.438800 -0.898585 -0.000000 -10.032951 -0.000000 0.000000 1.000000 0.000000
-0.902603 0.430475 0.000000 381.488907 -0.430475 -0.902603 -0.000000 -10.542690 -0.000000 0.000000 1.000000 0.000000
-0.903068 0.429498 0.000000 380.508093 -0.429498 -0.903068 -0.000000 -11.088858 -0.000000 0.000000 1.000000 0.000000
-0.902725 0.430218 0.000000 379.513908 -0.430218 -0.902725 -0.000000 -11.564778 -0.000000 0.000000 1.000000 0.000000
-0.905349 0.424669 0.000000 378.491427 -0.424669 -0.905349 -0.000000 -12.011294 -0.000000 0.000000 1.000000 0.000000
-0.905415 0.424528 0.000000 377.382296 -0.424528 -0.905415 -0.000000 -12.508064 -0.000000 0.000000 1.000000 0.000000
-0.906197 0.422857 0.000000 376.200766 -0.422857 -0.906197 -0.000000 -13.048601 -0.000000 0.000000 1.000000 0.000000
-0.909903 0.414821 0.000000 372.910045 -0.414821 -0.909903 -0.000000 -14.499870 -0.000000 0.000000 1.000000 0.000000
-0.911041 0.412316 0.000000 372.053147 -0.412316 -0.911041 -0.000000 -14.899820 -0.000000 0.000000 1.000000 0.000000
-0.910687 0.413096 0.000000 370.049244 -0.413096 -0.910687 -0.000000 -15.767434 -0.000000 0.000000 1.000000 0.000000
-0.910863 0.412710 0.000000 367.878166 -0.412710 -0.910863 -0.000000 -16.704851 -0.000000 0.000000 1.000000 0.000000
-0.912050 0.410079 0.000000 365.514201 -0.410079 -0.912050 -0.000000 -17.890023 -0.000000 0.000000 1.000000 0.000000
-0.913230 0.407445 0.000000 362.949355 -0.407445 -0.913230 -0.000000 -18.897789 -0.000000 0.000000 1.000000 0.000000
-0.915144 0.403126 0.000000 360.196835 -0.403126 -0.915144 -0.000000 -20.096460 -0.000000 0.000000 1.000000 0.000000
-0.916369 0.400336 0.000000 357.242761 -0.400336 -0.916369 -0.000000 -21.330226 -0.000000 0.000000 1.000000 0.000000
-0.917319 0.398154 0.000000 354.203125 -0.398154 -0.917319 -0.000000 -22.685330 -0.000000 0.000000 1.000000 0.000000
-0.924862 0.380303 0.000000 347.464741 -0.380303 -0.924862 -0.000000 -25.408196 -0.000000 0.000000 1.000000 0.000000
-0.927283 0.374361 0.000000 345.709926 -0.374361 -0.927283 -0.000000 -26.089795 -0.000000 0.000000 1.000000 0.000000
-0.932117 0.362157 0.000000 342.076242 -0.362157 -0.932117 -0.000000 -27.531520 -0.000000 0.000000 1.000000 0.000000
-0.937186 0.348829 0.000000 338.335761 -0.348829 -0.937186 -0.000000 -28.874782 -0.000000 0.000000 1.000000 0.000000
-0.942911 0.333046 0.000000 334.506943 -0.333046 -0.942911 -0.000000 -30.235776 -0.000000 0.000000 1.000000 0.000000
-0.946507 0.322683 0.000000 330.490378 -0.322683 -0.946507 -0.000000 -31.681290 -0.000000 0.000000 1.000000 0.000000
-0.949206 0.314657 0.000000 326.455596 -0.314657 -0.949206 -0.000000 -32.965208 -0.000000 0.000000 1.000000 0.000000
-0.949215 0.314629 0.000000 322.270936 -0.314629 -0.949215 -0.000000 -34.373739 -0.000000 0.000000 1.000000 0.000000
-0.948782 0.315932 0.000000 318.199762 -0.315932 -0.948782 -0.000000 -35.728366 -0.000000 0.000000 1.000000 0.000000
-0.947373 0.320132 0.000000 309.726224 -0.320132 -0.947373 -0.000000 -38.411210 -0.000000 0.000000 1.000000 0.000000
-0.946312 0.323254 0.000000 307.569897 -0.323254 -0.946312 -0.000000 -39.105459 -0.000000 0.000000 1.000000 0.000000
-0.944226 0.329297 0.000000 303.283539 -0.329297 -0.944226 -0.000000 -40.607964 -0.000000 0.000000 1.000000 0.000000
-0.940688 0.339272 0.000000 298.983924 -0.339272 -0.940688 -0.000000 -42.145255 -0.000000 0.000000 1.000000 0.000000
-0.938497 0.345288 0.000000 294.605262 -0.345288 -0.938497 -0.000000 -43.742959 -0.000000 0.000000 1.000000 0.000000
-0.935922 0.352207 0.000000 290.228770 -0.352207 -0.935922 -0.000000 -45.358617 -0.000000 0.000000 1.000000 0.000000
-0.933148 0.359492 0.000000 285.823112 -0.359492 -0.933148 -0.000000 -47.060191 -0.000000 0.000000 1.000000 0.000000
-0.932000 0.362459 0.000000 281.263931 -0.362459 -0.932000 -0.000000 -48.803307 -0.000000 0.000000 1.000000 0.000000
-0.929783 0.368107 0.000000 276.712530 -0.368107 -0.929783 -0.000000 -50.557521 -0.000000 0.000000 1.000000 0.000000
-0.926038 0.377430 0.000000 267.127488 -0.377430 -0.926038 -0.000000 -54.261293 -0.000000 0.000000 1.000000 0.000000
-0.923940 0.382538 0.000000 264.707554 -0.382538 -0.923940 -0.000000 -55.166870 -0.000000 0.000000 1.000000 0.000000
-0.923836 0.382790 0.000000 259.893226 -0.382790 -0.923836 -0.000000 -57.214244 -0.000000 0.000000 1.000000 0.000000
-0.921231 0.389017 0.000000 255.072117 -0.389017 -0.921231 -0.000000 -59.254679 -0.000000 0.000000 1.000000 0.000000
-0.922476 0.386054 0.000000 250.328434 -0.386054 -0.922476 -0.000000 -61.089532 -0.000000 0.000000 1.000000 0.000000
-0.921101 0.389325 0.000000 245.774708 -0.389325 -0.921101 -0.000000 -63.066106 -0.000000 0.000000 1.000000 0.000000
-0.918616 0.395151 0.000000 241.361848 -0.395151 -0.918616 -0.000000 -65.015463 -0.000000 0.000000 1.000000 0.000000
-0.915351 0.402658 0.000000 236.848262 -0.402658 -0.915351 -0.000000 -66.797263 -0.000000 0.000000 1.000000 0.000000
-0.916744 0.399476 0.000000 232.560081 -0.399476 -0.916744 -0.000000 -68.712645 -0.000000 0.000000 1.000000 0.000000
-0.915267 0.402849 0.000000 223.825493 -0.402849 -0.915267 -0.000000 -72.592013 -0.000000 0.000000 1.000000 0.000000
-0.916132 0.400877 0.000000 221.736401 -0.400877 -0.916132 -0.000000 -73.523836 -0.000000 0.000000 1.000000 0.000000
-0.918842 0.394626 0.000000 217.537507 -0.394626 -0.918842 -0.000000 -75.342681 -0.000000 0.000000 1.000000 0.000000
-0.918927 0.394428 0.000000 213.340351 -0.394428 -0.918927 -0.000000 -77.079300 -0.000000 0.000000 1.000000 0.000000
-0.919338 0.393468 0.000000 209.056980 -0.393468 -0.919338 -0.000000 -78.929073 -0.000000 0.000000 1.000000 0.000000
-0.920681 0.390316 0.000000 204.797819 -0.390316 -0.920681 -0.000000 -80.775088 -0.000000 0.000000 1.000000 0.000000
-0.917161 0.398517 0.000000 200.727695 -0.398517 -0.917161 -0.000000 -82.596086 -0.000000 0.000000 1.000000 0.000000
-0.921637 0.388053 0.000000 196.359118 -0.388053 -0.921637 -0.000000 -84.398049 -0.000000 0.000000 1.000000 0.000000
-0.919686 0.392654 0.000000 192.294441 -0.392654 -0.919686 -0.000000 -86.211719 -0.000000 0.000000 1.000000 0.000000
-0.920148 0.391572 0.000000 183.520237 -0.391572 -0.920148 -0.000000 -89.709648 -0.000000 0.000000 1.000000 0.000000
-0.919905 0.392141 0.000000 181.456622 -0.392141 -0.919905 -0.000000 -90.635851 -0.000000 0.000000 1.000000 0.000000
-0.918821 0.394674 0.000000 177.255692 -0.394674 -0.918821 -0.000000 -92.376997 -0.000000 0.000000 1.000000 0.000000
-0.916058 0.401045 0.000000 173.087550 -0.401045 -0.916058 -0.000000 -94.188183 -0.000000 0.000000 1.000000 0.000000
-0.915333 0.402699 0.000000 169.204392 -0.402699 -0.915333 -0.000000 -95.924752 -0.000000 0.000000 1.000000 0.000000
-0.913446 0.406959 0.000000 165.253692 -0.406959 -0.913446 -0.000000 -97.602990 -0.000000 0.000000 1.000000 0.000000
-0.912865 0.408263 0.000000 161.543965 -0.408263 -0.912865 -0.000000 -99.274148 -0.000000 0.000000 1.000000 0.000000
-0.911847 0.410530 0.000000 157.629994 -0.410530 -0.911847 -0.000000 -101.025973 -0.000000 0.000000 1.000000 0.000000
-0.913919 0.405896 0.000000 154.084823 -0.405896 -0.913919 -0.000000 -102.605869 -0.000000 0.000000 1.000000 0.000000
-0.916420 0.400219 0.000000 147.584480 -0.400219 -0.916420 -0.000000 -105.400809 -0.000000 0.000000 1.000000 0.000000
-0.916575 0.399864 0.000000 146.019451 -0.399864 -0.916575 -0.000000 -106.060483 -0.000000 0.000000 1.000000 0.000000
-0.919252 0.393669 0.000000 142.992036 -0.393669 -0.919252 -0.000000 -107.352534 -0.000000 0.000000 1.000000 0.000000
-0.918210 0.396093 0.000000 139.895956 -0.396093 -0.918210 -0.000000 -108.634911 -0.000000 0.000000 1.000000 0.000000
-0.918404 0.395643 0.000000 136.965015 -0.395643 -0.918404 -0.000000 -109.975512 -0.000000 0.000000 1.000000 0.000000
-0.915719 0.401820 0.000000 134.161638 -0.401820 -0.915719 -0.000000 -111.124128 -0.000000 0.000000 1.000000 0.000000
-0.910323 0.413900 0.000000 131.309507 -0.413900 -0.910323 -0.000000 -112.463782 -0.000000 0.000000 1.000000 0.000000
-0.904567 0.426331 0.000000 128.549827 -0.426331 -0.904567 -0.000000 -113.649521 -0.000000 0.000000 1.000000 0.000000
-0.902381 0.430939 0.000000 125.927570 -0.430939 -0.902381 -0.000000 -114.985616 -0.000000 0.000000 1.000000 0.000000
-0.911050 0.412295 0.000000 120.781533 -0.412295 -0.911050 -0.000000 -117.308899 -0.000000 0.000000 1.000000 0.000000
-0.912884 0.408218 0.000000 119.539036 -0.408218 -0.912884 -0.000000 -117.883268 -0.000000 0.000000 1.000000 0.000000
-0.916761 0.399435 0.000000 117.045418 -0.399435 -0.916761 -0.000000 -118.914337 -0.000000 0.000000 1.000000 0.000000
-0.923241 0.384220 0.000000 114.596118 -0.384220 -0.923241 -0.000000 -119.945167 -0.000000 0.000000 1.000000 0.000000
-0.930741 0.365680 0.000000 112.205942 -0.365680 -0.930741 -0.000000 -120.890372 -0.000000 0.000000 1.000000 0.000000
-0.938826 0.344391 0.000000 109.858763 -0.344391 -0.938826 -0.000000 -121.691168 -0.000000 0.000000 1.000000 0.000000
-0.946285 0.323335 0.000000 107.481222 -0.323335 -0.946285 -0.000000 -122.592563 -0.000000 0.000000 1.000000 0.000000
-0.947435 0.319947 0.000000 105.310138 -0.319947 -0.947435 -0.000000 -123.196150 -0.000000 0.000000 1.000000 0.000000
-0.946644 0.322280 0.000000 103.277222 -0.322280 -0.946644 -0.000000 -123.819577 -0.000000 0.000000 1.000000 0.000000
-0.945830 0.324662 0.000000 100.137898 -0.324662 -0.945830 -0.000000 -124.905442 -0.000000 0.000000 1.000000 0.000000
-0.945033 0.326974 0.000000 99.577314 -0.326974 -0.945033 -0.000000 -125.102872 -0.000000 0.000000 1.000000 0.000000
-0.944571 0.328307 0.000000 98.629108 -0.328307 -0.944571 -0.000000 -125.412844 -0.000000 0.000000 1.000000 0.000000
-0.944025 0.329875 0.000000 98.298954 -0.329875 -0.944025 -0.000000 -125.590436 -0.000000 0.000000 1.000000 0.000000
-0.943815 0.330473 0.000000 97.988246 -0.330473 -0.943815 -0.000000 -125.662271 -0.000000 0.000000 1.000000 0.000000
-0.943938 0.330124 0.000000 97.955454 -0.330124 -0.943938 -0.000000 -125.663845 -0.000000 0.000000 1.000000 0.000000
-0.943475 0.331445 0.000000 97.786010 -0.331445 -0.943475 -0.000000 -125.746310 -0.000000 0.000000 1.000000 0.000000
-0.943145 0.332380 0.000000 97.542350 -0.332380 -0.943145 -0.000000 -125.800991 -0.000000 0.000000 1.000000 0.000000
-0.943074 0.332582 0.000000 97.385712 -0.332582 -0.943074 -0.000000 -125.877724 -0.000000 0.000000 1.000000 0.000000
-0.944127 0.329583 0.000000 96.953004 -0.329583 -0.944127 -0.000000 -126.032177 -0.000000 0.000000 1.000000 0.000000
-0.943544 0.331247 0.000000 96.843060 -0.331247 -0.943544 -0.000000 -126.037032 -0.000000 0.000000 1.000000 0.000000
-0.943876 0.330300 0.000000 96.671501 -0.330300 -0.943876 -0.000000 -126.102719 -0.000000 0.000000 1.000000 0.000000
-0.943695 0.330816 0.000000 96.512484 -0.330816 -0.943695 -0.000000 -126.164655 -0.000000 0.000000 1.000000 0.000000
-0.943633 0.330992 0.000000 96.403240 -0.330992 -0.943633 -0.000000 -126.183110 -0.000000 0.000000 1.000000 0.000000
-0.943358 0.331778 0.000000 96.298287 -0.331778 -0.943358 -0.000000 -126.250576 -0.000000 0.000000 1.000000 0.000000
-0.943316 0.331897 0.000000 96.183227 -0.331897 -0.943316 -0.000000 -126.271117 -0.000000 0.000000 1.000000 0.000000
-0.943232 0.332134 0.000000 96.231660 -0.332134 -0.943232 -0.000000 -126.263696 -0.000000 0.000000 1.000000 0.000000
-0.943176 0.332294 0.000000 96.183691 -0.332294 -0.943176 -0.000000 -126.272897 -0.000000 0.000000 1.000000 0.000000
-0.943135 0.332411 0.000000 96.204929 -0.332411 -0.943135 -0.000000 -126.264754 -0.000000 0.000000 1.000000 0.000000
-0.943072 0.332590 0.000000 96.204258 -0.332590 -0.943072 -0.000000 -126.264911 -0.000000 0.000000 1.000000 0.000000
-0.943017 0.332744 0.000000 96.203962 -0.332744 -0.943017 -0.000000 -126.262758 -0.000000 0.000000 1.000000 0.000000
-0.942947 0.332942 0.000000 96.203568 -0.332942 -0.942947 -0.000000 -126.264401 -0.000000 0.000000 1.000000 0.000000
-0.942892 0.333098 0.000000 96.204832 -0.333098 -0.942892 -0.000000 -126.262981 -0.000000 0.000000 1.000000 0.000000
-0.942816 0.333314 0.000000 96.203664 -0.333314 -0.942816 -0.000000 -126.265004 -0.000000 0.000000 1.000000 0.000000
-0.942772 0.333439 0.000000 96.201477 -0.333439 -0.942772 -0.000000 -126.261862 -0.000000 0.000000 1.000000 0.000000
-0.942693 0.333661 0.000000 96.204176 -0.333661 -0.942693 -0.000000 -126.264560 -0.000000 0.000000 1.000000 0.000000
-0.942633 0.333831 0.000000 96.203853 -0.333831 -0.942633 -0.000000 -126.264043 -0.000000 0.000000 1.000000 0.000000
-0.942568 0.334015 0.000000 96.203897 -0.334015 -0.942568 -0.000000 -126.264421 -0.000000 0.000000 1.000000 0.000000
-0.942507 0.334185 0.000000 96.202833 -0.334185 -0.942507 -0.000000 -126.264006 -0.000000 0.000000 1.000000 0.000000
-0.942441 0.334373 0.000000 96.203358 -0.334373 -0.942441 -0.000000 -126.264615 -0.000000 0.000000 1.000000 0.000000
-0.942396 0.334499 0.000000 96.202800 -0.334499 -0.942396 -0.000000 -126.261251 -0.000000 0.000000 1.000000 0.000000
-0.942328 0.334690 0.000000 96.202893 -0.334690 -0.942328 -0.000000 -126.261905 -0.000000 0.000000 1.000000 0.000000
-0.942252 0.334906 0.000000 96.204009 -0.334906 -0.942252 -0.000000 -126.264197 -0.000000 0.000000 1.000000 0.000000
-0.942197 0.335060 0.000000 96.203203 -0.335060 -0.942197 -0.000000 -126.262680 -0.000000 0.000000 1.000000 0.000000
-0.942132 0.335243 0.000000 96.202804 -0.335243 -0.942132 -0.000000 -126.262945 -0.000000 0.000000 1.000000 0.000000
-0.942059 0.335448 0.000000 96.204733 -0.335448 -0.942059 -0.000000 -126.264439 -0.000000 0.000000 1.000000 0.000000
-0.942004 0.335600 0.000000 96.205858 -0.335600 -0.942004 -0.000000 -126.262641 -0.000000 0.000000 1.000000 0.000000
-0.941930 0.335809 0.000000 96.206787 -0.335809 -0.941930 -0.000000 -126.264571 -0.000000 0.000000 1.000000 0.000000
-0.941835 0.336075 0.000000 96.203402 -0.336075 -0.941835 -0.000000 -126.262640 -0.000000 0.000000 1.000000 0.000000
-0.941711 0.336424 0.000000 96.200051 -0.336424 -0.941711 -0.000000 -126.267475 -0.000000 0.000000 1.000000 0.000000
-0.941735 0.336355 0.000000 96.203561 -0.336355 -0.941735 -0.000000 -126.261460 -0.000000 0.000000 1.000000 0.000000
-0.941691 0.336480 0.000000 96.205577 -0.336480 -0.941691 -0.000000 -126.261602 -0.000000 0.000000 1.000000 0.000000
-0.941621 0.336676 0.000000 96.205400 -0.336676 -0.941621 -0.000000 -126.262791 -0.000000 0.000000 1.000000 0.000000
-0.941559 0.336847 0.000000 96.206109 -0.336847 -0.941559 -0.000000 -126.262277 -0.000000 0.000000 1.000000 0.000000
-0.941483 0.337061 0.000000 96.206469 -0.337061 -0.941483 -0.000000 -126.264482 -0.000000 0.000000 1.000000 0.000000
-0.941435 0.337195 0.000000 96.205442 -0.337195 -0.941435 -0.000000 -126.261326 -0.000000 0.000000 1.000000 0.000000
-0.941369 0.337379 0.000000 96.204969 -0.337379 -0.941369 -0.000000 -126.261421 -0.000000 0.000000 1.000000 0.000000
-0.941307 0.337553 0.000000 96.204687 -0.337553 -0.941307 -0.000000 -126.261218 -0.000000 0.000000 1.000000 0.000000
-0.941252 0.337705 0.000000 96.204354 -0.337705 -0.941252 -0.000000 -126.259268 -0.000000 0.000000 1.000000 0.000000
-0.941184 0.337895 0.000000 96.205053 -0.337895 -0.941184 -0.000000 -126.260346 -0.000000 0.000000 1.000000 0.000000
-0.941115 0.338087 0.000000 96.205309 -0.338087 -0.941115 -0.000000 -126.261423 -0.000000 0.000000 1.000000 0.000000
-0.941055 0.338253 0.000000 96.205025 -0.338253 -0.941055 -0.000000 -126.260014 -0.000000 0.000000 1.000000 0.000000
-0.940980 0.338463 0.000000 96.206283 -0.338463 -0.940980 -0.000000 -126.262598 -0.000000 0.000000 1.000000 0.000000
-0.940904 0.338673 0.000000 96.208276 -0.338673 -0.940904 -0.000000 -126.264158 -0.000000 0.000000 1.000000 0.000000
-0.940846 0.338835 0.000000 96.205811 -0.338835 -0.940846 -0.000000 -126.263456 -0.000000 0.000000 1.000000 0.000000
-0.940774 0.339036 0.000000 96.206466 -0.339036 -0.940774 -0.000000 -126.265088 -0.000000 0.000000 1.000000 0.000000
-0.940711 0.339208 0.000000 96.206013 -0.339208 -0.940711 -0.000000 -126.264582 -0.000000 0.000000 1.000000 0.000000
-0.940650 0.339377 0.000000 96.205624 -0.339377 -0.940650 -0.000000 -126.264028 -0.000000 0.000000 1.000000 0.000000
-0.940583 0.339565 0.000000 96.205461 -0.339565 -0.940583 -0.000000 -126.264601 -0.000000 0.000000 1.000000 0.000000
-0.940521 0.339737 0.000000 96.205305 -0.339737 -0.940521 -0.000000 -126.264101 -0.000000 0.000000 1.000000 0.000000
-0.940446 0.339943 0.000000 96.205890 -0.339943 -0.940446 -0.000000 -126.265998 -0.000000 0.000000 1.000000 0.000000
-0.940393 0.340090 0.000000 96.205678 -0.340090 -0.940393 -0.000000 -126.263891 -0.000000 0.000000 1.000000 0.000000
-0.940326 0.340276 0.000000 96.205742 -0.340276 -0.940326 -0.000000 -126.264448 -0.000000 0.000000 1.000000 0.000000
-0.940241 0.340510 0.000000 96.208955 -0.340510 -0.940241 -0.000000 -126.267855 -0.000000 0.000000 1.000000 0.000000
-0.940150 0.340760 0.000000 96.210863 -0.340760 -0.940150 -0.000000 -126.272672 -0.000000 0.000000 1.000000 0.000000
