1.000000 0.000000 0.000000 0.000000 0.000000 1.000000 0.000000 0.000000 0.000000 0.000000 1.000000 0.000000
1.000000 0.000005 0.000000 -0.002582 -0.000005 1.000000 -0.000000 0.000520 -0.000000 0.000000 1.000000 0.000000
1.000000 -0.000097 0.000000 -0.002966 0.000097 1.000000 0.000000 0.000518 0.000000 0.000000 1.000000 0.000000
1.000000 -0.000025 0.000000 0.004377 0.000025 1.000000 0.000000 0.003109 0.000000 0.000000 1.000000 0.000000
1.000000 -0.000159 0.000000 0.001848 0.000159 1.000000 0.000000 0.002832 0.000000 0.000000 1.000000 0.000000
1.000000 -0.000019 0.000000 -0.001367 0.000019 1.000000 0.000000 0.000524 0.000000 0.000000 1.000000 0.000000
1.000000 -0.000040 0.000000 -0.006843 0.000040 1.000000 0.000000 -0.004824 0.000000 0.000000 1.000000 0.000000
1.000000 0.000289 0.000000 -0.009070 -0.000289 1.000000 -0.000000 -0.003449 -0.000000 0.000000 1.000000 0.000000
1.000000 0.000013 0.000000 -0.000528 -0.000013 1.000000 -0.000000 -0.000722 -0.000000 0.000000 1.000000 0.000000
1.000000 -0.000212 0.000000 -0.006752 0.000212 1.000000 0.000000 -0.002089 0.000000 0.000000 1.000000 0.000000
1.000000 -0.000060 0.000000 0.000824 0.000060 1.000000 0.000000 -0.001638 0.000000 0.000000 1.000000 0.000000
1.000000 0.000008 0.000000 -0.002400 -0.000008 1.000000 -0.000000 -0.002043 -0.000000 0.000000 1.000000 0.000000
1.000000 0.000020 0.000000 -0.003843 -0.000020 1.000000 -0.000000 -0.003300 -0.000000 0.000000 1.000000 0.000000
1.000000 -0.000017 0.000000 -0.000802 0.000017 1.000000 0.000000 0.001075 0.000000 0.000000 1.000000 0.000000
1.000000 0.000013 0.000000 -0.003117 -0.000013 1.000000 -0.000000 -0.001796 -0.000000 0.000000 1.000000 0.000000
1.000000 0.000015 0.000000 -0.003006 -0.000015 1.000000 -0.000000 -0.002102 -0.000000 0.000000 1.000000 0.000000
1.000000 0.000068 0.000000 -0.010664 -0.000068 1.000000 -0.000000 -0.004047 -0.000000 0.000000 1.000000 0.000000
1.000000 -0.000019 0.000000 -0.005682 0.000019 1.000000 0.000000 -0.002396 0.000000 0.000000 1.000000 0.000000
1.000000 0.000035 0.000000 -0.002737 -0.000035 1.000000 -0.000000 -0.002526 -0.000000 0.000000 1.000000 0.000000
1.000000 -0.000021 0.000000 -0.008600 0.000021 1.000000 0.000000 -0.006196 0.000000 0.000000 1.000000 0.000000
1.000000 0.000014 0.000000 -0.007078 -0.000014 1.000000 -0.000000 -0.003380 -0.000000 0.000000 1.000000 0.000000
1.000000 -0.000191 0.000000 -0.009028 0.000191 1.000000 0.000000 -0.004616 0.000000 0.000000 1.000000 0.000000
1.000000 -0.000072 0.000000 -0.012462 0.000072 1.000000 0.000000 -0.004462 0.000000 0.000000 1.000000 0.000000
1.000000 0.000031 0.000000 -0.004982 -0.000031 1.000000 -0.000000 -0.004126 -0.000000 0.000000 1.000000 0.000000
1.000000 0.000011 0.000000 -0.016231 -0.000011 1.000000 -0.000000 -0.005363 -0.000000 0.000000 1.000000 0.000000
1.000000 -0.000606 0.000000 -0.011496 0.000606 1.000000 0.000000 -0.001428 0.000000 0.000000 1.000000 0.000000
1.000000 0.000102 0.000000 -0.014666 -0.000102 1.000000 -0.000000 -0.013111 -0.000000 0.000000 1.000000 0.000000
1.000000 -0.000008 0.000000 -0.013543 0.000008 1.000000 0.000000 -0.006068 0.000000 0.000000 1.000000 0.000000
1.000000 0.000036 0.000000 -0.005279 -0.000036 1.000000 -0.000000 -0.002503 -0.000000 0.000000 1.000000 0.000000
1.000000 0.000005 0.000000 -0.007401 -0.000005 1.000000 -0.000000 -0.004070 -0.000000 0.000000 1.000000 0.000000
1.000000 -0.000095 0.000000 -0.008480 0.000095 1.000000 0.000000 -0.004760 0.000000 0.000000 1.000000 0.000000
1.000000 0.000013 0.000000 -0.009413 -0.000013 1.000000 -0.000000 -0.002950 -0.000000 0.000000 1.000000 0.000000
1.000000 0.000008 0.000000 -0.009539 -0.000008 1.000000 -0.000000 -0.004271 -0.000000 0.000000 1.000000 0.000000
1.000000 0.000005 0.000000 -0.009888 -0.000005 1.000000 -0.000000 -0.003675 -0.000000 0.000000 1.000000 0.000000
1.000000 0.000033 0.000000 -0.011289 -0.000033 1.000000 -0.000000 -0.002238 -0.000000 0.000000 1.000000 0.000000
1.000000 -0.000013 0.000000 -0.014947 0.000013 1.000000 0.000000 -0.005276 0.000000 0.000000 1.000000 0.000000
1.000000 0.000068 0.000000 -0.020575 -0.000068 1.000000 -0.000000 -0.008499 -0.000000 0.000000 1.000000 0.000000
1.000000 -0.000041 0.000000 -0.023178 0.000041 1.000000 0.000000 -0.004336 0.000000 0.000000 1.000000 0.000000
1.000000 0.000063 0.000000 -0.025517 -0.000063 1.000000 -0.000000 -0.012747 -0.000000 0.000000 1.000000 0.000000
1.000000 -0.000075 0.000000 -0.020953 0.000075 1.000000 0.000000 -0.006219 0.000000 0.000000 1.000000 0.000000
1.000000 -0.000026 0.000000 -0.016290 0.000026 1.000000 0.000000 -0.003400 0.000000 0.000000 1.000000 0.000000
1.000000 0.000096 0.000000 -0.020818 -0.000096 1.000000 -0.000000 -0.006481 -0.000000 0.000000 1.000000 0.000000
1.000000 -0.000005 0.000000 -0.011651 0.000005 1.000000 0.000000 -0.003085 0.000000 0.000000 1.000000 0.000000
1.000000 -0.000151 0.000000 -0.018942 0.000151 1.000000 0.000000 0.000632 0.000000 0.000000 1.000000 0.000000
1.000000 0.000009 0.000000 -0.015001 -0.000009 1.000000 -0.000000 -0.002780 -0.000000 0.000000 1.000000 0.000000
1.000000 0.000096 0.000000 -0.019897 -0.000096 1.000000 -0.000000 -0.006416 -0.000000 0.000000 1.000000 0.000000
1.000000 -0.000153 0.000000 -0.017348 0.000153 1.000000 0.000000 -0.001695 0.000000 0.000000 1.000000 0.000000
1.000000 -0.000019 0.000000 -0.017971 0.000019 1.000000 0.000000 -0.000090 0.000000 0.000000 1.000000 0.000000
1.000000 0.000064 0.000000 -0.018087 -0.000064 1.000000 -0.000000 -0.000387 -0.000000 0.000000 1.000000 0.000000
1.000000 0.000028 0.000000 -0.016309 -0.000028 1.000000 -0.000000 -0.005395 -0.000000 0.000000 1.000000 0.000000
1.000000 0.000018 0.000000 -0.012369 -0.000018 1.000000 -0.000000 -0.002774 -0.000000 0.000000 1.000000 0.000000
1.000000 -0.000050 0.000000 -0.014447 0.000050 1.000000 0.000000 -0.005015 0.000000 0.000000 1.000000 0.000000
1.000000 -0.000018 0.000000 -0.012898 0.000018 1.000000 0.000000 -0.004912 0.000000 0.000000 1.000000 0.000000
1.000000 -0.000038 0.000000 -0.017591 0.000038 1.000000 0.000000 -0.005539 0.000000 0.000000 1.000000 0.000000
1.000000 -0.000035 0.000000 -0.019388 0.000035 1.000000 0.000000 -0.005650 0.000000 0.000000 1.000000 0.000000
1.000000 -0.000047 0.000000 -0.016523 0.000047 1.000000 0.000000 -0.005490 0.000000 0.000000 1.000000 0.000000
1.000000 -0.000006 0.000000 -0.020432 0.000006 1.000000 0.000000 -0.003624 0.000000 0.000000 1.000000 0.000000
1.000000 -0.000052 0.000000 -0.016735 0.000052 1.000000 0.000000 -0.006237 0.000000 0.000000 1.000000 0.000000
1.000000 -0.000060 0.000000 -0.017980 0.000060 1.000000 0.000000 -0.007398 0.000000 0.000000 1.000000 0.000000
1.000000 -0.000054 0.000000 -0.018040 0.000054 1.000000 0.000000 -0.006102 0.000000 0.000000 1.000000 0.000000
1.000000 -0.000067 0.000000 -0.018977 0.000067 1.000000 0.000000 -0.007793 0.000000 0.000000 1.000000 0.000000
1.000000 -0.000035 0.000000 -0.015057 0.000035 1.000000 0.000000 -0.005355 0.000000 0.000000 1.000000 0.000000
1.000000 -0.000125 0.000000 -0.017282 0.000125 1.000000 0.000000 -0.009059 0.000000 0.000000 1.000000 0.000000
1.000000 -0.000059 0.000000 -0.018180 0.000059 1.000000 0.000000 -0.006326 0.000000 0.000000 1.000000 0.000000
1.000000 -0.000083 0.000000 -0.017522 0.000083 1.000000 0.000000 -0.003917 0.000000 0.000000 1.000000 0.000000
1.000000 -0.000115 0.000000 -0.018498 0.000115 1.000000 0.000000 -0.004149 0.000000 0.000000 1.000000 0.000000
1.000000 -0.000131 0.000000 -0.017661 0.000131 1.000000 0.000000 -0.004533 0.000000 0.000000 1.000000 0.000000
1.000000 -0.000113 0.000000 -0.018883 0.000113 1.000000 0.000000 -0.007209 0.000000 0.000000 1.000000 0.000000
1.000000 -0.000091 0.000000 -0.017518 0.000091 1.000000 0.000000 -0.002503 0.000000 0.000000 1.000000 0.000000
1.000000 -0.000095 0.000000 -0.017604 0.000095 1.000000 0.000000 -0.005448 0.000000 0.000000 1.000000 0.000000
1.000000 -0.000097 0.000000 -0.018304 0.000097 1.000000 0.000000 -0.006649 0.000000 0.000000 1.000000 0.000000
1.000000 -0.000092 0.000000 -0.019370 0.000092 1.000000 0.000000 -0.001555 0.000000 0.000000 1.000000 0.000000
1.000000 -0.000029 0.000000 -0.027339 0.000029 1.000000 0.000000 -0.004458 0.000000 0.000000 1.000000 0.000000
1.000000 -0.000167 0.000000 -0.021816 0.000167 1.000000 0.000000 -0.003126 0.000000 0.000000 1.000000 0.000000
1.000000 -0.000096 0.000000 -0.023186 0.000096 1.000000 0.000000 -0.000108 0.000000 0.000000 1.000000 0.000000
1.000000 -0.000116 0.000000 -0.023727 0.000116 1.000000 0.000000 -0.000343 0.000000 0.000000 1.000000 0.000000
1.000000 -0.000084 0.000000 -0.021375 0.000084 1.000000 0.000000 -0.001877 0.000000 0.000000 1.000000 0.000000
1.000000 -0.000084 0.000000 -0.026117 0.000084 1.000000 0.000000 -0.003955 0.000000 0.000000 1.000000 0.000000
1.000000 -0.000077 0.000000 -0.024795 0.000077 1.000000 0.000000 -0.003111 0.000000 0.000000 1.000000 0.000000
1.000000 -0.000263 0.000000 -0.028785 0.000263 1.000000 0.000000 0.002453 0.000000 0.000000 1.000000 0.000000
1.000000 -0.000101 0.000000 -0.021105 0.000101 1.000000 0.000000 -0.002517 0.000000 0.000000 1.000000 0.000000
1.000000 -0.000064 0.000000 -0.025678 0.000064 1.000000 0.000000 -0.000398 0.000000 0.000000 1.000000 0.000000
1.000000 -0.000079 0.000000 -0.024896 0.000079 1.000000 0.000000 -0.001647 0.000000 0.000000 1.000000 0.000000
1.000000 -0.000069 0.000000 -0.021945 0.000069 1.000000 0.000000 -0.003872 0.000000 0.000000 1.000000 0.000000
1.000000 -0.000158 0.000000 -0.023733 0.000158 1.000000 0.000000 -0.000926 0.000000 0.000000 1.000000 0.000000
1.000000 -0.000079 0.000000 -0.020670 0.000079 1.000000 0.000000 -0.003108 0.000000 0.000000 1.000000 0.000000
1.000000 -0.000128 0.000000 -0.024821 0.000128 1.000000 0.000000 -0.005156 0.000000 0.000000 1.000000 0.000000
1.000000 -0.000117 0.000000 -0.022384 0.000117 1.000000 0.000000 -0.004205 0.000000 0.000000 1.000000 0.000000
1.000000 -0.000123 0.000000 -0.023334 0.000123 1.000000 0.000000 -0.004709 0.000000 0.000000 1.000000 0.000000
1.000000 -0.000073 0.000000 -0.022691 0.000073 1.000000 0.000000 -0.002435 0.000000 0.000000 1.000000 0.000000
1.000000 -0.000048 0.000000 -0.020785 0.000048 1.000000 0.000000 -0.005674 0.000000 0.000000 1.000000 0.000000
1.000000 -0.000076 0.000000 -0.023261 0.000076 1.000000 0.000000 -0.006166 0.000000 0.000000 1.000000 0.000000
1.000000 -0.000004 0.000000 -0.019684 0.000004 1.000000 0.000000 -0.004614 0.000000 0.000000 1.000000 0.000000
1.000000 -0.000023 0.000000 -0.022243 0.000023 1.000000 0.000000 -0.008126 0.000000 0.000000 1.000000 0.000000
1.000000 -0.000044 0.000000 -0.022272 0.000044 1.000000 0.000000 -0.007797 0.000000 0.000000 1.000000 0.000000
1.000000 -0.000049 0.000000 -0.021130 0.000049 1.000000 0.000000 -0.006203 0.000000 0.000000 1.000000 0.000000
1.000000 -0.000041 0.000000 -0.022270 0.000041 1.000000 0.000000 -0.007417 0.000000 0.000000 1.000000 0.000000
1.000000 -0.000058 0.000000 -0.023837 0.000058 1.000000 0.000000 -0.005814 0.000000 0.000000 1.000000 0.000000
1.000000 -0.000088 0.000000 -0.024376 0.000088 1.000000 0.000000 -0.006863 0.000000 0.000000 1.000000 0.000000
1.000000 -0.000123 0.000000 -0.024834 0.000123 1.000000 0.000000 -0.008391 0.000000 0.000000 1.000000 0.000000
1.000000 -0.000098 0.000000 -0.023945 0.000098 1.000000 0.000000 -0.006962 0.000000 0.000000 1.000000 0.000000
1.000000 -0.000125 0.000000 -0.023239 0.000125 1.000000 0.000000 -0.003285 0.000000 0.000000 1.000000 0.000000
1.000000 -0.000062 0.000000 -0.022400 0.000062 1.000000 0.000000 -0.005227 0.000000 0.000000 1.000000 0.000000
1.000000 -0.000048 0.000000 -0.019114 0.000048 1.000000 0.000000 -0.005263 0.000000 0.000000 1.000000 0.000000
1.000000 -0.000059 0.000000 -0.022692 0.000059 1.000000 0.000000 -0.005991 0.000000 0.000000 1.000000 0.000000
1.000000 -0.000118 0.000000 -0.027858 0.000118 1.000000 0.000000 -0.008002 0.000000 0.000000 1.000000 0.000000
1.000000 0.000081 0.000000 -0.026033 -0.000081 1.000000 -0.000000 -0.003511 -0.000000 0.000000 1.000000 0.000000
1.000000 -0.000174 0.000000 -0.024709 0.000174 1.000000 0.000000 -0.003435 0.000000 0.000000 1.000000 0.000000
1.000000 -0.000022 0.000000 -0.021362 0.000022 1.000000 0.000000 -0.004232 0.000000 0.000000 1.000000 0.000000
1.000000 -0.000101 0.000000 -0.021476 0.000101 1.000000 0.000000 -0.004924 0.000000 0.000000 1.000000 0.000000
1.000000 -0.000105 0.000000 -0.022800 0.000105 1.000000 0.000000 -0.003083 0.000000 0.000000 1.000000 0.000000
1.000000 -0.000090 0.000000 -0.023264 0.000090 1.000000 0.000000 -0.007482 0.000000 0.000000 1.000000 0.000000
1.000000 -0.000117 0.000000 -0.023107 0.000117 1.000000 0.000000 -0.005292 0.000000 0.000000 1.000000 0.000000
1.000000 -0.000068 0.000000 -0.023293 0.000068 1.000000 0.000000 -0.003755 0.000000 0.000000 1.000000 0.000000
1.000000 -0.000133 0.000000 -0.023369 0.000133 1.000000 0.000000 -0.004681 0.000000 0.000000 1.000000 0.000000
1.000000 -0.000057 0.000000 -0.021191 0.000057 1.000000 0.000000 -0.004677 0.000000 0.000000 1.000000 0.000000
1.000000 -0.000092 0.000000 -0.020406 0.000092 1.000000 0.000000 -0.003594 0.000000 0.000000 1.000000 0.000000
1.000000 -0.000117 0.000000 -0.021505 0.000117 1.000000 0.000000 -0.004197 0.000000 0.000000 1.000000 0.000000
1.000000 -0.000103 0.000000 -0.022067 0.000103 1.000000 0.000000 -0.004814 0.000000 0.000000 1.000000 0.000000
1.000000 -0.000040 0.000000 -0.017020 0.000040 1.000000 0.000000 -0.002651 0.000000 0.000000 1.000000 0.000000
1.000000 -0.000137 0.000000 -0.022889 0.000137 1.000000 0.000000 -0.005769 0.000000 0.000000 1.000000 0.000000
1.000000 -0.000187 0.000000 -0.029678 0.000187 1.000000 0.000000 -0.009828 0.000000 0.000000 1.000000 0.000000
1.000000 -0.000175 0.000000 -0.024504 0.000175 1.000000 0.000000 -0.010155 0.000000 0.000000 1.000000 0.000000
1.000000 -0.000245 0.000000 -0.026906 0.000245 1.000000 0.000000 -0.007340 0.000000 0.000000 1.000000 0.000000
1.000000 0.000025 0.000000 -0.019358 -0.000025 1.000000 -0.000000 -0.009290 -0.000000 0.000000 1.000000 0.000000
1.000000 0.000036 0.000000 -0.018270 -0.000036 1.000000 -0.000000 -0.009145 -0.000000 0.000000 1.000000 0.000000
1.000000 -0.000369 0.000000 -0.029877 0.000369 1.000000 0.000000 -0.005684 0.000000 0.000000 1.000000 0.000000
1.000000 -0.000382 0.000000 -0.030968 0.000382 1.000000 0.000000 -0.002047 0.000000 0.000000 1.000000 0.000000
1.000000 -0.000194 0.000000 -0.027972 0.000194 1.000000 0.000000 -0.013731 0.000000 0.000000 1.000000 0.000000
1.000000 -0.000240 0.000000 -0.029852 0.000240 1.000000 0.000000 -0.016289 0.000000 0.000000 1.000000 0.000000
1.000000 -0.000215 0.000000 -0.029775 0.000215 1.000000 0.000000 -0.015081 0.000000 0.000000 1.000000 0.000000
1.000000 -0.000210 0.000000 -0.030048 0.000210 1.000000 0.000000 -0.014454 0.000000 0.000000 1.000000 0.000000
1.000000 -0.000210 0.000000 -0.028650 0.000210 1.000000 0.000000 -0.015260 0.000000 0.000000 1.000000 0.000000
1.000000 -0.000236 0.000000 -0.032161 0.000236 1.000000 0.000000 -0.017285 0.000000 0.000000 1.000000 0.000000
1.000000 -0.000253 0.000000 -0.033674 0.000253 1.000000 0.000000 -0.018138 0.000000 0.000000 1.000000 0.000000
1.000000 -0.000224 0.000000 -0.030278 0.000224 1.000000 0.000000 -0.015268 0.000000 0.000000 1.000000 0.000000
1.000000 0.000076 0.000000 -0.031961 -0.000076 1.000000 -0.000000 -0.020355 -0.000000 0.000000 1.000000 0.000000
1.000000 0.000310 0.000000 -0.031529 -0.000310 1.000000 -0.000000 -0.019489 -0.000000 0.000000 1.000000 0.000000
1.000000 -0.000252 0.000000 -0.030933 0.000252 1.000000 0.000000 -0.012339 0.000000 0.000000 1.000000 0.000000
1.000000 -0.000183 0.000000 -0.028552 0.000183 1.000000 0.000000 -0.012846 0.000000 0.000000 1.000000 0.000000
1.000000 -0.000242 0.000000 -0.026414 0.000242 1.000000 0.000000 -0.011779 0.000000 0.000000 1.000000 0.000000
1.000000 -0.000276 0.000000 -0.032603 0.000276 1.000000 0.000000 -0.022230 0.000000 0.000000 1.000000 0.000000
1.000000 -0.000300 0.000000 -0.030427 0.000300 1.000000 0.000000 -0.009978 0.000000 0.000000 1.000000 0.000000
1.000000 -0.000254 0.000000 -0.030963 0.000254 1.000000 0.000000 -0.015575 0.000000 0.000000 1.000000 0.000000
1.000000 -0.000203 0.000000 -0.030982 0.000203 1.000000 0.000000 -0.018140 0.000000 0.000000 1.000000 0.000000
1.000000 -0.000138 0.000000 -0.026960 0.000138 1.000000 0.000000 -0.013216 0.000000 0.000000 1.000000 0.000000
1.000000 -0.000311 0.000000 -0.032921 0.000311 1.000000 0.000000 -0.012604 0.000000 0.000000 1.000000 0.000000
1.000000 -0.000265 0.000000 -0.030876 0.000265 1.000000 0.000000 -0.012631 0.000000 0.000000 1.000000 0.000000
1.000000 -0.000269 0.000000 -0.032262 0.000269 1.000000 0.000000 -0.013418 0.000000 0.000000 1.000000 0.000000
1.000000 -0.000279 0.000000 -0.031778 0.000279 1.000000 0.000000 -0.013093 0.000000 0.000000 1.000000 0.000000
1.000000 -0.000270 0.000000 -0.029266 0.000270 1.000000 0.000000 -0.013973 0.000000 0.000000 1.000000 0.000000
1.000000 -0.000307 0.000000 -0.032312 0.000307 1.000000 0.000000 -0.011704 0.000000 0.000000 1.000000 0.000000
1.000000 -0.000330 0.000000 -0.033273 0.000330 1.000000 0.000000 -0.011361 0.000000 0.000000 1.000000 0.000000
1.000000 -0.000235 0.000000 -0.031835 0.000235 1.000000 0.000000 -0.014412 0.000000 0.000000 1.000000 0.000000
1.000000 -0.000309 0.000000 -0.033594 0.000309 1.000000 0.000000 -0.012367 0.000000 0.000000 1.000000 0.000000
1.000000 -0.000334 0.000000 -0.033458 0.000334 1.000000 0.000000 -0.011208 0.000000 0.000000 1.000000 0.000000
1.000000 -0.000264 0.000000 -0.030428 0.000264 1.000000 0.000000 -0.012325 0.000000 0.000000 1.000000 0.000000
1.000000 -0.000282 0.000000 -0.031935 0.000282 1.000000 0.000000 -0.012980 0.000000 0.000000 1.000000 0.000000
1.000000 -0.000288 0.000000 -0.031651 0.000288 1.000000 0.000000 -0.010788 0.000000 0.000000 1.000000 0.000000
1.000000 -0.000281 0.000000 -0.031264 0.000281 1.000000 0.000000 -0.011145 0.000000 0.000000 1.000000 0.000000
1.000000 -0.000301 0.000000 -0.031758 0.000301 1.000000 0.000000 -0.009708 0.000000 0.000000 1.000000 0.000000
1.000000 -0.000315 0.000000 -0.031911 0.000315 1.000000 0.000000 -0.011515 0.000000 0.000000 1.000000 0.000000
1.000000 -0.000339 0.000000 -0.033659 0.000339 1.000000 0.000000 -0.012187 0.000000 0.000000 1.000000 0.000000
1.000000 -0.000299 0.000000 -0.031565 0.000299 1.000000 0.000000 -0.011168 0.000000 0.000000 1.000000 0.000000
1.000000 -0.000368 0.000000 -0.033086 0.000368 1.000000 0.000000 -0.009304 0.000000 0.000000 1.000000 0.000000
1.000000 -0.000305 0.000000 -0.032024 0.000305 1.000000 0.000000 -0.011546 0.000000 0.000000 1.000000 0.000000
1.000000 -0.000239 0.000000 -0.031288 0.000239 1.000000 0.000000 -0.010467 0.000000 0.000000 1.000000 0.000000
1.000000 -0.000256 0.000000 -0.031528 0.000256 1.000000 0.000000 -0.007817 0.000000 0.000000 1.000000 0.000000
1.000000 -0.000252 0.000000 -0.033151 0.000252 1.000000 0.000000 -0.008493 0.000000 0.000000 1.000000 0.000000
1.000000 -0.000388 0.000000 -0.036379 0.000388 1.000000 0.000000 -0.008093 0.000000 0.000000 1.000000 0.000000
1.000000 -0.000244 0.000000 -0.032900 0.000244 1.000000 0.000000 -0.008862 0.000000 0.000000 1.000000 0.000000
1.000000 -0.000217 0.000000 -0.031558 0.000217 1.000000 0.000000 -0.010093 0.000000 0.000000 1.000000 0.000000
1.000000 -0.000268 0.000000 -0.032948 0.000268 1.000000 0.000000 -0.008216 0.000000 0.000000 1.000000 0.000000
1.000000 -0.000261 0.000000 -0.032394 0.000261 1.000000 0.000000 -0.008272 0.000000 0.000000 1.000000 0.000000
1.000000 -0.000243 0.000000 -0.032631 0.000243 1.000000 0.000000 -0.009059 0.000000 0.000000 1.000000 0.000000
1.000000 -0.000238 0.000000 -0.033201 0.000238 1.000000 0.000000 -0.011174 0.000000 0.000000 1.000000 0.000000
1.000000 -0.000245 0.000000 -0.034320 0.000245 1.000000 0.000000 -0.009699 0.000000 0.000000 1.000000 0.000000
1.000000 -0.000246 0.000000 -0.036306 0.000246 1.000000 0.000000 -0.010628 0.000000 0.000000 1.000000 0.000000
1.000000 -0.000242 0.000000 -0.031916 0.000242 1.000000 0.000000 -0.009991 0.000000 0.000000 1.000000 0.000000
1.000000 -0.000515 0.000000 -0.040115 0.000515 1.000000 0.000000 -0.003757 0.000000 0.000000 1.000000 0.000000
1.000000 -0.000243 0.000000 -0.031404 0.000243 1.000000 0.000000 -0.010624 0.000000 0.000000 1.000000 0.000000
1.000000 -0.000230 0.000000 -0.032933 0.000230 1.000000 0.000000 -0.009636 0.000000 0.000000 1.000000 0.000000
1.000000 -0.000241 0.000000 -0.032910 0.000241 1.000000 0.000000 -0.010442 0.000000 0.000000 1.000000 0.000000
1.000000 -0.000272 0.000000 -0.034698 0.000272 1.000000 0.000000 -0.013816 0.000000 0.000000 1.000000 0.000000
1.000000 -0.000235 0.000000 -0.039637 0.000235 1.000000 0.000000 -0.011898 0.000000 0.000000 1.000000 0.000000
1.000000 -0.000492 0.000000 -0.039323 0.000492 1.000000 0.000000 -0.011764 0.000000 0.000000 1.000000 0.000000
1.000000 -0.000524 0.000000 -0.045628 0.000524 1.000000 0.000000 -0.011053 0.000000 0.000000 1.000000 0.000000
1.000000 -0.000528 0.000000 -0.040989 0.000528 1.000000 0.000000 -0.010212 0.000000 0.000000 1.000000 0.000000
1.000000 -0.000516 0.000000 -0.041219 0.000516 1.000000 0.000000 -0.013027 0.000000 0.000000 1.000000 0.000000
1.000000 -0.000475 0.000000 -0.050459 0.000475 1.000000 0.000000 -0.011219 0.000000 0.000000 1.000000 0.000000
1.000000 -0.000506 0.000000 -0.044456 0.000506 1.000000 0.000000 -0.011514 0.000000 0.000000 1.000000 0.000000
1.000000 -0.000505 0.000000 -0.042920 0.000505 1.000000 0.000000 -0.011241 0.000000 0.000000 1.000000 0.000000
1.000000 -0.000520 0.000000 -0.041473 0.000520 1.000000 0.000000 -0.010958 0.000000 0.000000 1.000000 0.000000
1.000000 -0.000499 0.000000 -0.043254 0.000499 1.000000 0.000000 -0.011178 0.000000 0.000000 1.000000 0.000000
1.000000 -0.000478 0.000000 -0.041607 0.000478 1.000000 0.000000 -0.010871 0.000000 0.000000 1.000000 0.000000
1.000000 -0.000483 0.000000 -0.041289 0.000483 1.000000 0.000000 -0.012831 0.000000 0.000000 1.000000 0.000000
1.000000 -0.000498 0.000000 -0.043069 0.000498 1.000000 0.000000 -0.011142 0.000000 0.000000 1.000000 0.000000
1.000000 -0.000490 0.000000 -0.043214 0.000490 1.000000 0.000000 -0.011560 0.000000 0.000000 1.000000 0.000000
1.000000 -0.000440 0.000000 -0.045410 0.000440 1.000000 0.000000 -0.010807 0.000000 0.000000 1.000000 0.000000
1.000000 -0.000492 0.000000 -0.042838 0.000492 1.000000 0.000000 -0.011041 0.000000 0.000000 1.000000 0.000000
1.000000 -0.000450 0.000000 -0.044458 0.000450 1.000000 0.000000 -0.008751 0.000000 0.000000 1.000000 0.000000
1.000000 -0.000419 0.000000 -0.046681 0.000419 1.000000 0.000000 -0.006684 0.000000 0.000000 1.000000 0.000000
1.000000 -0.000507 0.000000 -0.043000 0.000507 1.000000 0.000000 -0.010439 0.000000 0.000000 1.000000 0.000000
1.000000 -0.000483 0.000000 -0.040062 0.000483 1.000000 0.000000 -0.009809 0.000000 0.000000 1.000000 0.000000
1.000000 -0.000436 0.000000 -0.046849 0.000436 1.000000 0.000000 -0.007647 0.000000 0.000000 1.000000 0.000000
1.000000 -0.000395 0.000000 -0.054625 0.000395 1.000000 0.000000 -0.006057 0.000000 0.000000 1.000000 0.000000
1.000000 -0.000401 0.000000 -0.055057 0.000401 1.000000 0.000000 -0.006317 0.000000 0.000000 1.000000 0.000000
1.000000 -0.000357 0.000000 -0.055488 0.000357 1.000000 0.000000 -0.007453 0.000000 0.000000 1.000000 0.000000
1.000000 -0.000404 0.000000 -0.053407 0.000404 1.000000 0.000000 -0.005244 0.000000 0.000000 1.000000 0.000000
1.000000 -0.000409 0.000000 -0.051572 0.000409 1.000000 0.000000 -0.005730 0.000000 0.000000 1.000000 0.000000
1.000000 -0.000417 0.000000 -0.056237 0.000417 1.000000 0.000000 -0.006991 0.000000 0.000000 1.000000 0.000000
1.000000 -0.000393 0.000000 -0.055160 0.000393 1.000000 0.000000 -0.003126 0.000000 0.000000 1.000000 0.000000
1.000000 -0.000370 0.000000 -0.053637 0.000370 1.000000 0.000000 -0.007222 0.000000 0.000000 1.000000 0.000000
1.000000 -0.000515 0.000000 -0.050320 0.000515 1.000000 0.000000 -0.010760 0.000000 0.000000 1.000000 0.000000
1.000000 -0.000363 0.000000 -0.050322 0.000363 1.000000 0.000000 -0.002355 0.000000 0.000000 1.000000 0.000000
1.000000 -0.000756 0.000000 -0.053583 0.000756 1.000000 0.000000 -0.005334 0.000000 0.000000 1.000000 0.000000
1.000000 -0.000426 0.000000 -0.048282 0.000426 1.000000 0.000000 -0.006565 0.000000 0.000000 1.000000 0.000000
1.000000 -0.000466 0.000000 -0.058633 0.000466 1.000000 0.000000 -0.001323 0.000000 0.000000 1.000000 0.000000
1.000000 -0.000478 0.000000 -0.054772 0.000478 1.000000 0.000000 -0.011950 0.000000 0.000000 1.000000 0.000000
1.000000 -0.000438 0.000000 -0.050021 0.000438 1.000000 0.000000 -0.007981 0.000000 0.000000 1.000000 0.000000
1.000000 -0.000398 0.000000 -0.053324 0.000398 1.000000 0.000000 -0.005342 0.000000 0.000000 1.000000 0.000000
1.000000 -0.000203 0.000000 -0.053198 0.000203 1.000000 0.000000 -0.005277 0.000000 0.000000 1.000000 0.000000
1.000000 -0.000494 0.000000 -0.055102 0.000494 1.000000 0.000000 -0.008023 0.000000 0.000000 1.000000 0.000000
1.000000 -0.000417 0.000000 -0.050638 0.000417 1.000000 0.000000 -0.006594 0.000000 0.000000 1.000000 0.000000
1.000000 -0.000651 0.000000 -0.059470 0.000651 1.000000 0.000000 -0.001111 0.000000 0.000000 1.000000 0.000000
1.000000 -0.000527 0.000000 -0.055269 0.000527 1.000000 0.000000 -0.003129 0.000000 0.000000 1.000000 0.000000
1.000000 -0.000391 0.000000 -0.052930 0.000391 1.000000 0.000000 -0.004596 0.000000 0.000000 1.000000 0.000000
1.000000 -0.000402 0.000000 -0.053265 0.000402 1.000000 0.000000 -0.005284 0.000000 0.000000 1.000000 0.000000
1.000000 -0.000415 0.000000 -0.056474 0.000415 1.000000 0.000000 0.001051 0.000000 0.000000 1.000000 0.000000
1.000000 -0.000477 0.000000 -0.058153 0.000477 1.000000 0.000000 0.001818 0.000000 0.000000 1.000000 0.000000
1.000000 -0.000382 0.000000 -0.056752 0.000382 1.000000 0.000000 -0.005486 0.000000 0.000000 1.000000 0.000000
1.000000 -0.000309 0.000000 -0.064379 0.000309 1.000000 0.000000 -0.008373 0.000000 0.000000 1.000000 0.000000
1.000000 -0.000434 0.000000 -0.057758 0.000434 1.000000 0.000000 -0.008855 0.000000 0.000000 1.000000 0.000000
1.000000 -0.000683 0.000000 -0.058003 0.000683 1.000000 0.000000 -0.001739 0.000000 0.000000 1.000000 0.000000
1.000000 -0.000668 0.000000 -0.065315 0.000668 1.000000 0.000000 0.002570 0.000000 0.000000 1.000000 0.000000
1.000000 -0.000960 0.000000 -0.061037 0.000960 1.000000 0.000000 -0.002874 0.000000 0.000000 1.000000 0.000000
1.000000 -0.000517 0.000000 -0.064217 0.000517 1.000000 0.000000 -0.003269 0.000000 0.000000 1.000000 0.000000
1.000000 -0.000624 0.000000 -0.058901 0.000624 1.000000 0.000000 -0.001572 0.000000 0.000000 1.000000 0.000000
1.000000 -0.000471 0.000000 -0.057912 0.000471 1.000000 0.000000 -0.007896 0.000000 0.000000 1.000000 0.000000
1.000000 -0.000717 0.000000 -0.069301 0.000717 1.000000 0.000000 -0.004805 0.000000 0.000000 1.000000 0.000000
1.000000 -0.000308 0.000000 -0.060030 0.000308 1.000000 0.000000 0.000794 0.000000 0.000000 1.000000 0.000000
1.000000 -0.000555 0.000000 -0.061389 0.000555 1.000000 0.000000 -0.002918 0.000000 0.000000 1.000000 0.000000
1.000000 -0.000494 0.000000 -0.068791 0.000494 1.000000 0.000000 -0.008093 0.000000 0.000000 1.000000 0.000000
1.000000 -0.000514 0.000000 -0.072291 0.000514 1.000000 0.000000 -0.008801 0.000000 0.000000 1.000000 0.000000
1.000000 -0.000504 0.000000 -0.070485 0.000504 1.000000 0.000000 -0.008116 0.000000 0.000000 1.000000 0.000000
1.000000 -0.000490 0.000000 -0.071637 0.000490 1.000000 0.000000 -0.007420 0.000000 0.000000 1.000000 0.000000
1.000000 -0.000489 0.000000 -0.072665 0.000489 1.000000 0.000000 -0.011081 0.000000 0.000000 1.000000 0.000000
1.000000 -0.000477 0.000000 -0.075753 0.000477 1.000000 0.000000 -0.010476 0.000000 0.000000 1.000000 0.000000
1.000000 -0.000484 0.000000 -0.075972 0.000484 1.000000 0.000000 -0.007789 0.000000 0.000000 1.000000 0.000000
1.000000 -0.000489 0.000000 -0.081784 0.000489 1.000000 0.000000 -0.006208 0.000000 0.000000 1.000000 0.000000
1.000000 -0.000436 0.000000 -0.077982 0.000436 1.000000 0.000000 -0.009999 0.000000 0.000000 1.000000 0.000000
1.000000 -0.000492 0.000000 -0.070141 0.000492 1.000000 0.000000 -0.008184 0.000000 0.000000 1.000000 0.000000
1.000000 -0.000515 0.000000 -0.072227 0.000515 1.000000 0.000000 -0.005077 0.000000 0.000000 1.000000 0.000000
1.000000 -0.000407 0.000000 -0.072940 0.000407 1.000000 0.000000 -0.014066 0.000000 0.000000 1.000000 0.000000
1.000000 -0.000499 0.000000 -0.069541 0.000499 1.000000 0.000000 -0.007777 0.000000 0.000000 1.000000 0.000000
1.000000 -0.000424 0.000000 -0.067790 0.000424 1.000000 0.000000 -0.013287 0.000000 0.000000 1.000000 0.000000
1.000000 -0.000629 0.000000 -0.057251 0.000629 1.000000 0.000000 -0.003064 0.000000 0.000000 1.000000 0.000000
0.999995 -0.003051 0.000000 -0.002798 0.003051 0.999995 0.000000 -0.008478 0.000000 0.000000 1.000000 0.000000
0.999961 -0.008806 0.000000 0.028449 0.008806 0.999961 0.000000 0.017076 0.000000 0.000000 1.000000 0.000000
0.999858 -0.016861 0.000000 0.071302 0.016861 0.999858 0.000000 0.007841 0.000000 0.000000 1.000000 0.000000
0.999575 -0.029169 0.000000 0.180497 0.029169 0.999575 0.000000 0.006583 0.000000 0.000000 1.000000 0.000000
0.998922 -0.046420 0.000000 0.340984 0.046420 0.998922 0.000000 0.050365 0.000000 0.000000 1.000000 0.000000
0.997602 -0.069210 0.000000 0.508272 0.069210 0.997602 0.000000 0.086807 0.000000 0.000000 1.000000 0.000000
0.995169 -0.098179 0.000000 0.772000 0.098179 0.995169 0.000000 0.126262 0.000000 0.000000 1.000000 0.000000
0.990942 -0.134291 0.000000 0.980049 0.134291 0.990942 0.000000 0.175275 0.000000 0.000000 1.000000 0.000000
0.985238 -0.171193 0.000000 1.271343 0.171193 0.985238 0.000000 0.284572 0.000000 0.000000 1.000000 0.000000
0.977770 -0.209680 0.000000 1.702476 0.209680 0.977770 0.000000 0.423456 0.000000 0.000000 1.000000 0.000000
0.969993 -0.243131 0.000000 2.144259 0.243131 0.969993 0.000000 0.533633 0.000000 0.000000 1.000000 0.000000
0.962327 -0.271896 0.000000 2.562597 0.271896 0.962327 0.000000 0.707007 0.000000 0.000000 1.000000 0.000000
0.955466 -0.295101 0.000000 3.146150 0.295101 0.955466 0.000000 0.800812 0.000000 0.000000 1.000000 0.000000
0.954780 -0.297315 0.000000 3.858083 0.297315 0.954780 0.000000 1.010551 0.000000 0.000000 1.000000 0.000000
0.958202 -0.286093 0.000000 4.545746 0.286093 0.958202 0.000000 1.107456 0.000000 0.000000 1.000000 0.000000
0.962162 -0.272479 0.000000 5.327621 0.272479 0.962162 0.000000 1.397186 0.000000 0.000000 1.000000 0.000000
0.970173 -0.242412 0.000000 6.203103 0.242412 0.970173 0.000000 1.537579 0.000000 0.000000 1.000000 0.000000
0.976523 -0.215412 0.000000 7.279039 0.215412 0.976523 0.000000 1.703276 0.000000 0.000000 1.000000 0.000000
0.981606 -0.190916 0.000000 8.182108 0.190916 0.981606 0.000000 1.872952 0.000000 0.000000 1.000000 0.000000
0.985766 -0.168125 0.000000 9.398983 0.168125 0.985766 0.000000 2.022385 0.000000 0.000000 1.000000 0.000000
0.989529 -0.144335 0.000000 10.614264 0.144335 0.989529 0.000000 2.249473 0.000000 0.000000 1.000000 0.000000
0.991890 -0.127100 0.000000 11.871434 0.127100 0.991890 0.000000 2.341479 0.000000 0.000000 1.000000 0.000000
0.993817 -0.111032 0.000000 13.181309 0.111032 0.993817 0.000000 2.469538 0.000000 0.000000 1.000000 0.000000
0.995214 -0.097720 0.000000 14.627419 0.097720 0.995214 0.000000 2.596746 0.000000 0.000000 1.000000 0.000000
0.996021 -0.089121 0.000000 16.081612 0.089121 0.996021 0.000000 2.691095 0.000000 0.000000 1.000000 0.000000
0.996801 -0.079918 0.000000 17.611818 0.079918 0.996801 0.000000 2.802771 0.000000 0.000000 1.000000 0.000000
0.997785 -0.066525 0.000000 19.199190 0.066525 0.997785 0.000000 2.915881 0.000000 0.000000 1.000000 0.000000
0.998263 -0.058922 0.000000 20.762791 0.058922 0.998263 0.000000 2.911016 0.000000 0.000000 1.000000 0.000000
0.998305 -0.058195 0.000000 22.349569 0.058195 0.998305 0.000000 2.969487 0.000000 0.000000 1.000000 0.000000
0.998610 -0.052699 0.000000 24.094152 0.052699 0.998610 0.000000 3.147723 0.000000 0.000000 1.000000 0.000000
0.998951 -0.045785 0.000000 25.644794 0.045785 0.998951 0.000000 3.180037 0.000000 0.000000 1.000000 0.000000
0.999191 -0.040211 0.000000 27.523420 0.040211 0.999191 0.000000 3.230818 0.000000 0.000000 1.000000 0.000000
0.999276 -0.038050 0.000000 29.159075 0.038050 0.999276 0.000000 3.341970 0.000000 0.000000 1.000000 0.000000
0.998751 -0.049962 0.000000 30.745321 0.049962 0.998751 0.000000 3.396493 0.000000 0.000000 1.000000 0.000000
0.998588 -0.053128 0.000000 32.663364 0.053128 0.998588 0.000000 3.425801 0.000000 0.000000 1.000000 0.000000
0.998275 -0.058706 0.000000 34.463814 0.058706 0.998275 0.000000 3.586210 0.000000 0.000000 1.000000 0.000000
0.998124 -0.061228 0.000000 36.179508 0.061228 0.998124 0.000000 3.659762 0.000000 0.000000 1.000000 0.000000
0.997836 -0.065758 0.000000 38.097939 0.065758 0.997836 0.000000 3.669046 0.000000 0.000000 1.000000 0.000000
0.997997 -0.063258 0.000000 39.916969 0.063258 0.997997 0.000000 3.816354 0.000000 0.000000 1.000000 0.000000
0.997868 -0.065266 0.000000 41.876953 0.065266 0.997868 0.000000 3.922866 0.000000 0.000000 1.000000 0.000000
0.997925 -0.064385 0.000000 43.627808 0.064385 0.997925 0.000000 4.049350 0.000000 0.000000 1.000000 0.000000
0.997672 -0.068197 0.000000 45.552906 0.068197 0.997672 0.000000 4.168704 0.000000 0.000000 1.000000 0.000000
0.997535 -0.070169 0.000000 47.610401 0.070169 0.997535 0.000000 4.248586 0.000000 0.000000 1.000000 0.000000
0.997263 -0.073932 0.000000 49.566200 0.073932 0.997263 0.000000 4.390270 0.000000 0.000000 1.000000 0.000000
0.997008 -0.077300 0.000000 51.540730 0.077300 0.997008 0.000000 4.467154 0.000000 0.000000 1.000000 0.000000
0.997028 -0.077040 0.000000 53.475704 0.077040 0.997028 0.000000 4.578837 0.000000 0.000000 1.000000 0.000000
0.997358 -0.072647 0.000000 55.463833 0.072647 0.997358 0.000000 4.734816 0.000000 0.000000 1.000000 0.000000
0.997616 -0.069003 0.000000 57.618698 0.069003 0.997616 0.000000 4.854093 0.000000 0.000000 1.000000 0.000000
0.997764 -0.066829 0.000000 59.520691 0.066829 0.997764 0.000000 4.958307 0.000000 0.000000 1.000000 0.000000
0.997964 -0.063781 0.000000 61.456543 0.063781 0.997964 0.000000 5.071397 0.000000 0.000000 1.000000 0.000000
0.998118 -0.061321 0.000000 63.582779 0.061321 0.998118 0.000000 5.174868 0.000000 0.000000 1.000000 0.000000
0.998086 -0.061842 0.000000 65.689743 0.061842 0.998086 0.000000 5.253393 0.000000 0.000000 1.000000 0.000000
0.998743 -0.050116 0.000000 67.708939 0.050116 0.998743 0.000000 5.270090 0.000000 0.000000 1.000000 0.000000
0.999014 -0.044386 0.000000 69.643074 0.044386 0.999014 0.000000 5.436327 0.000000 0.000000 1.000000 0.000000
0.999362 -0.035719 0.000000 71.726639 0.035719 0.999362 0.000000 5.440716 0.000000 0.000000 1.000000 0.000000
0.999526 -0.030784 0.000000 73.768570 0.030784 0.999526 0.000000 5.457775 0.000000 0.000000 1.000000 0.000000
0.999659 -0.026108 0.000000 75.819641 0.026108 0.999659 0.000000 5.493178 0.000000 0.000000 1.000000 0.000000
0.999706 -0.024243 0.000000 77.951607 0.024243 0.999706 0.000000 5.479711 0.000000 0.000000 1.000000 0.000000
0.999871 -0.016045 0.000000 79.963806 0.016045 0.999871 0.000000 5.443552 0.000000 0.000000 1.000000 0.000000
0.999920 -0.012680 0.000000 81.975037 0.012680 0.999920 0.000000 5.485487 0.000000 0.000000 1.000000 0.000000
0.999893 -0.014658 0.000000 84.208611 0.014658 0.999893 0.000000 5.528267 0.000000 0.000000 1.000000 0.000000
0.999861 -0.016657 0.000000 86.254265 0.016657 0.999861 0.000000 5.491206 0.000000 0.000000 1.000000 0.000000
0.999801 -0.019935 0.000000 88.388695 0.019935 0.999801 0.000000 5.511280 0.000000 0.000000 1.000000 0.000000
0.999636 -0.026989 0.000000 90.441818 0.026989 0.999636 0.000000 5.520548 0.000000 0.000000 1.000000 0.000000
0.999549 -0.030025 0.000000 92.465561 0.030025 0.999549 0.000000 5.530238 0.000000 0.000000 1.000000 0.000000
0.999390 -0.034927 0.000000 94.415703 0.034927 0.999390 0.000000 5.562137 0.000000 0.000000 1.000000 0.000000
0.998961 -0.045578 0.000000 96.608398 0.045578 0.998961 0.000000 5.611525 0.000000 0.000000 1.000000 0.000000
0.998692 -0.051136 0.000000 98.538498 0.051136 0.998692 0.000000 5.750506 0.000000 0.000000 1.000000 0.000000
0.998373 -0.057018 0.000000 100.696007 0.057018 0.998373 0.000000 5.826396 0.000000 0.000000 1.000000 0.000000
0.997928 -0.064341 0.000000 102.845062 0.064341 0.997928 0.000000 5.916720 0.000000 0.000000 1.000000 0.000000
0.997340 -0.072896 0.000000 104.842117 0.072896 0.997340 0.000000 6.008640 0.000000 0.000000 1.000000 0.000000
0.996734 -0.080756 0.000000 106.870590 0.080756 0.996734 0.000000 6.106031 0.000000 0.000000 1.000000 0.000000
0.996345 -0.085422 0.000000 108.898888 0.085422 0.996345 0.000000 6.230382 0.000000 0.000000 1.000000 0.000000
0.996135 -0.087834 0.000000 110.963737 0.087834 0.996135 0.000000 6.421528 0.000000 0.000000 1.000000 0.000000
0.995708 -0.092554 0.000000 112.932343 0.092554 0.995708 0.000000 6.519447 0.000000 0.000000 1.000000 0.000000
0.995240 -0.097456 0.000000 114.830170 0.097456 0.995240 0.000000 6.721008 0.000000 0.000000 1.000000 0.000000
0.994960 -0.100274 0.000000 116.965637 0.100274 0.994960 0.000000 6.891368 0.000000 0.000000 1.000000 0.000000
0.994792 -0.101930 0.000000 119.038177 0.101930 0.994792 0.000000 7.126665 0.000000 0.000000 1.000000 0.000000
0.994498 -0.104752 0.000000 121.036079 0.104752 0.994498 0.000000 7.268631 0.000000 0.000000 1.000000 0.000000
0.994539 -0.104362 0.000000 123.053612 0.104362 0.994539 0.000000 7.416221 0.000000 0.000000 1.000000 0.000000
0.994292 -0.106693 0.000000 124.989769 0.106693 0.994292 0.000000 7.649155 0.000000 0.000000 1.000000 0.000000
0.994051 -0.108913 0.000000 126.999649 0.108913 0.994051 0.000000 7.870958 0.000000 0.000000 1.000000 0.000000
0.994705 -0.102769 0.000000 129.088577 0.102769 0.994705 0.000000 7.960559 0.000000 0.000000 1.000000 0.000000
0.995315 -0.096682 0.000000 131.128815 0.096682 0.995315 0.000000 8.095864 0.000000 0.000000 1.000000 0.000000
0.995616 -0.093535 0.000000 133.214279 0.093535 0.995616 0.000000 8.318410 0.000000 0.000000 1.000000 0.000000
0.996094 -0.088298 0.000000 135.237778 0.088298 0.996094 0.000000 8.411110 0.000000 0.000000 1.000000 0.000000
0.996807 -0.079849 0.000000 137.314026 0.079849 0.996807 0.000000 8.656665 0.000000 0.000000 1.000000 0.000000
0.996623 -0.082116 0.000000 139.369934 0.082116 0.996623 0.000000 8.771030 0.000000 0.000000 1.000000 0.000000
0.996542 -0.083089 0.000000 141.433899 0.083089 0.996542 0.000000 8.945116 0.000000 0.000000 1.000000 0.000000
0.995877 -0.090719 0.000000 143.602402 0.090719 0.995877 0.000000 9.092729 0.000000 0.000000 1.000000 0.000000
0.995445 -0.095340 0.000000 145.654846 0.095340 0.995445 0.000000 9.290698 0.000000 0.000000 1.000000 0.000000
0.995970 -0.089691 0.000000 147.802429 0.089691 0.995970 0.000000 9.325034 0.000000 0.000000 1.000000 0.000000
0.996406 -0.084707 0.000000 149.825180 0.084707 0.996406 0.000000 9.484407 0.000000 0.000000 1.000000 0.000000
0.996290 -0.086055 0.000000 151.907990 0.086055 0.996290 0.000000 9.715547 0.000000 0.000000 1.000000 0.000000
0.995994 -0.089423 0.000000 154.097534 0.089423 0.995994 0.000000 9.922132 0.000000 0.000000 1.000000 0.000000
0.995717 -0.092450 0.000000 156.267624 0.092450 0.995717 0.000000 10.102633 0.000000 0.000000 1.000000 0.000000
0.995697 -0.092668 0.000000 158.331467 0.092668 0.995697 0.000000 10.231491 0.000000 0.000000 1.000000 0.000000
0.995896 -0.090501 0.000000 160.549438 0.090501 0.995896 0.000000 10.390756 0.000000 0.000000 1.000000 0.000000
0.995476 -0.095009 0.000000 162.729477 0.095009 0.995476 0.000000 10.635025 0.000000 0.000000 1.000000 0.000000
0.995154 -0.098333 0.000000 165.026566 0.098333 0.995154 0.000000 10.788502 0.000000 0.000000 1.000000 0.000000
0.995165 -0.098222 0.000000 167.197723 0.098222 0.995165 0.000000 10.979377 0.000000 0.000000 1.000000 0.000000
0.995177 -0.098091 0.000000 169.382446 0.098091 0.995177 0.000000 11.171556 0.000000 0.000000 1.000000 0.000000
0.995123 -0.098642 0.000000 171.628113 0.098642 0.995123 0.000000 11.364631 0.000000 0.000000 1.000000 0.000000
