1.000000 -0.000040 0.000000 -0.004718 0.000040 1.000000 0.000000 0.001160 0.000000 0.000000 1.000000 0.000000
1.000000 0.000038 0.000000 -0.000855 -0.000038 1.000000 -0.000000 0.003239 -0.000000 0.000000 1.000000 0.000000
1.000000 0.000083 0.000000 -0.002727 -0.000083 1.000000 -0.000000 0.001944 -0.000000 0.000000 1.000000 0.000000
1.000000 0.000191 0.000000 -0.005813 -0.000191 1.000000 -0.000000 0.006422 -0.000000 0.000000 1.000000 0.000000
1.000000 0.000003 0.000000 -0.007330 -0.000003 1.000000 -0.000000 -0.001087 -0.000000 0.000000 1.000000 0.000000
0.999999 -0.001096 0.000000 -0.012444 0.001096 0.999999 0.000000 0.007150 0.000000 0.000000 1.000000 0.000000
1.000000 0.000076 0.000000 -0.007138 -0.000076 1.000000 -0.000000 0.004634 -0.000000 0.000000 1.000000 0.000000
1.000000 -0.000001 0.000000 -0.005167 0.000001 1.000000 0.000000 -0.000963 0.000000 0.000000 1.000000 0.000000
1.000000 -0.000086 0.000000 -0.006445 0.000086 1.000000 0.000000 -0.001723 0.000000 0.000000 1.000000 0.000000
1.000000 0.000003 0.000000 -0.006060 -0.000003 1.000000 -0.000000 -0.000878 -0.000000 0.000000 1.000000 0.000000
1.000000 -0.000007 0.000000 -0.015993 0.000007 1.000000 0.000000 -0.003359 0.000000 0.000000 1.000000 0.000000
1.000000 -0.000069 0.000000 -0.016237 0.000069 1.000000 0.000000 -0.008124 0.000000 0.000000 1.000000 0.000000
1.000000 -0.000056 0.000000 -0.002295 0.000056 1.000000 0.000000 -0.006000 0.000000 0.000000 1.000000 0.000000
1.000000 -0.000001 0.000000 -0.016669 0.000001 1.000000 0.000000 -0.003055 0.000000 0.000000 1.000000 0.000000
1.000000 -0.000206 0.000000 -0.012957 0.000206 1.000000 0.000000 0.000195 0.000000 0.000000 1.000000 0.000000
1.000000 -0.000409 0.000000 -0.022972 0.000409 1.000000 0.000000 0.003147 0.000000 0.000000 1.000000 0.000000
1.000000 -0.000477 0.000000 -0.022028 0.000477 1.000000 0.000000 -0.003943 0.000000 0.000000 1.000000 0.000000
1.000000 -0.000349 0.000000 -0.018722 0.000349 1.000000 0.000000 0.006113 0.000000 0.000000 1.000000 0.000000
1.000000 -0.000453 0.000000 -0.027075 0.000453 1.000000 0.000000 -0.003462 0.000000 0.000000 1.000000 0.000000
1.000000 -0.000376 0.000000 -0.024572 0.000376 1.000000 0.000000 0.004119 0.000000 0.000000 1.000000 0.000000
1.000000 -0.000379 0.000000 -0.023930 0.000379 1.000000 0.000000 0.003756 0.000000 0.000000 1.000000 0.000000
1.000000 -0.000366 0.000000 -0.025895 0.000366 1.000000 0.000000 0.001707 0.000000 0.000000 1.000000 0.000000
1.000000 -0.000295 0.000000 -0.018562 0.000295 1.000000 0.000000 0.008475 0.000000 0.000000 1.000000 0.000000
1.000000 -0.000317 0.000000 -0.020629 0.000317 1.000000 0.000000 0.002876 0.000000 0.000000 1.000000 0.000000
1.000000 -0.000561 0.000000 -0.019183 0.000561 1.000000 0.000000 0.008503 0.000000 0.000000 1.000000 0.000000
1.000000 -0.000199 0.000000 -0.016313 0.000199 1.000000 0.000000 0.014565 0.000000 0.000000 1.000000 0.000000
1.000000 -0.000330 0.000000 -0.021536 0.000330 1.000000 0.000000 0.002595 0.000000 0.000000 1.000000 0.000000
1.000000 -0.000358 0.000000 -0.013632 0.000358 1.000000 0.000000 0.001929 0.000000 0.000000 1.000000 0.000000
1.000000 -0.000279 0.000000 -0.016602 0.000279 1.000000 0.000000 0.007142 0.000000 0.000000 1.000000 0.000000
1.000000 -0.000048 0.000000 -0.021847 0.000048 1.000000 0.000000 -0.000539 0.000000 0.000000 1.000000 0.000000
1.000000 -0.000282 0.000000 -0.026255 0.000282 1.000000 0.000000 0.006557 0.000000 0.000000 1.000000 0.000000
1.000000 -0.000273 0.000000 -0.019342 0.000273 1.000000 0.000000 0.008153 0.000000 0.000000 1.000000 0.000000
1.000000 -0.000381 0.000000 -0.021914 0.000381 1.000000 0.000000 -0.000590 0.000000 0.000000 1.000000 0.000000
1.000000 -0.000341 0.000000 -0.026906 0.000341 1.000000 0.000000 0.007447 0.000000 0.000000 1.000000 0.000000
1.000000 -0.000342 0.000000 -0.032533 0.000342 1.000000 0.000000 0.008946 0.000000 0.000000 1.000000 0.000000
1.000000 -0.000578 0.000000 -0.034251 0.000578 1.000000 0.000000 0.019025 0.000000 0.000000 1.000000 0.000000
1.000000 -0.000619 0.000000 -0.027105 0.000619 1.000000 0.000000 0.020101 0.000000 0.000000 1.000000 0.000000
1.000000 -0.000544 0.000000 -0.036738 0.000544 1.000000 0.000000 0.023314 0.000000 0.000000 1.000000 0.000000
1.000000 -0.000201 0.000000 -0.033744 0.000201 1.000000 0.000000 0.019691 0.000000 0.000000 1.000000 0.000000
1.000000 -0.000358 0.000000 -0.037350 0.000358 1.000000 0.000000 0.008358 0.000000 0.000000 1.000000 0.000000
1.000000 -0.000364 0.000000 -0.037062 0.000364 1.000000 0.000000 0.008005 0.000000 0.000000 1.000000 0.000000
1.000000 -0.000357 0.000000 -0.033478 0.000357 1.000000 0.000000 0.009915 0.000000 0.000000 1.000000 0.000000
1.000000 -0.000345 0.000000 -0.026668 0.000345 1.000000 0.000000 0.007594 0.000000 0.000000 1.000000 0.000000
1.000000 -0.000330 0.000000 -0.039296 0.000330 1.000000 0.000000 0.007586 0.000000 0.000000 1.000000 0.000000
1.000000 -0.000343 0.000000 -0.036615 0.000343 1.000000 0.000000 0.007252 0.000000 0.000000 1.000000 0.000000
1.000000 -0.000403 0.000000 -0.030642 0.000403 1.000000 0.000000 0.009400 0.000000 0.000000 1.000000 0.000000
1.000000 -0.000414 0.000000 -0.029764 0.000414 1.000000 0.000000 0.010875 0.000000 0.000000 1.000000 0.000000
1.000000 -0.000504 0.000000 -0.041766 0.000504 1.000000 0.000000 0.015233 0.000000 0.000000 1.000000 0.000000
1.000000 -0.000530 0.000000 -0.041863 0.000530 1.000000 0.000000 0.010604 0.000000 0.000000 1.000000 0.000000
1.000000 -0.000372 0.000000 -0.028820 0.000372 1.000000 0.000000 0.008790 0.000000 0.000000 1.000000 0.000000
1.000000 -0.000341 0.000000 -0.031259 0.000341 1.000000 0.000000 0.007929 0.000000 0.000000 1.000000 0.000000
1.000000 -0.000338 0.000000 -0.039073 0.000338 1.000000 0.000000 0.006857 0.000000 0.000000 1.000000 0.000000
1.000000 -0.000325 0.000000 -0.039414 0.000325 1.000000 0.000000 0.007914 0.000000 0.000000 1.000000 0.000000
1.000000 -0.000551 0.000000 -0.045886 0.000551 1.000000 0.000000 0.019386 0.000000 0.000000 1.000000 0.000000
1.000000 -0.000315 0.000000 -0.045976 0.000315 1.000000 0.000000 0.009047 0.000000 0.000000 1.000000 0.000000
1.000000 -0.000326 0.000000 -0.042411 0.000326 1.000000 0.000000 0.008706 0.000000 0.000000 1.000000 0.000000
1.000000 -0.000160 0.000000 -0.044210 0.000160 1.000000 0.000000 0.012075 0.000000 0.000000 1.000000 0.000000
1.000000 -0.000443 0.000000 -0.055510 0.000443 1.000000 0.000000 0.022989 0.000000 0.000000 1.000000 0.000000
1.000000 -0.000312 0.000000 -0.053309 0.000312 1.000000 0.000000 0.008238 0.000000 0.000000 1.000000 0.000000
1.000000 -0.000250 0.000000 -0.056276 0.000250 1.000000 0.000000 0.005030 0.000000 0.000000 1.000000 0.000000
1.000000 -0.000311 0.000000 -0.050475 0.000311 1.000000 0.000000 0.008471 0.000000 0.000000 1.000000 0.000000
1.000000 -0.000398 0.000000 -0.044076 0.000398 1.000000 0.000000 0.011839 0.000000 0.000000 1.000000 0.000000
1.000000 -0.000184 0.000000 -0.043905 0.000184 1.000000 0.000000 0.011857 0.000000 0.000000 1.000000 0.000000
1.000000 -0.000591 0.000000 -0.061904 0.000591 1.000000 0.000000 0.021196 0.000000 0.000000 1.000000 0.000000
1.000000 -0.000171 0.000000 -0.042343 0.000171 1.000000 0.000000 0.019889 0.000000 0.000000 1.000000 0.000000
1.000000 -0.000167 0.000000 -0.046809 0.000167 1.000000 0.000000 0.002128 0.000000 0.000000 1.000000 0.000000
1.000000 -0.000663 0.000000 -0.051458 0.000663 1.000000 0.000000 0.025295 0.000000 0.000000 1.000000 0.000000
1.000000 0.000000 0.000000 -0.055151 -0.000000 1.000000 -0.000000 -0.006485 -0.000000 0.000000 1.000000 0.000000
1.000000 -0.000068 0.000000 -0.039818 0.000068 1.000000 0.000000 -0.017838 0.000000 0.000000 1.000000 0.000000
1.000000 -0.000171 0.000000 0.032696 0.000171 1.000000 0.000000 0.005870 0.000000 0.000000 1.000000 0.000000
1.000000 -0.000019 0.000000 0.085954 0.000019 1.000000 0.000000 0.010839 0.000000 0.000000 1.000000 0.000000
0.999933 -0.011583 0.000000 0.224008 0.011583 0.999933 0.000000 0.055495 0.000000 0.000000 1.000000 0.000000
0.999722 -0.023571 0.000000 0.380233 0.023571 0.999722 0.000000 0.113115 0.000000 0.000000 1.000000 0.000000
0.999120 -0.041932 0.000000 0.650975 0.041932 0.999120 0.000000 0.140966 0.000000 0.000000 1.000000 0.000000
0.998246 -0.059205 0.000000 0.877131 0.059205 0.998246 0.000000 0.178985 0.000000 0.000000 1.000000 0.000000
0.996440 -0.084304 0.000000 1.260644 0.084304 0.996440 0.000000 0.270258 0.000000 0.000000 1.000000 0.000000
0.993776 -0.111394 0.000000 1.744459 0.111394 0.993776 0.000000 0.297519 0.000000 0.000000 1.000000 0.000000
0.991290 -0.131697 0.000000 2.201822 0.131697 0.991290 0.000000 0.369974 0.000000 0.000000 1.000000 0.000000
0.987614 -0.156904 0.000000 3.000676 0.156904 0.987614 0.000000 0.396557 0.000000 0.000000 1.000000 0.000000
0.983560 -0.180583 0.000000 4.002948 0.180583 0.983560 0.000000 0.504530 0.000000 0.000000 1.000000 0.000000
0.984984 -0.172643 0.000000 4.150456 0.172643 0.984984 0.000000 0.545642 0.000000 0.000000 1.000000 0.000000
0.985170 -0.171578 0.000000 4.964091 0.171578 0.985170 0.000000 0.701393 0.000000 0.000000 1.000000 0.000000
0.985076 -0.172121 0.000000 5.828408 0.172121 0.985076 0.000000 0.820314 0.000000 0.000000 1.000000 0.000000
0.986075 -0.166298 0.000000 6.799475 0.166298 0.986075 0.000000 0.979061 0.000000 0.000000 1.000000 0.000000
0.987477 -0.157761 0.000000 7.946282 0.157761 0.987477 0.000000 1.098337 0.000000 0.000000 1.000000 0.000000
0.988740 -0.149643 0.000000 8.844769 0.149643 0.988740 0.000000 1.164317 0.000000 0.000000 1.000000 0.000000
0.992137 -0.125156 0.000000 10.103809 0.125156 0.992137 0.000000 1.339459 0.000000 0.000000 1.000000 0.000000
0.993586 -0.113081 0.000000 11.257044 0.113081 0.993586 0.000000 1.499095 0.000000 0.000000 1.000000 0.000000
0.995168 -0.098188 0.000000 12.673414 0.098188 0.995168 0.000000 1.658201 0.000000 0.000000 1.000000 0.000000
0.997080 -0.076364 0.000000 14.054205 0.076364 0.997080 0.000000 1.737676 0.000000 0.000000 1.000000 0.000000
0.998688 -0.051210 0.000000 15.648548 0.051210 0.998688 0.000000 1.689069 0.000000 0.000000 1.000000 0.000000
0.999647 -0.026559 0.000000 17.041170 0.026559 0.999647 0.000000 1.746937 0.000000 0.000000 1.000000 0.000000
0.999974 -0.007268 0.000000 18.654135 0.007268 0.999974 0.000000 1.708192 0.000000 0.000000 1.000000 0.000000
0.999992 -0.003959 0.000000 20.159882 0.003959 0.999992 0.000000 1.639961 0.000000 0.000000 1.000000 0.000000
1.000000 0.000604 0.000000 21.764469 -0.000604 1.000000 -0.000000 1.712723 -0.000000 0.000000 1.000000 0.000000
0.999998 0.001954 0.000000 23.320539 -0.001954 0.999998 -0.000000 1.614034 -0.000000 0.000000 1.000000 0.000000
0.999998 -0.002087 0.000000 24.931141 0.002087 0.999998 0.000000 1.622928 0.000000 0.000000 1.000000 0.000000
1.000000 0.000565 0.000000 26.494678 -0.000565 1.000000 -0.000000 1.606100 -0.000000 0.000000 1.000000 0.000000
0.999983 -0.005842 0.000000 28.300896 0.005842 0.999983 0.000000 1.602771 0.000000 0.000000 1.000000 0.000000
0.999908 -0.013592 0.000000 30.018780 0.013592 0.999908 0.000000 1.640498 0.000000 0.000000 1.000000 0.000000
0.999949 -0.010120 0.000000 31.633781 0.010120 0.999949 0.000000 1.697053 0.000000 0.000000 1.000000 0.000000
0.999987 -0.005096 0.000000 33.326248 0.005096 0.999987 0.000000 1.704498 0.000000 0.000000 1.000000 0.000000
0.999978 -0.006605 0.000000 35.244492 0.006605 0.999978 0.000000 1.657264 0.000000 0.000000 1.000000 0.000000
0.999987 -0.005007 0.000000 36.964611 0.005007 0.999987 0.000000 1.720743 0.000000 0.000000 1.000000 0.000000
0.999988 -0.004932 0.000000 38.789322 0.004932 0.999988 0.000000 1.709771 0.000000 0.000000 1.000000 0.000000
0.999992 -0.003980 0.000000 40.772747 0.003980 0.999992 0.000000 1.702904 0.000000 0.000000 1.000000 0.000000
0.999995 -0.003295 0.000000 42.665302 0.003295 0.999995 0.000000 1.632173 0.000000 0.000000 1.000000 0.000000
0.999997 -0.002427 0.000000 44.582169 0.002427 0.999997 0.000000 1.608691 0.000000 0.000000 1.000000 0.000000
0.999998 -0.002130 0.000000 46.562366 0.002130 0.999998 0.000000 1.558542 0.000000 0.000000 1.000000 0.000000
0.999987 -0.005078 0.000000 48.470016 0.005078 0.999987 0.000000 1.635089 0.000000 0.000000 1.000000 0.000000
0.999989 -0.004663 0.000000 50.535576 0.004663 0.999989 0.000000 1.570274 0.000000 0.000000 1.000000 0.000000
0.999993 -0.003859 0.000000 52.511890 0.003859 0.999993 0.000000 1.596695 0.000000 0.000000 1.000000 0.000000
1.000000 -0.000604 0.000000 54.519478 0.000604 1.000000 0.000000 1.523873 0.000000 0.000000 1.000000 0.000000
0.999991 -0.004238 0.000000 56.622520 0.004238 0.999991 0.000000 1.517990 0.000000 0.000000 1.000000 0.000000
0.999998 0.002142 0.000000 58.832096 -0.002142 0.999998 -0.000000 1.435220 -0.000000 0.000000 1.000000 0.000000
1.000000 0.000396 0.000000 61.032375 -0.000396 1.000000 -0.000000 1.449181 -0.000000 0.000000 1.000000 0.000000
0.999997 0.002498 0.000000 63.111069 -0.002498 0.999997 -0.000000 1.426882 -0.000000 0.000000 1.000000 0.000000
0.999965 0.008354 0.000000 65.313118 -0.008354 0.999965 -0.000000 1.309833 -0.000000 0.000000 1.000000 0.000000
0.999976 0.006991 0.000000 67.525101 -0.006991 0.999976 -0.000000 1.303074 -0.000000 0.000000 1.000000 0.000000
0.999970 0.007799 0.000000 69.730759 -0.007799 0.999970 -0.000000 1.278185 -0.000000 0.000000 1.000000 0.000000
0.999949 0.010080 0.000000 72.165939 -0.010080 0.999949 -0.000000 1.233435 -0.000000 0.000000 1.000000 0.000000
0.999891 0.014771 0.000000 74.462135 -0.014771 0.999891 -0.000000 1.089654 -0.000000 0.000000 1.000000 0.000000
0.999950 0.010014 0.000000 76.575409 -0.010014 0.999950 -0.000000 0.984032 -0.000000 0.000000 1.000000 0.000000
0.999945 0.010457 0.000000 79.035149 -0.010457 0.999945 -0.000000 0.934602 -0.000000 0.000000 1.000000 0.000000
0.999951 0.009925 0.000000 81.354134 -0.009925 0.999951 -0.000000 0.928265 -0.000000 0.000000 1.000000 0.000000
0.999963 0.008613 0.000000 83.781845 -0.008613 0.999963 -0.000000 0.910667 -0.000000 0.000000 1.000000 0.000000
0.999962 0.008715 0.000000 86.210526 -0.008715 0.999962 -0.000000 0.874562 -0.000000 0.000000 1.000000 0.000000
0.999974 0.007156 0.000000 88.234100 -0.007156 0.999974 -0.000000 0.822074 -0.000000 0.000000 1.000000 0.000000
0.999971 0.007570 0.000000 90.823746 -0.007570 0.999971 -0.000000 0.662957 -0.000000 0.000000 1.000000 0.000000
0.999994 0.003321 0.000000 93.199791 -0.003321 0.999994 -0.000000 0.596677 -0.000000 0.000000 1.000000 0.000000
0.999980 -0.006389 0.000000 95.653282 0.006389 0.999980 0.000000 0.561151 0.000000 0.000000 1.000000 0.000000
0.999939 -0.011015 0.000000 98.023636 0.011015 0.999939 0.000000 0.562744 0.000000 0.000000 1.000000 0.000000
0.999885 -0.015175 0.000000 100.409195 0.015175 0.999885 0.000000 0.615388 0.000000 0.000000 1.000000 0.000000
0.999806 -0.019721 0.000000 102.931305 0.019721 0.999806 0.000000 0.569606 0.000000 0.000000 1.000000 0.000000
0.999606 -0.028055 0.000000 105.132576 0.028055 0.999606 0.000000 0.524706 0.000000 0.000000 1.000000 0.000000
0.999334 -0.036482 0.000000 107.463242 0.036482 0.999334 0.000000 0.651600 0.000000 0.000000 1.000000 0.000000
0.999429 -0.033793 0.000000 110.021965 0.033793 0.999429 0.000000 0.789133 0.000000 0.000000 1.000000 0.000000
0.999387 -0.034998 0.000000 112.428635 0.034998 0.999387 0.000000 0.851712 0.000000 0.000000 1.000000 0.000000
0.999525 -0.030803 0.000000 114.793907 0.030803 0.999525 0.000000 0.826511 0.000000 0.000000 1.000000 0.000000
0.999738 -0.022910 0.000000 117.484940 0.022910 0.999738 0.000000 0.752581 0.000000 0.000000 1.000000 0.000000
0.999774 -0.021244 0.000000 119.592522 0.021244 0.999774 0.000000 0.794890 0.000000 0.000000 1.000000 0.000000
0.999710 -0.024078 0.000000 122.041763 0.024078 0.999710 0.000000 0.789832 0.000000 0.000000 1.000000 0.000000
0.999635 -0.027026 0.000000 124.523163 0.027026 0.999635 0.000000 0.781506 0.000000 0.000000 1.000000 0.000000
0.999617 -0.027669 0.000000 126.852013 0.027669 0.999617 0.000000 0.827333 0.000000 0.000000 1.000000 0.000000
0.999838 -0.018015 0.000000 129.073807 0.018015 0.999838 0.000000 0.782138 0.000000 0.000000 1.000000 0.000000
0.999579 -0.029012 0.000000 131.295197 0.029012 0.999579 0.000000 0.913365 0.000000 0.000000 1.000000 0.000000
0.999686 -0.025041 0.000000 133.677017 0.025041 0.999686 0.000000 0.938850 0.000000 0.000000 1.000000 0.000000
0.999750 -0.022351 0.000000 135.842941 0.022351 0.999750 0.000000 0.934820 0.000000 0.000000 1.000000 0.000000
0.999818 -0.019067 0.000000 138.074112 0.019067 0.999818 0.000000 0.934617 0.000000 0.000000 1.000000 0.000000
0.999863 -0.016558 0.000000 140.154114 0.016558 0.999863 0.000000 0.991631 0.000000 0.000000 1.000000 0.000000
0.999806 -0.019677 0.000000 142.305939 0.019677 0.999806 0.000000 1.008511 0.000000 0.000000 1.000000 0.000000
0.999677 -0.025411 0.000000 144.305756 0.025411 0.999677 0.000000 0.967283 0.000000 0.000000 1.000000 0.000000
0.999730 -0.023241 0.000000 146.305359 0.023241 0.999730 0.000000 0.967318 0.000000 0.000000 1.000000 0.000000
0.999666 -0.025828 0.000000 148.178345 0.025828 0.999666 0.000000 1.076256 0.000000 0.000000 1.000000 0.000000
0.999748 -0.022442 0.000000 150.038712 0.022442 0.999748 0.000000 0.989708 0.000000 0.000000 1.000000 0.000000
0.999827 -0.018579 0.000000 151.823853 0.018579 0.999827 0.000000 1.014940 0.000000 0.000000 1.000000 0.000000
0.999789 -0.020544 0.000000 153.524628 0.020544 0.999789 0.000000 1.070600 0.000000 0.000000 1.000000 0.000000
0.999760 -0.021904 0.000000 155.243790 0.021904 0.999760 0.000000 1.020682 0.000000 0.000000 1.000000 0.000000
0.999787 -0.020636 0.000000 156.798798 0.020636 0.999787 0.000000 1.100121 0.000000 0.000000 1.000000 0.000000
0.999726 -0.023413 0.000000 158.647507 0.023413 0.999726 0.000000 1.154151 0.000000 0.000000 1.000000 0.000000
0.999779 -0.021038 0.000000 160.042984 0.021038 0.999779 0.000000 1.086569 0.000000 0.000000 1.000000 0.000000
0.999725 -0.023430 0.000000 161.536026 0.023430 0.999725 0.000000 1.154034 0.000000 0.000000 1.000000 0.000000
0.999785 -0.020714 0.000000 162.976425 0.020714 0.999785 0.000000 1.130088 0.000000 0.000000 1.000000 0.000000
0.999656 -0.026211 0.000000 164.441269 0.026211 0.999656 0.000000 1.181097 0.000000 0.000000 1.000000 0.000000
0.999683 -0.025173 0.000000 165.509705 0.025173 0.999683 0.000000 1.187494 0.000000 0.000000 1.000000 0.000000
0.999696 -0.024641 0.000000 166.718063 0.024641 0.999696 0.000000 1.190870 0.000000 0.000000 1.000000 0.000000
0.999630 -0.027209 0.000000 168.109268 0.027209 0.999630 0.000000 1.237817 0.000000 0.000000 1.000000 0.000000
0.999528 -0.030731 0.000000 169.164200 0.030731 0.999528 0.000000 1.238547 0.000000 0.000000 1.000000 0.000000
0.999669 -0.025714 0.000000 170.210831 0.025714 0.999669 0.000000 1.289035 0.000000 0.000000 1.000000 0.000000
0.999604 -0.028149 0.000000 171.150726 0.028149 0.999604 0.000000 1.314676 0.000000 0.000000 1.000000 0.000000
0.999514 -0.031178 0.000000 172.033569 0.031178 0.999514 0.000000 1.311163 0.000000 0.000000 1.000000 0.000000
0.999496 -0.031757 0.000000 172.781631 0.031757 0.999496 0.000000 1.373297 0.000000 0.000000 1.000000 0.000000
0.999473 -0.032449 0.000000 173.586075 0.032449 0.999473 0.000000 1.327995 0.000000 0.000000 1.000000 0.000000
0.999424 -0.033932 0.000000 174.320831 0.033932 0.999424 0.000000 1.482743 0.000000 0.000000 1.000000 0.000000
0.999410 -0.034348 0.000000 174.926392 0.034348 0.999410 0.000000 1.456949 0.000000 0.000000 1.000000 0.000000
0.999531 -0.030617 0.000000 175.458847 0.030617 0.999531 0.000000 1.390505 0.000000 0.000000 1.000000 0.000000
0.999518 -0.031049 0.000000 175.843155 0.031049 0.999518 0.000000 1.373298 0.000000 0.000000 1.000000 0.000000
0.999542 -0.030272 0.000000 176.309235 0.030272 0.999542 0.000000 1.413972 0.000000 0.000000 1.000000 0.000000
0.999376 -0.035323 0.000000 176.800613 0.035323 0.999376 0.000000 1.480180 0.000000 0.000000 1.000000 0.000000
0.999458 -0.032926 0.000000 176.963760 0.032926 0.999458 0.000000 1.449020 0.000000 0.000000 1.000000 0.000000
0.999520 -0.030985 0.000000 177.133224 0.030985 0.999520 0.000000 1.444433 0.000000 0.000000 1.000000 0.000000
0.999491 -0.031887 0.000000 177.383102 0.031887 0.999491 0.000000 1.478426 0.000000 0.000000 1.000000 0.000000
0.999449 -0.033186 0.000000 177.516678 0.033186 0.999449 0.000000 1.460600 0.000000 0.000000 1.000000 0.000000
0.999441 -0.033439 0.000000 177.682129 0.033439 0.999441 0.000000 1.439345 0.000000 0.000000 1.000000 0.000000
0.999537 -0.030414 0.000000 177.835815 0.030414 0.999537 0.000000 1.412161 0.000000 0.000000 1.000000 0.000000
0.999481 -0.032222 0.000000 177.991928 0.032222 0.999481 0.000000 1.433341 0.000000 0.000000 1.000000 0.000000
0.999498 -0.031679 0.000000 178.082657 0.031679 0.999498 0.000000 1.431500 0.000000 0.000000 1.000000 0.000000
0.999446 -0.033293 0.000000 178.175568 0.033293 0.999446 0.000000 1.426140 0.000000 0.000000 1.000000 0.000000
0.999482 -0.032191 0.000000 178.233032 0.032191 0.999482 0.000000 1.427843 0.000000 0.000000 1.000000 0.000000
0.999485 -0.032074 0.000000 178.340485 0.032074 0.999485 0.000000 1.472061 0.000000 0.000000 1.000000 0.000000
0.999463 -0.032767 0.000000 178.393372 0.032767 0.999463 0.000000 1.401049 0.000000 0.000000 1.000000 0.000000
0.999381 -0.035186 0.000000 178.454758 0.035186 0.999381 0.000000 1.441988 0.000000 0.000000 1.000000 0.000000
0.999489 -0.031975 0.000000 178.581879 0.031975 0.999489 0.000000 1.453153 0.000000 0.000000 1.000000 0.000000
0.999351 -0.036034 0.000000 178.724197 0.036034 0.999351 0.000000 1.456740 0.000000 0.000000 1.000000 0.000000
0.999411 -0.034305 0.000000 178.872803 0.034305 0.999411 0.000000 1.466531 0.000000 0.000000 1.000000 0.000000
0.999512 -0.031248 0.000000 179.109573 0.031248 0.999512 0.000000 1.456764 0.000000 0.000000 1.000000 0.000000
0.999402 -0.034585 0.000000 179.314285 0.034585 0.999402 0.000000 1.449891 0.000000 0.000000 1.000000 0.000000
0.999405 -0.034492 0.000000 179.623306 0.034492 0.999405 0.000000 1.445981 0.000000 0.000000 1.000000 0.000000
0.999464 -0.032746 0.000000 179.949753 0.032746 0.999464 0.000000 1.446722 0.000000 0.000000 1.000000 0.000000
0.999505 -0.031450 0.000000 180.354340 0.031450 0.999505 0.000000 1.494670 0.000000 0.000000 1.000000 0.000000
0.999509 -0.031346 0.000000 180.857666 0.031346 0.999509 0.000000 1.470372 0.000000 0.000000 1.000000 0.000000
0.999549 -0.030041 0.000000 181.388702 0.030041 0.999549 0.000000 1.481810 0.000000 0.000000 1.000000 0.000000
0.999465 -0.032706 0.000000 181.930710 0.032706 0.999465 0.000000 1.490628 0.000000 0.000000 1.000000 0.000000
0.999605 -0.028110 0.000000 182.642441 0.028110 0.999605 0.000000 1.484105 0.000000 0.000000 1.000000 0.000000
0.999640 -0.026844 0.000000 183.405823 0.026844 0.999640 0.000000 1.497307 0.000000 0.000000 1.000000 0.000000
0.999642 -0.026744 0.000000 184.237488 0.026744 0.999642 0.000000 1.472602 0.000000 0.000000 1.000000 0.000000
0.999715 -0.023855 0.000000 185.210312 0.023855 0.999715 0.000000 1.556562 0.000000 0.000000 1.000000 0.000000
0.999704 -0.024319 0.000000 186.252304 0.024319 0.999704 0.000000 1.493266 0.000000 0.000000 1.000000 0.000000
0.999755 -0.022156 0.000000 187.362061 0.022156 0.999755 0.000000 1.521261 0.000000 0.000000 1.000000 0.000000
0.999798 -0.020104 0.000000 188.717178 0.020104 0.999798 0.000000 1.542012 0.000000 0.000000 1.000000 0.000000
0.999841 -0.017852 0.000000 190.031113 0.017852 0.999841 0.000000 1.514127 0.000000 0.000000 1.000000 0.000000
0.999847 -0.017464 0.000000 191.531113 0.017464 0.999847 0.000000 1.498032 0.000000 0.000000 1.000000 0.000000
0.999812 -0.019372 0.000000 192.802185 0.019372 0.999812 0.000000 1.585238 0.000000 0.000000 1.000000 0.000000
0.999800 -0.020018 0.000000 194.357803 0.020018 0.999800 0.000000 1.560404 0.000000 0.000000 1.000000 0.000000
0.999804 -0.019794 0.000000 196.099167 0.019794 0.999804 0.000000 1.579209 0.000000 0.000000 1.000000 0.000000
0.999824 -0.018780 0.000000 197.582199 0.018780 0.999824 0.000000 1.596980 0.000000 0.000000 1.000000 0.000000
0.999831 -0.018407 0.000000 199.356033 0.018407 0.999831 0.000000 1.624254 0.000000 0.000000 1.000000 0.000000
0.999786 -0.020700 0.000000 201.216461 0.020700 0.999786 0.000000 1.614886 0.000000 0.000000 1.000000 0.000000
0.999769 -0.021488 0.000000 203.016235 0.021488 0.999769 0.000000 1.682769 0.000000 0.000000 1.000000 0.000000
0.999779 -0.021041 0.000000 204.759598 0.021041 0.999779 0.000000 1.718711 0.000000 0.000000 1.000000 0.000000
0.999683 -0.025166 0.000000 206.781052 0.025166 0.999683 0.000000 1.795213 0.000000 0.000000 1.000000 0.000000
0.999676 -0.025450 0.000000 208.742538 0.025450 0.999676 0.000000 1.782249 0.000000 0.000000 1.000000 0.000000
0.999632 -0.027122 0.000000 210.608627 0.027122 0.999632 0.000000 1.797962 0.000000 0.000000 1.000000 0.000000
0.999542 -0.030257 0.000000 212.539597 0.030257 0.999542 0.000000 1.846404 0.000000 0.000000 1.000000 0.000000
0.999349 -0.036077 0.000000 214.524628 0.036077 0.999349 0.000000 1.950728 0.000000 0.000000 1.000000 0.000000
0.999203 -0.039908 0.000000 216.505066 0.039908 0.999203 0.000000 1.976665 0.000000 0.000000 1.000000 0.000000
0.999000 -0.044714 0.000000 218.502167 0.044714 0.999000 0.000000 2.033757 0.000000 0.000000 1.000000 0.000000
0.998683 -0.051301 0.000000 220.538483 0.051301 0.998683 0.000000 2.132805 0.000000 0.000000 1.000000 0.000000
0.998302 -0.058249 0.000000 222.519440 0.058249 0.998302 0.000000 2.175284 0.000000 0.000000 1.000000 0.000000
0.997667 -0.068272 0.000000 224.522751 0.068272 0.997667 0.000000 2.230277 0.000000 0.000000 1.000000 0.000000
0.996918 -0.078446 0.000000 226.561447 0.078446 0.996918 0.000000 2.433683 0.000000 0.000000 1.000000 0.000000
0.995339 -0.096437 0.000000 228.586777 0.096437 0.995339 0.000000 2.636142 0.000000 0.000000 1.000000 0.000000
0.994423 -0.105468 0.000000 230.593201 0.105468 0.994423 0.000000 2.875332 0.000000 0.000000 1.000000 0.000000
0.993813 -0.111065 0.000000 232.491440 0.111065 0.993813 0.000000 3.013466 0.000000 0.000000 1.000000 0.000000
0.992984 -0.118248 0.000000 234.591034 0.118248 0.992984 0.000000 3.336933 0.000000 0.000000 1.000000 0.000000
0.991815 -0.127681 0.000000 236.769913 0.127681 0.991815 0.000000 3.471277 0.000000 0.000000 1.000000 0.000000
0.991530 -0.129875 0.000000 238.838989 0.129875 0.991530 0.000000 3.725092 0.000000 0.000000 1.000000 0.000000
0.991129 -0.132906 0.000000 240.873535 0.132906 0.991129 0.000000 4.004246 0.000000 0.000000 1.000000 0.000000
0.990726 -0.135875 0.000000 243.043869 0.135875 0.990726 0.000000 4.280418 0.000000 0.000000 1.000000 0.000000
0.990352 -0.138575 0.000000 245.229874 0.138575 0.990352 0.000000 4.538663 0.000000 0.000000 1.000000 0.000000
0.990388 -0.138320 0.000000 247.354614 0.138320 0.990388 0.000000 4.761921 0.000000 0.000000 1.000000 0.000000
0.990448 -0.137888 0.000000 249.427277 0.137888 0.990448 0.000000 5.102719 0.000000 0.000000 1.000000 0.000000
0.990146 -0.140039 0.000000 251.416519 0.140039 0.990146 0.000000 5.353297 0.000000 0.000000 1.000000 0.000000
0.990098 -0.140377 0.000000 253.561264 0.140377 0.990098 0.000000 5.647974 0.000000 0.000000 1.000000 0.000000
0.990432 -0.137999 0.000000 255.670258 0.137999 0.990432 0.000000 5.933190 0.000000 0.000000 1.000000 0.000000
0.989892 -0.141820 0.000000 257.876678 0.141820 0.989892 0.000000 6.204443 0.000000 0.000000 1.000000 0.000000
0.989922 -0.141614 0.000000 260.035950 0.141614 0.989922 0.000000 6.450432 0.000000 0.000000 1.000000 0.000000
0.989867 -0.141996 0.000000 262.218018 0.141996 0.989867 0.000000 6.722783 0.000000 0.000000 1.000000 0.000000
0.989574 -0.144023 0.000000 264.406403 0.144023 0.989574 0.000000 6.987027 0.000000 0.000000 1.000000 0.000000
0.989766 -0.142702 0.000000 266.634644 0.142702 0.989766 0.000000 7.303375 0.000000 0.000000 1.000000 0.000000
0.990349 -0.138594 0.000000 268.869110 0.138594 0.990349 0.000000 7.578522 0.000000 0.000000 1.000000 0.000000
0.990639 -0.136509 0.000000 271.068542 0.136509 0.990639 0.000000 7.932759 0.000000 0.000000 1.000000 0.000000
0.990375 -0.138413 0.000000 273.337891 0.138413 0.990375 0.000000 8.260410 0.000000 0.000000 1.000000 0.000000
0.989606 -0.143802 0.000000 275.512512 0.143802 0.989606 0.000000 8.471775 0.000000 0.000000 1.000000 0.000000
0.990384 -0.138346 0.000000 277.981445 0.138346 0.990384 0.000000 8.735803 0.000000 0.000000 1.000000 0.000000
0.990209 -0.139592 0.000000 280.268829 0.139592 0.990209 0.000000 9.087214 0.000000 0.000000 1.000000 0.000000
0.990524 -0.137337 0.000000 282.496094 0.137337 0.990524 0.000000 9.387023 0.000000 0.000000 1.000000 0.000000
0.990513 -0.137417 0.000000 284.791626 0.137417 0.990513 0.000000 9.673079 0.000000 0.000000 1.000000 0.000000
0.990026 -0.140888 0.000000 287.224060 0.140888 0.990026 0.000000 9.928208 0.000000 0.000000 1.000000 0.000000
0.990251 -0.139292 0.000000 289.558228 0.139292 0.990251 0.000000 10.268579 0.000000 0.000000 1.000000 0.000000
0.988548 -0.150904 0.000000 292.167480 0.150904 0.988548 0.000000 10.567220 0.000000 0.000000 1.000000 0.000000
0.988001 -0.154448 0.000000 294.254547 0.154448 0.988001 0.000000 10.832891 0.000000 0.000000 1.000000 0.000000
0.987689 -0.156430 0.000000 296.617126 0.156430 0.987689 0.000000 11.195827 0.000000 0.000000 1.000000 0.000000
0.986884 -0.161434 0.000000 298.926147 0.161434 0.986884 0.000000 11.524011 0.000000 0.000000 1.000000 0.000000
0.987087 -0.160188 0.000000 301.232391 0.160188 0.987087 0.000000 11.804739 0.000000 0.000000 1.000000 0.000000
0.988054 -0.154105 0.000000 303.531708 0.154105 0.988054 0.000000 12.152616 0.000000 0.000000 1.000000 0.000000
0.987987 -0.154534 0.000000 305.742828 0.154534 0.987987 0.000000 12.515452 0.000000 0.000000 1.000000 0.000000
0.988288 -0.152600 0.000000 308.029114 0.152600 0.988288 0.000000 12.801920 0.000000 0.000000 1.000000 0.000000
0.988982 -0.148037 0.000000 310.106964 0.148037 0.988982 0.000000 13.019852 0.000000 0.000000 1.000000 0.000000
0.988534 -0.150998 0.000000 312.270233 0.150998 0.988534 0.000000 13.300889 0.000000 0.000000 1.000000 0.000000
0.989045 -0.147617 0.000000 314.263336 0.147617 0.989045 0.000000 13.699947 0.000000 0.000000 1.000000 0.000000
0.988703 -0.149885 0.000000 315.966797 0.149885 0.988703 0.000000 13.870826 0.000000 0.000000 1.000000 0.000000
0.989935 -0.141524 0.000000 318.017609 0.141524 0.989935 0.000000 14.137561 0.000000 0.000000 1.000000 0.000000
0.989172 -0.146762 0.000000 320.329437 0.146762 0.989172 0.000000 14.430949 0.000000 0.000000 1.000000 0.000000
0.989467 -0.144757 0.000000 322.089417 0.144757 0.989467 0.000000 14.686152 0.000000 0.000000 1.000000 0.000000
0.989665 -0.143397 0.000000 324.079712 0.143397 0.989665 0.000000 14.950693 0.000000 0.000000 1.000000 0.000000
0.990658 -0.136367 0.000000 325.915436 0.136367 0.990658 0.000000 15.126425 0.000000 0.000000 1.000000 0.000000
0.991079 -0.133272 0.000000 327.361542 0.133272 0.991079 0.000000 15.299151 0.000000 0.000000 1.000000 0.000000
0.991038 -0.133582 0.000000 329.103973 0.133582 0.991038 0.000000 15.501432 0.000000 0.000000 1.000000 0.000000
0.991306 -0.131576 0.000000 330.884064 0.131576 0.991306 0.000000 15.682153 0.000000 0.000000 1.000000 0.000000
0.991331 -0.131385 0.000000 332.564087 0.131385 0.991331 0.000000 15.893909 0.000000 0.000000 1.000000 0.000000
0.991752 -0.128168 0.000000 334.082611 0.128168 0.991752 0.000000 16.084366 0.000000 0.000000 1.000000 0.000000
0.992333 -0.123596 0.000000 335.654938 0.123596 0.992333 0.000000 16.276175 0.000000 0.000000 1.000000 0.000000
0.992681 -0.120769 0.000000 337.053406 0.120769 0.992681 0.000000 16.412573 0.000000 0.000000 1.000000 0.000000
0.993388 -0.114806 0.000000 338.441833 0.114806 0.993388 0.000000 16.547550 0.000000 0.000000 1.000000 0.000000
0.994338 -0.106265 0.000000 339.842407 0.106265 0.994338 0.000000 16.620907 0.000000 0.000000 1.000000 0.000000
0.994568 -0.104086 0.000000 341.167633 0.104086 0.994568 0.000000 16.783213 0.000000 0.000000 1.000000 0.000000
0.994542 -0.104333 0.000000 342.396210 0.104333 0.994542 0.000000 16.947199 0.000000 0.000000 1.000000 0.000000
0.994688 -0.102933 0.000000 343.635193 0.102933 0.994688 0.000000 17.047123 0.000000 0.000000 1.000000 0.000000
0.994819 -0.101658 0.000000 344.698486 0.101658 0.994819 0.000000 17.123123 0.000000 0.000000 1.000000 0.000000
0.995627 -0.093414 0.000000 345.880402 0.093414 0.995627 0.000000 17.208767 0.000000 0.000000 1.000000 0.000000
0.995651 -0.093166 0.000000 346.953583 0.093166 0.995651 0.000000 17.295988 0.000000 0.000000 1.000000 0.000000
0.995743 -0.092172 0.000000 347.995026 0.092172 0.995743 0.000000 17.370134 0.000000 0.000000 1.000000 0.000000
0.996164 -0.087509 0.000000 348.840698 0.087509 0.996164 0.000000 17.439625 0.000000 0.000000 1.000000 0.000000
0.996541 -0.083104 0.000000 349.531311 0.083104 0.996541 0.000000 17.492146 0.000000 0.000000 1.000000 0.000000
0.997678 -0.068112 0.000000 350.264099 0.068112 0.997678 0.000000 17.519556 0.000000 0.000000 1.000000 0.000000
0.998090 -0.061785 0.000000 351.083893 0.061785 0.998090 0.000000 17.646715 0.000000 0.000000 1.000000 0.000000
0.998765 -0.049674 0.000000 351.770996 0.049674 0.998765 0.000000 17.663168 0.000000 0.000000 1.000000 0.000000
0.999093 -0.042579 0.000000 352.553986 0.042579 0.999093 0.000000 17.692339 0.000000 0.000000 1.000000 0.000000
0.999457 -0.032965 0.000000 353.133087 0.032965 0.999457 0.000000 17.676954 0.000000 0.000000 1.000000 0.000000
0.999656 -0.026213 0.000000 353.699036 0.026213 0.999656 0.000000 17.662127 0.000000 0.000000 1.000000 0.000000
0.999717 -0.023777 0.000000 354.178986 0.023777 0.999717 0.000000 17.631817 0.000000 0.000000 1.000000 0.000000
0.999776 -0.021171 0.000000 354.572693 0.021171 0.999776 0.000000 17.578674 0.000000 0.000000 1.000000 0.000000
0.999867 -0.016290 0.000000 354.882721 0.016290 0.999867 0.000000 17.596497 0.000000 0.000000 1.000000 0.000000
0.999835 -0.018181 0.000000 355.098572 0.018181 0.999835 0.000000 17.621504 0.000000 0.000000 1.000000 0.000000
0.999849 -0.017387 0.000000 355.230927 0.017387 0.999849 0.000000 17.580265 0.000000 0.000000 1.000000 0.000000
0.999837 -0.018047 0.000000 355.370483 0.018047 0.999837 0.000000 17.600395 0.000000 0.000000 1.000000 0.000000
0.999863 -0.016548 0.000000 355.487000 0.016548 0.999863 0.000000 17.596937 0.000000 0.000000 1.000000 0.000000
0.999833 -0.018269 0.000000 355.575623 0.018269 0.999833 0.000000 17.595226 0.000000 0.000000 1.000000 0.000000
0.999897 -0.014333 0.000000 355.744415 0.014333 0.999897 0.000000 17.620031 0.000000 0.000000 1.000000 0.000000
0.999900 -0.014176 0.000000 355.896515 0.014176 0.999900 0.000000 17.578384 0.000000 0.000000 1.000000 0.000000
0.999958 -0.009198 0.000000 356.126587 0.009198 0.999958 0.000000 17.565105 0.000000 0.000000 1.000000 0.000000
0.999967 -0.008155 0.000000 356.400024 0.008155 0.999967 0.000000 17.554251 0.000000 0.000000 1.000000 0.000000
0.999999 0.001503 0.000000 356.716583 -0.001503 0.999999 -0.000000 17.480200 -0.000000 0.000000 1.000000 0.000000
0.999990 0.004468 0.000000 357.095245 -0.004468 0.999990 -0.000000 17.520054 -0.000000 0.000000 1.000000 0.000000
0.999868 0.016246 0.000000 357.643158 -0.016246 0.999868 -0.000000 17.520107 -0.000000 0.000000 1.000000 0.000000
0.999657 0.026195 0.000000 358.148743 -0.026195 0.999657 -0.000000 17.472363 -0.000000 0.000000 1.000000 0.000000
0.999489 0.031951 0.000000 358.609894 -0.031951 0.999489 -0.000000 17.428112 -0.000000 0.000000 1.000000 0.000000
0.999254 0.038631 0.000000 359.099579 -0.038631 0.999254 -0.000000 17.370615 -0.000000 0.000000 1.000000 0.000000
0.999018 0.044314 0.000000 359.734192 -0.044314 0.999018 -0.000000 17.326660 -0.000000 0.000000 1.000000 0.000000
0.999056 0.043445 0.000000 360.398499 -0.043445 0.999056 -0.000000 17.258663 -0.000000 0.000000 1.000000 0.000000
0.998713 0.050722 0.000000 361.253571 -0.050722 0.998713 -0.000000 17.258410 -0.000000 0.000000 1.000000 0.000000
0.998713 0.050710 0.000000 361.910980 -0.050710 0.998713 -0.000000 17.189764 -0.000000 0.000000 1.000000 0.000000
0.998684 0.051279 0.000000 362.859253 -0.051279 0.998684 -0.000000 17.150404 -0.000000 0.000000 1.000000 0.000000
0.998584 0.053191 0.000000 363.871460 -0.053191 0.998584 -0.000000 17.009893 -0.000000 0.000000 1.000000 0.000000
0.998631 0.052307 0.000000 364.854279 -0.052307 0.998631 -0.000000 16.976982 -0.000000 0.000000 1.000000 0.000000
0.998781 0.049365 0.000000 366.013916 -0.049365 0.998781 -0.000000 16.908154 -0.000000 0.000000 1.000000 0.000000
0.998464 0.055398 0.000000 367.300293 -0.055398 0.998464 -0.000000 16.775417 -0.000000 0.000000 1.000000 0.000000
0.998832 0.048325 0.000000 368.466614 -0.048325 0.998832 -0.000000 16.844416 -0.000000 0.000000 1.000000 0.000000
0.998975 0.045268 0.000000 369.840942 -0.045268 0.998975 -0.000000 16.695494 -0.000000 0.000000 1.000000 0.000000
0.999073 0.043054 0.000000 371.119751 -0.043054 0.999073 -0.000000 16.671015 -0.000000 0.000000 1.000000 0.000000
0.999077 0.042948 0.000000 372.665222 -0.042948 0.999077 -0.000000 16.603462 -0.000000 0.000000 1.000000 0.000000
0.999339 0.036345 0.000000 374.184570 -0.036345 0.999339 -0.000000 16.493177 -0.000000 0.000000 1.000000 0.000000
0.999221 0.039452 0.000000 375.949921 -0.039452 0.999221 -0.000000 16.416672 -0.000000 0.000000 1.000000 0.000000
0.999058 0.043392 0.000000 377.678772 -0.043392 0.999058 -0.000000 16.256573 -0.000000 0.000000 1.000000 0.000000
0.999104 0.042320 0.000000 379.313507 -0.042320 0.999104 -0.000000 16.133978 -0.000000 0.000000 1.000000 0.000000
0.999227 0.039324 0.000000 380.973297 -0.039324 0.999227 -0.000000 16.176308 -0.000000 0.000000 1.000000 0.000000
0.999003 0.044653 0.000000 382.867676 -0.044653 0.999003 -0.000000 16.033894 -0.000000 0.000000 1.000000 0.000000
0.998891 0.047085 0.000000 384.801483 -0.047085 0.998891 -0.000000 16.061480 -0.000000 0.000000 1.000000 0.000000
0.999124 0.041841 0.000000 386.574066 -0.041841 0.999124 -0.000000 15.910757 -0.000000 0.000000 1.000000 0.000000
0.999273 0.038126 0.000000 388.415405 -0.038126 0.999273 -0.000000 15.724138 -0.000000 0.000000 1.000000 0.000000
0.999404 0.034520 0.000000 390.357849 -0.034520 0.999404 -0.000000 15.626318 -0.000000 0.000000 1.000000 0.000000
0.999367 0.035586 0.000000 392.228638 -0.035586 0.999367 -0.000000 15.600505 -0.000000 0.000000 1.000000 0.000000
0.999534 0.030509 0.000000 394.321442 -0.030509 0.999534 -0.000000 15.503519 -0.000000 0.000000 1.000000 0.000000
0.999496 0.031760 0.000000 396.227020 -0.031760 0.999496 -0.000000 15.433358 -0.000000 0.000000 1.000000 0.000000
0.999473 0.032474 0.000000 398.167297 -0.032474 0.999473 -0.000000 15.265918 -0.000000 0.000000 1.000000 0.000000
0.999548 0.030051 0.000000 399.979706 -0.030051 0.999548 -0.000000 15.245798 -0.000000 0.000000 1.000000 0.000000
0.999618 0.027633 0.000000 401.878754 -0.027633 0.999618 -0.000000 15.117555 -0.000000 0.000000 1.000000 0.000000
0.999652 0.026366 0.000000 403.700470 -0.026366 0.999652 -0.000000 15.031490 -0.000000 0.000000 1.000000 0.000000
0.999793 0.020343 0.000000 405.568634 -0.020343 0.999793 -0.000000 15.039017 -0.000000 0.000000 1.000000 0.000000
0.999860 0.016716 0.000000 407.366028 -0.016716 0.999860 -0.000000 15.027902 -0.000000 0.000000 1.000000 0.000000
0.999869 0.016213 0.000000 408.970276 -0.016213 0.999869 -0.000000 15.010377 -0.000000 0.000000 1.000000 0.000000
0.999885 0.015191 0.000000 410.772034 -0.015191 0.999885 -0.000000 14.944836 -0.000000 0.000000 1.000000 0.000000
0.999934 0.011526 0.000000 412.409454 -0.011526 0.999934 -0.000000 14.900534 -0.000000 0.000000 1.000000 0.000000
0.999976 0.006898 0.000000 414.160339 -0.006898 0.999976 -0.000000 14.867018 -0.000000 0.000000 1.000000 0.000000
0.999969 0.007822 0.000000 415.874603 -0.007822 0.999969 -0.000000 14.843248 -0.000000 0.000000 1.000000 0.000000
0.999983 0.005787 0.000000 417.475769 -0.005787 0.999983 -0.000000 14.759812 -0.000000 0.000000 1.000000 0.000000
0.999989 0.004625 0.000000 419.155975 -0.004625 0.999989 -0.000000 14.734058 -0.000000 0.000000 1.000000 0.000000
0.999999 0.001570 0.000000 420.808746 -0.001570 0.999999 -0.000000 14.646549 -0.000000 0.000000 1.000000 0.000000
