1.000000 0.000004 0.000000 0.001138 -0.000004 1.000000 -0.000000 0.000205 -0.000000 0.000000 1.000000 0.000000
1.000000 -0.000042 0.000000 0.001920 0.000042 1.000000 0.000000 -0.001979 0.000000 0.000000 1.000000 0.000000
1.000000 -0.000044 0.000000 0.000172 0.000044 1.000000 0.000000 0.000826 0.000000 0.000000 1.000000 0.000000
1.000000 -0.000141 0.000000 0.001955 0.000141 1.000000 0.000000 0.003314 0.000000 0.000000 1.000000 0.000000
1.000000 -0.000018 0.000000 -0.003158 0.000018 1.000000 0.000000 -0.004245 0.000000 0.000000 1.000000 0.000000
1.000000 0.000038 0.000000 0.004193 -0.000038 1.000000 -0.000000 0.000752 -0.000000 0.000000 1.000000 0.000000
1.000000 -0.000055 0.000000 0.005583 0.000055 1.000000 0.000000 -0.001719 0.000000 0.000000 1.000000 0.000000
1.000000 0.000033 0.000000 0.002003 -0.000033 1.000000 -0.000000 -0.000874 -0.000000 0.000000 1.000000 0.000000
1.000000 0.000028 0.000000 0.002289 -0.000028 1.000000 -0.000000 -0.001445 -0.000000 0.000000 1.000000 0.000000
1.000000 0.000013 0.000000 0.000119 -0.000013 1.000000 -0.000000 -0.001066 -0.000000 0.000000 1.000000 0.000000
1.000000 -0.000001 0.000000 -0.002377 0.000001 1.000000 0.000000 -0.005430 0.000000 0.000000 1.000000 0.000000
1.000000 -0.000134 0.000000 -0.002029 0.000134 1.000000 0.000000 -0.004305 0.000000 0.000000 1.000000 0.000000
1.000000 0.000047 0.000000 0.002228 -0.000047 1.000000 -0.000000 -0.002633 -0.000000 0.000000 1.000000 0.000000
1.000000 -0.000581 0.000000 -0.002342 0.000581 1.000000 0.000000 0.000088 0.000000 0.000000 1.000000 0.000000
1.000000 0.000038 0.000000 -0.003449 -0.000038 1.000000 -0.000000 -0.003436 -0.000000 0.000000 1.000000 0.000000
1.000000 0.000042 0.000000 0.002543 -0.000042 1.000000 -0.000000 -0.002691 -0.000000 0.000000 1.000000 0.000000
1.000000 0.000045 0.000000 0.000782 -0.000045 1.000000 -0.000000 -0.002209 -0.000000 0.000000 1.000000 0.000000
1.000000 0.000072 0.000000 -0.000302 -0.000072 1.000000 -0.000000 -0.000638 -0.000000 0.000000 1.000000 0.000000
1.000000 0.000118 0.000000 -0.009043 -0.000118 1.000000 -0.000000 -0.007052 -0.000000 0.000000 1.000000 0.000000
1.000000 0.000115 0.000000 -0.013236 -0.000115 1.000000 -0.000000 -0.010659 -0.000000 0.000000 1.000000 0.000000
1.000000 0.000039 0.000000 -0.002451 -0.000039 1.000000 -0.000000 -0.001620 -0.000000 0.000000 1.000000 0.000000
1.000000 0.000061 0.000000 0.000531 -0.000061 1.000000 -0.000000 -0.002030 -0.000000 0.000000 1.000000 0.000000
1.000000 0.000066 0.000000 -0.002483 -0.000066 1.000000 -0.000000 -0.000842 -0.000000 0.000000 1.000000 0.000000
1.000000 -0.000251 0.000000 -0.005506 0.000251 1.000000 0.000000 0.000780 0.000000 0.000000 1.000000 0.000000
1.000000 0.000142 0.000000 -0.004833 -0.000142 1.000000 -0.000000 0.001985 -0.000000 0.000000 1.000000 0.000000
1.000000 0.000056 0.000000 0.001947 -0.000056 1.000000 -0.000000 -0.003107 -0.000000 0.000000 1.000000 0.000000
1.000000 0.000039 0.000000 -0.002213 -0.000039 1.000000 -0.000000 -0.003690 -0.000000 0.000000 1.000000 0.000000
1.000000 0.000035 0.000000 -0.000677 -0.000035 1.000000 -0.000000 -0.003584 -0.000000 0.000000 1.000000 0.000000
1.000000 0.000032 0.000000 -0.000635 -0.000032 1.000000 -0.000000 -0.004359 -0.000000 0.000000 1.000000 0.000000
1.000000 0.000005 0.000000 -0.000116 -0.000005 1.000000 -0.000000 -0.002375 -0.000000 0.000000 1.000000 0.000000
1.000000 0.000055 0.000000 0.000661 -0.000055 1.000000 -0.000000 -0.005048 -0.000000 0.000000 1.000000 0.000000
1.000000 0.000025 0.000000 -0.001187 -0.000025 1.000000 -0.000000 -0.003632 -0.000000 0.000000 1.000000 0.000000
1.000000 -0.000032 0.000000 -0.000442 0.000032 1.000000 0.000000 -0.001315 0.000000 0.000000 1.000000 0.000000
1.000000 0.000016 0.000000 -0.000637 -0.000016 1.000000 -0.000000 -0.006171 -0.000000 0.000000 1.000000 0.000000
1.000000 0.000016 0.000000 -0.000349 -0.000016 1.000000 -0.000000 0.000591 -0.000000 0.000000 1.000000 0.000000
1.000000 0.000080 0.000000 -0.007726 -0.000080 1.000000 -0.000000 -0.002201 -0.000000 0.000000 1.000000 0.000000
1.000000 0.000022 0.000000 -0.003238 -0.000022 1.000000 -0.000000 0.002078 -0.000000 0.000000 1.000000 0.000000
1.000000 0.000018 0.000000 -0.002755 -0.000018 1.000000 -0.000000 -0.000127 -0.000000 0.000000 1.000000 0.000000
1.000000 0.000035 0.000000 -0.000763 -0.000035 1.000000 -0.000000 -0.000423 -0.000000 0.000000 1.000000 0.000000
1.000000 0.000016 0.000000 0.001311 -0.000016 1.000000 -0.000000 -0.000658 -0.000000 0.000000 1.000000 0.000000
1.000000 0.000035 0.000000 -0.001489 -0.000035 1.000000 -0.000000 -0.000330 -0.000000 0.000000 1.000000 0.000000
1.000000 -0.000032 0.000000 -0.001013 0.000032 1.000000 0.000000 0.002134 0.000000 0.000000 1.000000 0.000000
1.000000 0.000011 0.000000 -0.001999 -0.000011 1.000000 -0.000000 -0.002691 -0.000000 0.000000 1.000000 0.000000
1.000000 0.000094 0.000000 0.002411 -0.000094 1.000000 -0.000000 -0.003188 -0.000000 0.000000 1.000000 0.000000
1.000000 0.000071 0.000000 0.000542 -0.000071 1.000000 -0.000000 -0.003504 -0.000000 0.000000 1.000000 0.000000
1.000000 0.000126 0.000000 0.001981 -0.000126 1.000000 -0.000000 -0.005574 -0.000000 0.000000 1.000000 0.000000
1.000000 0.000097 0.000000 0.002875 -0.000097 1.000000 -0.000000 -0.003394 -0.000000 0.000000 1.000000 0.000000
1.000000 0.000102 0.000000 0.002531 -0.000102 1.000000 -0.000000 -0.002652 -0.000000 0.000000 1.000000 0.000000
1.000000 -0.000016 0.000000 -0.001027 0.000016 1.000000 0.000000 -0.008392 0.000000 0.000000 1.000000 0.000000
1.000000 0.000013 0.000000 0.002002 -0.000013 1.000000 -0.000000 0.000564 -0.000000 0.000000 1.000000 0.000000
1.000000 0.000119 0.000000 0.005458 -0.000119 1.000000 -0.000000 -0.003044 -0.000000 0.000000 1.000000 0.000000
1.000000 0.000038 0.000000 -0.001787 -0.000038 1.000000 -0.000000 -0.005778 -0.000000 0.000000 1.000000 0.000000
1.000000 0.000075 0.000000 0.005896 -0.000075 1.000000 -0.000000 -0.002097 -0.000000 0.000000 1.000000 0.000000
1.000000 0.000076 0.000000 0.005002 -0.000076 1.000000 -0.000000 -0.000254 -0.000000 0.000000 1.000000 0.000000
1.000000 0.000067 0.000000 0.005266 -0.000067 1.000000 -0.000000 -0.002350 -0.000000 0.000000 1.000000 0.000000
1.000000 0.000052 0.000000 0.005676 -0.000052 1.000000 -0.000000 -0.001611 -0.000000 0.000000 1.000000 0.000000
1.000000 0.000105 0.000000 0.008489 -0.000105 1.000000 -0.000000 -0.001560 -0.000000 0.000000 1.000000 0.000000
1.000000 0.000047 0.000000 0.004048 -0.000047 1.000000 -0.000000 -0.004546 -0.000000 0.000000 1.000000 0.000000
1.000000 0.000057 0.000000 0.005992 -0.000057 1.000000 -0.000000 -0.003297 -0.000000 0.000000 1.000000 0.000000
1.000000 0.000047 0.000000 0.005659 -0.000047 1.000000 -0.000000 -0.005350 -0.000000 0.000000 1.000000 0.000000
1.000000 0.000197 0.000000 0.010331 -0.000197 1.000000 -0.000000 -0.005979 -0.000000 0.000000 1.000000 0.000000
1.000000 0.000016 0.000000 0.003572 -0.000016 1.000000 -0.000000 -0.010562 -0.000000 0.000000 1.000000 0.000000
1.000000 -0.000024 0.000000 0.002167 0.000024 1.000000 0.000000 -0.013143 0.000000 0.000000 1.000000 0.000000
1.000000 0.000006 0.000000 0.002302 -0.000006 1.000000 -0.000000 -0.011389 -0.000000 0.000000 1.000000 0.000000
1.000000 -0.000033 0.000000 -0.000157 0.000033 1.000000 0.000000 -0.014760 0.000000 0.000000 1.000000 0.000000
1.000000 0.000007 0.000000 0.005089 -0.000007 1.000000 -0.000000 -0.007873 -0.000000 0.000000 1.000000 0.000000
1.000000 0.000575 0.000000 0.001393 -0.000575 1.000000 -0.000000 -0.017980 -0.000000 0.000000 1.000000 0.000000
1.000000 0.000044 0.000000 0.007109 -0.000044 1.000000 -0.000000 -0.009531 -0.000000 0.000000 1.000000 0.000000
1.000000 -0.000032 0.000000 0.002497 0.000032 1.000000 0.000000 -0.018180 0.000000 0.000000 1.000000 0.000000
1.000000 -0.000011 0.000000 0.004460 0.000011 1.000000 0.000000 -0.011110 0.000000 0.000000 1.000000 0.000000
1.000000 -0.000020 0.000000 0.004844 0.000020 1.000000 0.000000 -0.009120 0.000000 0.000000 1.000000 0.000000
1.000000 -0.000021 0.000000 0.003916 0.000021 1.000000 0.000000 -0.009890 0.000000 0.000000 1.000000 0.000000
1.000000 -0.000021 0.000000 0.007411 0.000021 1.000000 0.000000 -0.010151 0.000000 0.000000 1.000000 0.000000
1.000000 -0.000085 0.000000 0.003462 0.000085 1.000000 0.000000 -0.007779 0.000000 0.000000 1.000000 0.000000
1.000000 -0.000010 0.000000 0.005960 0.000010 1.000000 0.000000 -0.008808 0.000000 0.000000 1.000000 0.000000
1.000000 -0.000023 0.000000 0.007922 0.000023 1.000000 0.000000 -0.006252 0.000000 0.000000 1.000000 0.000000
1.000000 -0.000019 0.000000 0.006978 0.000019 1.000000 0.000000 -0.006738 0.000000 0.000000 1.000000 0.000000
1.000000 -0.000039 0.000000 0.006660 0.000039 1.000000 0.000000 -0.004888 0.000000 0.000000 1.000000 0.000000
1.000000 -0.000053 0.000000 0.006024 0.000053 1.000000 0.000000 -0.008072 0.000000 0.000000 1.000000 0.000000
1.000000 0.000042 0.000000 0.008608 -0.000042 1.000000 -0.000000 -0.006615 -0.000000 0.000000 1.000000 0.000000
1.000000 0.000025 0.000000 0.008724 -0.000025 1.000000 -0.000000 -0.003830 -0.000000 0.000000 1.000000 0.000000
1.000000 -0.000105 0.000000 0.004266 0.000105 1.000000 0.000000 -0.004287 0.000000 0.000000 1.000000 0.000000
1.000000 0.000073 0.000000 0.009610 -0.000073 1.000000 -0.000000 -0.005908 -0.000000 0.000000 1.000000 0.000000
1.000000 0.000028 0.000000 0.009637 -0.000028 1.000000 -0.000000 -0.005572 -0.000000 0.000000 1.000000 0.000000
1.000000 0.000063 0.000000 0.008755 -0.000063 1.000000 -0.000000 -0.007141 -0.000000 0.000000 1.000000 0.000000
1.000000 0.000059 0.000000 0.004932 -0.000059 1.000000 -0.000000 -0.007079 -0.000000 0.000000 1.000000 0.000000
1.000000 -0.000214 0.000000 0.002720 0.000214 1.000000 0.000000 0.000294 0.000000 0.000000 1.000000 0.000000
1.000000 0.000081 0.000000 0.010714 -0.000081 1.000000 -0.000000 -0.005493 -0.000000 0.000000 1.000000 0.000000
1.000000 -0.000176 0.000000 0.004748 0.000176 1.000000 0.000000 -0.007568 0.000000 0.000000 1.000000 0.000000
1.000000 -0.000204 0.000000 -0.001065 0.000204 1.000000 0.000000 -0.006818 0.000000 0.000000 1.000000 0.000000
1.000000 -0.000194 0.000000 0.003776 0.000194 1.000000 0.000000 -0.008823 0.000000 0.000000 1.000000 0.000000
1.000000 -0.000178 0.000000 0.000279 0.000178 1.000000 0.000000 -0.007536 0.000000 0.000000 1.000000 0.000000
1.000000 -0.000165 0.000000 0.005903 0.000165 1.000000 0.000000 -0.007172 0.000000 0.000000 1.000000 0.000000
1.000000 -0.000156 0.000000 0.004493 0.000156 1.000000 0.000000 -0.006812 0.000000 0.000000 1.000000 0.000000
1.000000 -0.000155 0.000000 0.003417 0.000155 1.000000 0.000000 -0.006618 0.000000 0.000000 1.000000 0.000000
1.000000 -0.000120 0.000000 0.002909 0.000120 1.000000 0.000000 -0.005654 0.000000 0.000000 1.000000 0.000000
1.000000 -0.000109 0.000000 0.003488 0.000109 1.000000 0.000000 -0.004499 0.000000 0.000000 1.000000 0.000000
1.000000 -0.000086 0.000000 0.001398 0.000086 1.000000 0.000000 -0.003106 0.000000 0.000000 1.000000 0.000000
1.000000 -0.000041 0.000000 -0.005880 0.000041 1.000000 0.000000 -0.001412 0.000000 0.000000 1.000000 0.000000
1.000000 -0.000001 0.000000 -0.006315 0.000001 1.000000 0.000000 -0.002829 0.000000 0.000000 1.000000 0.000000
1.000000 -0.000046 0.000000 -0.003980 0.000046 1.000000 0.000000 -0.000389 0.000000 0.000000 1.000000 0.000000
1.000000 -0.000113 0.000000 -0.001877 0.000113 1.000000 0.000000 -0.000878 0.000000 0.000000 1.000000 0.000000
1.000000 -0.000141 0.000000 -0.000207 0.000141 1.000000 0.000000 -0.005811 0.000000 0.000000 1.000000 0.000000
1.000000 -0.000335 0.000000 -0.003412 0.000335 1.000000 0.000000 -0.000487 0.000000 0.000000 1.000000 0.000000
1.000000 -0.000055 0.000000 -0.006927 0.000055 1.000000 0.000000 0.000772 0.000000 0.000000 1.000000 0.000000
1.000000 -0.000056 0.000000 0.000976 0.000056 1.000000 0.000000 -0.003409 0.000000 0.000000 1.000000 0.000000
1.000000 -0.000034 0.000000 0.001675 0.000034 1.000000 0.000000 -0.002022 0.000000 0.000000 1.000000 0.000000
1.000000 -0.000240 0.000000 -0.006854 0.000240 1.000000 0.000000 0.003369 0.000000 0.000000 1.000000 0.000000
1.000000 0.000001 0.000000 0.000288 -0.000001 1.000000 -0.000000 -0.000179 -0.000000 0.000000 1.000000 0.000000
1.000000 -0.000062 0.000000 -0.004883 0.000062 1.000000 0.000000 0.005995 0.000000 0.000000 1.000000 0.000000
1.000000 -0.000176 0.000000 -0.004107 0.000176 1.000000 0.000000 -0.004923 0.000000 0.000000 1.000000 0.000000
1.000000 -0.000078 0.000000 -0.006488 0.000078 1.000000 0.000000 -0.003881 0.000000 0.000000 1.000000 0.000000
1.000000 -0.000260 0.000000 -0.010660 0.000260 1.000000 0.000000 0.004886 0.000000 0.000000 1.000000 0.000000
1.000000 -0.000069 0.000000 -0.008138 0.000069 1.000000 0.000000 -0.001134 0.000000 0.000000 1.000000 0.000000
1.000000 -0.000077 0.000000 -0.005831 0.000077 1.000000 0.000000 -0.003556 0.000000 0.000000 1.000000 0.000000
1.000000 -0.000077 0.000000 -0.013715 0.000077 1.000000 0.000000 -0.003065 0.000000 0.000000 1.000000 0.000000
1.000000 -0.000113 0.000000 -0.016976 0.000113 1.000000 0.000000 -0.003942 0.000000 0.000000 1.000000 0.000000
1.000000 -0.000113 0.000000 -0.016739 0.000113 1.000000 0.000000 -0.002905 0.000000 0.000000 1.000000 0.000000
1.000000 -0.000131 0.000000 -0.024382 0.000131 1.000000 0.000000 -0.007053 0.000000 0.000000 1.000000 0.000000
1.000000 -0.000318 0.000000 -0.015589 0.000318 1.000000 0.000000 0.001653 0.000000 0.000000 1.000000 0.000000
1.000000 -0.000160 0.000000 -0.015839 0.000160 1.000000 0.000000 -0.004779 0.000000 0.000000 1.000000 0.000000
1.000000 -0.000151 0.000000 -0.016031 0.000151 1.000000 0.000000 -0.007413 0.000000 0.000000 1.000000 0.000000
1.000000 -0.000125 0.000000 -0.013284 0.000125 1.000000 0.000000 -0.011375 0.000000 0.000000 1.000000 0.000000
0.999997 -0.002541 0.000000 0.047854 0.002541 0.999997 0.000000 0.000609 0.000000 0.000000 1.000000 0.000000
0.998934 -0.046170 0.000000 0.394944 0.046170 0.998934 0.000000 0.051618 0.000000 0.000000 1.000000 0.000000
0.997605 -0.069172 0.000000 0.561039 0.069172 0.997605 0.000000 0.089020 0.000000 0.000000 1.000000 0.000000
0.990963 -0.134137 0.000000 1.034336 0.134137 0.990963 0.000000 0.176892 0.000000 0.000000 1.000000 0.000000
0.977690 -0.210053 0.000000 1.769142 0.210053 0.977690 0.000000 0.434143 0.000000 0.000000 1.000000 0.000000
0.962547 -0.271113 0.000000 2.619896 0.271113 0.962547 0.000000 0.708605 0.000000 0.000000 1.000000 0.000000
0.955067 -0.296389 0.000000 3.924737 0.296389 0.955067 0.000000 0.998619 0.000000 0.000000 1.000000 0.000000
0.962490 -0.271316 0.000000 5.384356 0.271316 0.962490 0.000000 1.435538 0.000000 0.000000 1.000000 0.000000
0.976231 -0.216732 0.000000 7.376971 0.216732 0.976231 0.000000 1.689387 0.000000 0.000000 1.000000 0.000000
0.985792 -0.167969 0.000000 9.513642 0.167969 0.985792 0.000000 2.040460 0.000000 0.000000 1.000000 0.000000
0.995196 -0.097903 0.000000 14.681763 0.097903 0.995196 0.000000 2.598207 0.000000 0.000000 1.000000 0.000000
0.995914 -0.090307 0.000000 16.140354 0.090307 0.995914 0.000000 2.703091 0.000000 0.000000 1.000000 0.000000
0.997767 -0.066788 0.000000 19.257605 0.066788 0.997767 0.000000 2.917161 0.000000 0.000000 1.000000 0.000000
0.998306 -0.058181 0.000000 22.378672 0.058181 0.998306 0.000000 2.992422 0.000000 0.000000 1.000000 0.000000
0.998889 -0.047121 0.000000 25.749062 0.047121 0.998889 0.000000 3.148589 0.000000 0.000000 1.000000 0.000000
0.999000 -0.044718 0.000000 29.160585 0.044718 0.999000 0.000000 3.328792 0.000000 0.000000 1.000000 0.000000
0.998437 -0.055880 0.000000 32.737083 0.055880 0.998437 0.000000 3.392518 0.000000 0.000000 1.000000 0.000000
0.998112 -0.061426 0.000000 36.256035 0.061426 0.998112 0.000000 3.653642 0.000000 0.000000 1.000000 0.000000
0.998009 -0.063064 0.000000 40.001906 0.063064 0.998009 0.000000 3.794826 0.000000 0.000000 1.000000 0.000000
0.997483 -0.070909 0.000000 47.664672 0.070909 0.997483 0.000000 4.265591 0.000000 0.000000 1.000000 0.000000
0.997141 -0.075564 0.000000 49.622981 0.075564 0.997141 0.000000 4.410619 0.000000 0.000000 1.000000 0.000000
0.996964 -0.077869 0.000000 53.529189 0.077869 0.996964 0.000000 4.598753 0.000000 0.000000 1.000000 0.000000
0.997551 -0.069948 0.000000 57.613625 0.069948 0.997551 0.000000 4.861608 0.000000 0.000000 1.000000 0.000000
0.997932 -0.064278 0.000000 61.522466 0.064278 0.997932 0.000000 5.063411 0.000000 0.000000 1.000000 0.000000
0.998010 -0.063062 0.000000 65.747899 0.063062 0.998010 0.000000 5.284209 0.000000 0.000000 1.000000 0.000000
0.999016 -0.044361 0.000000 69.734618 0.044361 0.999016 0.000000 5.445859 0.000000 0.000000 1.000000 0.000000
0.999426 -0.033869 0.000000 73.820028 0.033869 0.999426 0.000000 5.553433 0.000000 0.000000 1.000000 0.000000
0.999718 -0.023751 0.000000 77.967938 0.023751 0.999718 0.000000 5.491223 0.000000 0.000000 1.000000 0.000000
0.999836 -0.018096 0.000000 86.308060 0.018096 0.999836 0.000000 5.550384 0.000000 0.000000 1.000000 0.000000
0.999770 -0.021448 0.000000 88.442178 0.021448 0.999770 0.000000 5.573250 0.000000 0.000000 1.000000 0.000000
0.999518 -0.031049 0.000000 92.519857 0.031049 0.999518 0.000000 5.599101 0.000000 0.000000 1.000000 0.000000
0.998792 -0.049142 0.000000 96.696793 0.049142 0.998792 0.000000 5.691905 0.000000 0.000000 1.000000 0.000000
0.998236 -0.059374 0.000000 100.697749 0.059374 0.998236 0.000000 5.889237 0.000000 0.000000 1.000000 0.000000
0.997250 -0.074117 0.000000 104.837704 0.074117 0.997250 0.000000 6.084001 0.000000 0.000000 1.000000 0.000000
0.996346 -0.085407 0.000000 108.962051 0.085407 0.996346 0.000000 6.324347 0.000000 0.000000 1.000000 0.000000
0.995429 -0.095506 0.000000 112.917330 0.095506 0.995429 0.000000 6.624881 0.000000 0.000000 1.000000 0.000000
0.995147 -0.098404 0.000000 117.060701 0.098404 0.995147 0.000000 6.950067 0.000000 0.000000 1.000000 0.000000
0.994048 -0.108943 0.000000 125.039945 0.108943 0.994048 0.000000 7.779792 0.000000 0.000000 1.000000 0.000000
0.993784 -0.111321 0.000000 127.053754 0.111321 0.993784 0.000000 8.007278 0.000000 0.000000 1.000000 0.000000
0.994706 -0.102762 0.000000 131.181021 0.102762 0.994706 0.000000 8.242414 0.000000 0.000000 1.000000 0.000000
0.995096 -0.098916 0.000000 135.267367 0.098916 0.995096 0.000000 8.737907 0.000000 0.000000 1.000000 0.000000
0.996384 -0.084962 0.000000 139.398747 0.084962 0.996384 0.000000 8.905998 0.000000 0.000000 1.000000 0.000000
0.995467 -0.095110 0.000000 143.636537 0.095110 0.995467 0.000000 9.356907 0.000000 0.000000 1.000000 0.000000
0.995692 -0.092717 0.000000 147.837972 0.092717 0.995692 0.000000 9.495676 0.000000 0.000000 1.000000 0.000000
0.996053 -0.088764 0.000000 151.962822 0.088764 0.996053 0.000000 9.947672 0.000000 0.000000 1.000000 0.000000
0.995199 -0.097875 0.000000 156.306685 0.097875 0.995199 0.000000 10.255254 0.000000 0.000000 1.000000 0.000000
0.994827 -0.101585 0.000000 165.068610 0.101585 0.994827 0.000000 11.030046 0.000000 0.000000 1.000000 0.000000
0.994642 -0.103375 0.000000 167.236341 0.103375 0.994642 0.000000 11.223123 0.000000 0.000000 1.000000 0.000000
0.994211 -0.107447 0.000000 171.684298 0.107447 0.994211 0.000000 11.618516 0.000000 0.000000 1.000000 0.000000
0.994001 -0.109369 0.000000 176.206962 0.109369 0.994001 0.000000 12.055976 0.000000 0.000000 1.000000 0.000000
0.993562 -0.113291 0.000000 180.508162 0.113291 0.993562 0.000000 12.457476 0.000000 0.000000 1.000000 0.000000
0.993373 -0.114936 0.000000 184.780064 0.114936 0.993373 0.000000 12.884798 0.000000 0.000000 1.000000 0.000000
0.992923 -0.118758 0.000000 189.028230 0.118758 0.992923 0.000000 13.223386 0.000000 0.000000 1.000000 0.000000
0.993110 -0.117186 0.000000 193.231425 0.117186 0.993110 0.000000 13.747886 0.000000 0.000000 1.000000 0.000000
0.993052 -0.117679 0.000000 197.233871 0.117679 0.993052 0.000000 14.155301 0.000000 0.000000 1.000000 0.000000
0.992958 -0.118464 0.000000 204.753315 0.118464 0.992958 0.000000 15.062581 0.000000 0.000000 1.000000 0.000000
0.992850 -0.119367 0.000000 206.543206 0.119367 0.992850 0.000000 15.235824 0.000000 0.000000 1.000000 0.000000
0.992589 -0.121522 0.000000 209.958263 0.121522 0.992589 0.000000 15.653377 0.000000 0.000000 1.000000 0.000000
0.993032 -0.117845 0.000000 213.072429 0.117845 0.993032 0.000000 15.996210 0.000000 0.000000 1.000000 0.000000
0.993586 -0.113076 0.000000 216.004879 0.113076 0.993586 0.000000 16.251693 0.000000 0.000000 1.000000 0.000000
0.994089 -0.108568 0.000000 218.560916 0.108568 0.994089 0.000000 16.543879 0.000000 0.000000 1.000000 0.000000
0.994253 -0.107059 0.000000 220.843760 0.107059 0.994253 0.000000 16.755282 0.000000 0.000000 1.000000 0.000000
0.993455 -0.114228 0.000000 222.846945 0.114228 0.993455 0.000000 16.944202 0.000000 0.000000 1.000000 0.000000
0.992355 -0.123416 0.000000 224.670162 0.123416 0.992355 0.000000 17.207342 0.000000 0.000000 1.000000 0.000000
0.990062 -0.140632 0.000000 228.255861 0.140632 0.990062 0.000000 17.683974 0.000000 0.000000 1.000000 0.000000
0.989332 -0.145680 0.000000 229.061120 0.145680 0.989332 0.000000 17.810609 0.000000 0.000000 1.000000 0.000000
0.987544 -0.157341 0.000000 230.760357 0.157341 0.987544 0.000000 18.049437 0.000000 0.000000 1.000000 0.000000
0.985749 -0.168221 0.000000 232.631215 0.168221 0.985749 0.000000 18.345796 0.000000 0.000000 1.000000 0.000000
0.983583 -0.180455 0.000000 234.552198 0.180455 0.983583 0.000000 18.683591 0.000000 0.000000 1.000000 0.000000
0.981592 -0.190989 0.000000 236.514351 0.190989 0.981592 0.000000 19.078872 0.000000 0.000000 1.000000 0.000000
0.980098 -0.198515 0.000000 238.526000 0.198515 0.980098 0.000000 19.470642 0.000000 0.000000 1.000000 0.000000
0.978545 -0.206034 0.000000 240.595222 0.206034 0.978545 0.000000 19.875477 0.000000 0.000000 1.000000 0.000000
0.978409 -0.206679 0.000000 242.802540 0.206679 0.978409 0.000000 20.283608 0.000000 0.000000 1.000000 0.000000
0.979158 -0.203099 0.000000 247.490160 0.203099 0.979158 0.000000 21.178284 0.000000 0.000000 1.000000 0.000000
0.979121 -0.203277 0.000000 248.741786 0.203277 0.979121 0.000000 21.433721 0.000000 0.000000 1.000000 0.000000
0.978932 -0.204187 0.000000 251.473969 0.204187 0.978932 0.000000 21.953633 0.000000 0.000000 1.000000 0.000000
0.978958 -0.204060 0.000000 254.209072 0.204060 0.978958 0.000000 22.491110 0.000000 0.000000 1.000000 0.000000
0.978462 -0.206428 0.000000 257.171588 0.206428 0.978462 0.000000 23.100753 0.000000 0.000000 1.000000 0.000000
0.977010 -0.213192 0.000000 260.132978 0.213192 0.977010 0.000000 23.696068 0.000000 0.000000 1.000000 0.000000
0.976864 -0.213860 0.000000 263.183434 0.213860 0.976864 0.000000 24.268458 0.000000 0.000000 1.000000 0.000000
0.976576 -0.215171 0.000000 266.453437 0.215171 0.976576 0.000000 24.970684 0.000000 0.000000 1.000000 0.000000
0.976496 -0.215536 0.000000 269.655607 0.215536 0.976496 0.000000 25.613260 0.000000 0.000000 1.000000 0.000000
0.976900 -0.213695 0.000000 276.695036 0.213695 0.976900 0.000000 26.983414 0.000000 0.000000 1.000000 0.000000
0.976230 -0.216737 0.000000 278.412954 0.216737 0.976230 0.000000 27.359245 0.000000 0.000000 1.000000 0.000000
0.976432 -0.215823 0.000000 281.897489 0.215823 0.976432 0.000000 28.161806 0.000000 0.000000 1.000000 0.000000
0.975212 -0.221273 0.000000 285.435318 0.221273 0.975212 0.000000 28.852863 0.000000 0.000000 1.000000 0.000000
0.974929 -0.222515 0.000000 289.034530 0.222515 0.974929 0.000000 29.497477 0.000000 0.000000 1.000000 0.000000
0.974930 -0.222513 0.000000 292.590349 0.222513 0.974930 0.000000 30.294443 0.000000 0.000000 1.000000 0.000000
0.973413 -0.229057 0.000000 295.994552 0.229057 0.973413 0.000000 31.005089 0.000000 0.000000 1.000000 0.000000
0.973797 -0.227420 0.000000 299.493957 0.227420 0.973797 0.000000 31.723128 0.000000 0.000000 1.000000 0.000000
0.973944 -0.226789 0.000000 303.067172 0.226789 0.973944 0.000000 32.577442 0.000000 0.000000 1.000000 0.000000
0.977418 -0.211314 0.000000 310.204155 0.211314 0.977418 0.000000 33.959528 0.000000 0.000000 1.000000 0.000000
0.977942 -0.208877 0.000000 312.070683 0.208877 0.977942 0.000000 34.370307 0.000000 0.000000 1.000000 0.000000
0.979087 -0.203442 0.000000 315.694595 0.203442 0.979087 0.000000 35.136340 0.000000 0.000000 1.000000 0.000000
0.979476 -0.201559 0.000000 319.573269 0.201559 0.979476 0.000000 35.780219 0.000000 0.000000 1.000000 0.000000
0.979217 -0.202817 0.000000 323.272262 0.202817 0.979217 0.000000 36.560764 0.000000 0.000000 1.000000 0.000000
0.980870 -0.194662 0.000000 327.105459 0.194662 0.980870 0.000000 37.172041 0.000000 0.000000 1.000000 0.000000
0.982174 -0.187974 0.000000 330.542154 0.187974 0.982174 0.000000 37.804972 0.000000 0.000000 1.000000 0.000000
0.983050 -0.183338 0.000000 333.937666 0.183338 0.983050 0.000000 38.359287 0.000000 0.000000 1.000000 0.000000
0.984139 -0.177400 0.000000 336.908802 0.177400 0.984139 0.000000 38.837406 0.000000 0.000000 1.000000 0.000000
0.986040 -0.166506 0.000000 342.141941 0.166506 0.986040 0.000000 39.742642 0.000000 0.000000 1.000000 0.000000
0.986870 -0.161515 0.000000 343.270125 0.161515 0.986870 0.000000 39.967134 0.000000 0.000000 1.000000 0.000000
0.986749 -0.162252 0.000000 345.357599 0.162252 0.986749 0.000000 40.266112 0.000000 0.000000 1.000000 0.000000
0.988218 -0.153052 0.000000 347.194558 0.153052 0.988218 0.000000 40.483427 0.000000 0.000000 1.000000 0.000000
0.988861 -0.148842 0.000000 348.910996 0.148842 0.988861 0.000000 40.777061 0.000000 0.000000 1.000000 0.000000
0.989839 -0.142194 0.000000 350.223021 0.142194 0.989839 0.000000 40.898131 0.000000 0.000000 1.000000 0.000000
0.990116 -0.140249 0.000000 351.539868 0.140249 0.990116 0.000000 41.058149 0.000000 0.000000 1.000000 0.000000
0.991070 -0.133346 0.000000 352.655653 0.133346 0.991070 0.000000 41.209563 0.000000 0.000000 1.000000 0.000000
0.992223 -0.124472 0.000000 353.508638 0.124472 0.992223 0.000000 41.303487 0.000000 0.000000 1.000000 0.000000
0.992606 -0.121380 0.000000 354.550702 0.121380 0.992606 0.000000 41.397606 0.000000 0.000000 1.000000 0.000000
0.992606 -0.121382 0.000000 354.649389 0.121382 0.992606 0.000000 41.412433 0.000000 0.000000 1.000000 0.000000
0.992601 -0.121425 0.000000 354.776579 0.121425 0.992601 0.000000 41.403832 0.000000 0.000000 1.000000 0.000000
0.992549 -0.121845 0.000000 354.784160 0.121845 0.992549 0.000000 41.419703 0.000000 0.000000 1.000000 0.000000
0.992550 -0.121837 0.000000 354.790841 0.121837 0.992550 0.000000 41.405596 0.000000 0.000000 1.000000 0.000000
0.992436 -0.122762 0.000000 354.791622 0.122762 0.992436 0.000000 41.417721 0.000000 0.000000 1.000000 0.000000
0.992434 -0.122781 0.000000 354.773534 0.122781 0.992434 0.000000 41.418346 0.000000 0.000000 1.000000 0.000000
0.992428 -0.122830 0.000000 354.781164 0.122830 0.992428 0.000000 41.402356 0.000000 0.000000 1.000000 0.000000
0.992357 -0.123399 0.000000 354.786982 0.123399 0.992357 0.000000 41.414906 0.000000 0.000000 1.000000 0.000000
0.992309 -0.123787 0.000000 354.775904 0.123787 0.992309 0.000000 41.419175 0.000000 0.000000 1.000000 0.000000
0.992280 -0.124019 0.000000 354.789352 0.124019 0.992280 0.000000 41.417314 0.000000 0.000000 1.000000 0.000000
0.992249 -0.124265 0.000000 354.794110 0.124265 0.992249 0.000000 41.416210 0.000000 0.000000 1.000000 0.000000
0.992218 -0.124514 0.000000 354.787640 0.124514 0.992218 0.000000 41.413802 0.000000 0.000000 1.000000 0.000000
0.992171 -0.124890 0.000000 354.785937 0.124890 0.992171 0.000000 41.421330 0.000000 0.000000 1.000000 0.000000
0.992139 -0.125141 0.000000 354.788007 0.125141 0.992139 0.000000 41.422512 0.000000 0.000000 1.000000 0.000000
0.992107 -0.125398 0.000000 354.777327 0.125398 0.992107 0.000000 41.419803 0.000000 0.000000 1.000000 0.000000
0.992071 -0.125676 0.000000 354.782216 0.125676 0.992071 0.000000 41.420860 0.000000 0.000000 1.000000 0.000000
0.992059 -0.125771 0.000000 354.786789 0.125771 0.992059 0.000000 41.409260 0.000000 0.000000 1.000000 0.000000
0.992005 -0.126200 0.000000 354.785650 0.126200 0.992005 0.000000 41.420256 0.000000 0.000000 1.000000 0.000000
0.991971 -0.126467 0.000000 354.789252 0.126467 0.991971 0.000000 41.420973 0.000000 0.000000 1.000000 0.000000
0.991939 -0.126714 0.000000 354.788263 0.126714 0.991939 0.000000 41.420108 0.000000 0.000000 1.000000 0.000000
0.991903 -0.126997 0.000000 354.789440 0.126997 0.991903 0.000000 41.420778 0.000000 0.000000 1.000000 0.000000
0.991868 -0.127270 0.000000 354.785587 0.127270 0.991868 0.000000 41.420492 0.000000 0.000000 1.000000 0.000000
0.991830 -0.127565 0.000000 354.786071 0.127565 0.991830 0.000000 41.421937 0.000000 0.000000 1.000000 0.000000
0.991803 -0.127778 0.000000 354.787967 0.127778 0.991803 0.000000 41.419347 0.000000 0.000000 1.000000 0.000000
0.991765 -0.128072 0.000000 354.786453 0.128072 0.991765 0.000000 41.420410 0.000000 0.000000 1.000000 0.000000
0.991729 -0.128347 0.000000 354.792205 0.128347 0.991729 0.000000 41.421442 0.000000 0.000000 1.000000 0.000000
0.991701 -0.128565 0.000000 354.790814 0.128565 0.991701 0.000000 41.417479 0.000000 0.000000 1.000000 0.000000
0.991669 -0.128812 0.000000 354.793554 0.128812 0.991669 0.000000 41.416271 0.000000 0.000000 1.000000 0.000000
0.991631 -0.129101 0.000000 354.797233 0.129101 0.991631 0.000000 41.417358 0.000000 0.000000 1.000000 0.000000
0.991603 -0.129321 0.000000 354.789499 0.129321 0.991603 0.000000 41.413885 0.000000 0.000000 1.000000 0.000000
0.991562 -0.129630 0.000000 354.791644 0.129630 0.991562 0.000000 41.417104 0.000000 0.000000 1.000000 0.000000
0.991530 -0.129878 0.000000 354.793005 0.129878 0.991530 0.000000 41.416160 0.000000 0.000000 1.000000 0.000000
0.991486 -0.130216 0.000000 354.788924 0.130216 0.991486 0.000000 41.419890 0.000000 0.000000 1.000000 0.000000
0.991460 -0.130411 0.000000 354.793908 0.130411 0.991460 0.000000 41.416232 0.000000 0.000000 1.000000 0.000000
0.991399 -0.130875 0.000000 354.819496 0.130875 0.991399 0.000000 41.421516 0.000000 0.000000 1.000000 0.000000
0.991153 -0.132724 0.000000 355.651175 0.132724 0.991153 0.000000 41.513099 0.000000 0.000000 1.000000 0.000000
0.990853 -0.134948 0.000000 356.048112 0.134948 0.990853 0.000000 41.526118 0.000000 0.000000 1.000000 0.000000
0.991019 -0.133724 0.000000 357.139071 0.133724 0.991019 0.000000 41.592645 0.000000 0.000000 1.000000 0.000000
0.991912 -0.126926 0.000000 358.494239 0.126926 0.991912 0.000000 41.761468 0.000000 0.000000 1.000000 0.000000
0.993215 -0.116289 0.000000 360.180632 0.116289 0.993215 0.000000 41.962093 0.000000 0.000000 1.000000 0.000000
0.995635 -0.093337 0.000000 362.211305 0.093337 0.995635 0.000000 41.936380 0.000000 0.000000 1.000000 0.000000
0.996524 -0.083307 0.000000 364.882047 0.083307 0.996524 0.000000 42.228662 0.000000 0.000000 1.000000 0.000000
0.997233 -0.074335 0.000000 367.506735 0.074335 0.997233 0.000000 42.382603 0.000000 0.000000 1.000000 0.000000
0.997654 -0.068464 0.000000 370.609065 0.068464 0.997654 0.000000 42.620951 0.000000 0.000000 1.000000 0.000000
0.998547 -0.053885 0.000000 377.377966 0.053885 0.998547 0.000000 42.901544 0.000000 0.000000 1.000000 0.000000
0.998377 -0.056951 0.000000 379.162315 0.056951 0.998377 0.000000 42.970657 0.000000 0.000000 1.000000 0.000000
0.998403 -0.056498 0.000000 382.913882 0.056498 0.998403 0.000000 43.198546 0.000000 0.000000 1.000000 0.000000
0.997648 -0.068547 0.000000 386.648882 0.068547 0.997648 0.000000 43.330651 0.000000 0.000000 1.000000 0.000000
0.997491 -0.070791 0.000000 390.570084 0.070791 0.997491 0.000000 43.531350 0.000000 0.000000 1.000000 0.000000
0.997218 -0.074536 0.000000 394.588388 0.074536 0.997218 0.000000 43.726249 0.000000 0.000000 1.000000 0.000000
0.996519 -0.083371 0.000000 398.621296 0.083371 0.996519 0.000000 44.049328 0.000000 0.000000 1.000000 0.000000
0.995573 -0.093990 0.000000 402.843977 0.093990 0.995573 0.000000 44.366115 0.000000 0.000000 1.000000 0.000000
0.994540 -0.104360 0.000000 407.028718 0.104360 0.994540 0.000000 44.678586 0.000000 0.000000 1.000000 0.000000
0.993229 -0.116176 0.000000 415.366797 0.116176 0.993229 0.000000 45.546062 0.000000 0.000000 1.000000 0.000000
0.993019 -0.117955 0.000000 417.409723 0.117955 0.993019 0.000000 45.794636 0.000000 0.000000 1.000000 0.000000
0.992529 -0.122007 0.000000 421.609567 0.122007 0.992529 0.000000 46.245117 0.000000 0.000000 1.000000 0.000000
0.992143 -0.125105 0.000000 425.796691 0.125105 0.992143 0.000000 46.658971 0.000000 0.000000 1.000000 0.000000
0.991922 -0.126847 0.000000 429.749688 0.126847 0.991922 0.000000 47.161113 0.000000 0.000000 1.000000 0.000000
0.991082 -0.133252 0.000000 433.959606 0.133252 0.991082 0.000000 47.604312 0.000000 0.000000 1.000000 0.000000
0.990950 -0.134231 0.000000 438.007870 0.134231 0.990950 0.000000 48.162854 0.000000 0.000000 1.000000 0.000000
0.991169 -0.132606 0.000000 442.222203 0.132606 0.991169 0.000000 48.701834 0.000000 0.000000 1.000000 0.000000
0.990755 -0.135664 0.000000 446.129354 0.135664 0.990755 0.000000 49.142480 0.000000 0.000000 1.000000 0.000000
0.991135 -0.132856 0.000000 453.631636 0.132856 0.991135 0.000000 50.081695 0.000000 0.000000 1.000000 0.000000
0.991374 -0.131063 0.000000 455.323921 0.131063 0.991374 0.000000 50.252790 0.000000 0.000000 1.000000 0.000000
0.992384 -0.123181 0.000000 458.388589 0.123181 0.992384 0.000000 50.667148 0.000000 0.000000 1.000000 0.000000
0.995073 -0.099145 0.000000 461.265208 0.099145 0.995073 0.000000 50.888477 0.000000 0.000000 1.000000 0.000000
0.999202 -0.039946 0.000000 463.661516 0.039946 0.999202 0.000000 50.904025 0.000000 0.000000 1.000000 0.000000
0.999096 0.042520 0.000000 465.684894 -0.042520 0.999096 -0.000000 50.798124 -0.000000 0.000000 1.000000 0.000000
0.988216 0.153063 0.000000 467.415223 -0.153063 0.988216 -0.000000 50.471394 -0.000000 0.000000 1.000000 0.000000
0.963562 0.267484 0.000000 468.850142 -0.267484 0.963562 -0.000000 50.076461 -0.000000 0.000000 1.000000 0.000000
0.929384 0.369114 0.000000 469.860001 -0.369114 0.929384 -0.000000 49.508734 -0.000000 0.000000 1.000000 0.000000
0.856643 0.515909 0.000000 471.345109 -0.515909 0.856643 -0.000000 48.479842 -0.000000 0.000000 1.000000 0.000000
0.844906 0.534914 0.000000 471.601381 -0.534914 0.844906 -0.000000 48.352180 -0.000000 0.000000 1.000000 0.000000
0.819415 0.573200 0.000000 471.952259 -0.573200 0.819415 -0.000000 48.012369 -0.000000 0.000000 1.000000 0.000000
0.792366 0.610046 0.000000 472.306167 -0.610046 0.792366 -0.000000 47.709959 -0.000000 0.000000 1.000000 0.000000
0.746101 0.665832 0.000000 472.687788 -0.665832 0.746101 -0.000000 47.307310 -0.000000 0.000000 1.000000 0.000000
0.659935 0.751323 0.000000 473.239953 -0.751323 0.659935 -0.000000 46.720198 -0.000000 0.000000 1.000000 0.000000
0.508232 0.861220 0.000000 473.692765 -0.861220 0.508232 -0.000000 45.730150 -0.000000 0.000000 1.000000 0.000000
0.297700 0.954659 0.000000 474.043237 -0.954659 0.297700 -0.000000 44.398368 -0.000000 0.000000 1.000000 0.000000
0.042718 0.999087 0.000000 474.002729 -0.999087 0.042718 -0.000000 42.953058 -0.000000 0.000000 1.000000 0.000000
-0.506457 0.862265 0.000000 472.279310 -0.862265 -0.506457 -0.000000 39.077547 -0.000000 0.000000 1.000000 0.000000
-0.604657 0.796486 0.000000 471.457369 -0.796486 -0.604657 -0.000000 38.199184 -0.000000 0.000000 1.000000 0.000000
-0.745829 0.666137 0.000000 469.546405 -0.666137 -0.745829 -0.000000 36.422069 -0.000000 0.000000 1.000000 0.000000
-0.803877 0.594796 0.000000 467.351252 -0.594796 -0.803877 -0.000000 34.762854 -0.000000 0.000000 1.000000 0.000000
-0.834180 0.551492 0.000000 464.696230 -0.551492 -0.834180 -0.000000 33.180773 -0.000000 0.000000 1.000000 0.000000
-0.844038 0.536284 0.000000 461.884596 -0.536284 -0.844038 -0.000000 31.335122 -0.000000 0.000000 1.000000 0.000000
-0.849865 0.527000 0.000000 458.970902 -0.527000 -0.849865 -0.000000 29.660654 -0.000000 0.000000 1.000000 0.000000
-0.856389 0.516330 0.000000 455.691115 -0.516330 -0.856389 -0.000000 27.693140 -0.000000 0.000000 1.000000 0.000000
-0.860981 0.508637 0.000000 452.364840 -0.508637 -0.860981 -0.000000 25.720298 -0.000000 0.000000 1.000000 0.000000
-0.864633 0.502404 0.000000 444.996046 -0.502404 -0.864633 -0.000000 21.859034 -0.000000 0.000000 1.000000 0.000000
-0.866389 0.499369 0.000000 443.143130 -0.499369 -0.866389 -0.000000 20.794458 -0.000000 0.000000 1.000000 0.000000
-0.869540 0.493863 0.000000 439.376381 -0.493863 -0.869540 -0.000000 18.686756 -0.000000 0.000000 1.000000 0.000000
-0.870462 0.492236 0.000000 435.496101 -0.492236 -0.870462 -0.000000 16.628165 -0.000000 0.000000 1.000000 0.000000
-0.874903 0.484299 0.000000 431.648303 -0.484299 -0.874903 -0.000000 14.539797 -0.000000 0.000000 1.000000 0.000000
-0.872929 0.487848 0.000000 427.887919 -0.487848 -0.872929 -0.000000 12.443675 -0.000000 0.000000 1.000000 0.000000
-0.876906 0.480661 0.000000 424.307711 -0.480661 -0.876906 -0.000000 10.582140 -0.000000 0.000000 1.000000 0.000000
-0.876058 0.482206 0.000000 420.910768 -0.482206 -0.876058 -0.000000 8.744270 -0.000000 0.000000 1.000000 0.000000
-0.876250 0.481856 0.000000 417.729670 -0.481856 -0.876250 -0.000000 7.033548 -0.000000 0.000000 1.000000 0.000000
-0.881356 0.472453 0.000000 411.711767 -0.472453 -0.881356 -0.000000 3.894374 -0.000000 0.000000 1.000000 0.000000
-0.882597 0.470130 0.000000 410.190205 -0.470130 -0.882597 -0.000000 3.151412 -0.000000 0.000000 1.000000 0.000000
-0.882587 0.470149 0.000000 407.249215 -0.470149 -0.882587 -0.000000 1.519057 -0.000000 0.000000 1.000000 0.000000
-0.885185 0.465240 0.000000 404.075032 -0.465240 -0.885185 -0.000000 0.008428 -0.000000 0.000000 1.000000 0.000000
-0.887338 0.461120 0.000000 400.926784 -0.461120 -0.887338 -0.000000 -1.706945 -0.000000 0.000000 1.000000 0.000000
-0.887561 0.460691 0.000000 397.565078 -0.460691 -0.887561 -0.000000 -3.324622 -0.000000 0.000000 1.000000 0.000000
-0.890002 0.455956 0.000000 394.293683 -0.455956 -0.890002 -0.000000 -4.927263 -0.000000 0.000000 1.000000 0.000000
-0.892406 0.451232 0.000000 390.808937 -0.451232 -0.892406 -0.000000 -6.642178 -0.000000 0.000000 1.000000 0.000000
-0.893355 0.449352 0.000000 387.433442 -0.449352 -0.893355 -0.000000 -8.348627 -0.000000 0.000000 1.000000 0.000000
-0.894889 0.446289 0.000000 380.086437 -0.446289 -0.894889 -0.000000 -11.817357 -0.000000 0.000000 1.000000 0.000000
-0.896800 0.442436 0.000000 378.246818 -0.442436 -0.896800 -0.000000 -12.683252 -0.000000 0.000000 1.000000 0.000000
-0.900480 0.434898 0.000000 374.489355 -0.434898 -0.900480 -0.000000 -14.382233 -0.000000 0.000000 1.000000 0.000000
-0.905537 0.424268 0.000000 370.776332 -0.424268 -0.905537 -0.000000 -16.213478 -0.000000 0.000000 1.000000 0.000000
-0.913656 0.406488 0.000000 366.775056 -0.406488 -0.913656 -0.000000 -17.857010 -0.000000 0.000000 1.000000 0.000000
-0.920594 0.390521 0.000000 362.898278 -0.390521 -0.920594 -0.000000 -19.517508 -0.000000 0.000000 1.000000 0.000000
-0.928246 0.371968 0.000000 358.960246 -0.371968 -0.928246 -0.000000 -20.972164 -0.000000 0.000000 1.000000 0.000000
-0.934005 0.357261 0.000000 354.958615 -0.357261 -0.934005 -0.000000 -22.593726 -0.000000 0.000000 1.000000 0.000000
-0.937530 0.347906 0.000000 351.070507 -0.347906 -0.937530 -0.000000 -23.956040 -0.000000 0.000000 1.000000 0.000000
-0.936081 0.351785 0.000000 343.236136 -0.351785 -0.936081 -0.000000 -26.791787 -0.000000 0.000000 1.000000 0.000000
-0.936947 0.349472 0.000000 341.323874 -0.349472 -0.936947 -0.000000 -27.466021 -0.000000 0.000000 1.000000 0.000000
-0.935843 0.352416 0.000000 337.317719 -0.352416 -0.935843 -0.000000 -28.930774 -0.000000 0.000000 1.000000 0.000000
-0.932200 0.361944 0.000000 333.480386 -0.361944 -0.932200 -0.000000 -30.338151 -0.000000 0.000000 1.000000 0.000000
-0.927978 0.372635 0.000000 329.595606 -0.372635 -0.927978 -0.000000 -31.832525 -0.000000 0.000000 1.000000 0.000000
-0.926433 0.376461 0.000000 325.657637 -0.376461 -0.926433 -0.000000 -33.335556 -0.000000 0.000000 1.000000 0.000000
-0.924053 0.382264 0.000000 321.774317 -0.382264 -0.924053 -0.000000 -34.881768 -0.000000 0.000000 1.000000 0.000000
