1.000000 0.000011 0.000000 0.000143 -0.000011 1.000000 -0.000000 0.000010 -0.000000 0.000000 1.000000 0.000000
1.000000 0.000008 0.000000 -0.000059 -0.000008 1.000000 -0.000000 -0.000003 -0.000000 0.000000 1.000000 0.000000
1.000000 0.000005 0.000000 -0.000139 -0.000005 1.000000 -0.000000 0.000074 -0.000000 0.000000 1.000000 0.000000
1.000000 -0.000000 0.000000 -0.000338 0.000000 1.000000 0.000000 0.000122 0.000000 0.000000 1.000000 0.000000
1.000000 -0.000005 0.000000 -0.000388 0.000005 1.000000 0.000000 0.000063 0.000000 0.000000 1.000000 0.000000
1.000000 -0.000003 0.000000 -0.000350 0.000003 1.000000 0.000000 0.000028 0.000000 0.000000 1.000000 0.000000
1.000000 0.000018 0.000000 -0.000121 -0.000018 1.000000 -0.000000 0.000075 -0.000000 0.000000 1.000000 0.000000
1.000000 0.000005 0.000000 -0.000078 -0.000005 1.000000 -0.000000 0.000038 -0.000000 0.000000 1.000000 0.000000
1.000000 0.000002 0.000000 -0.000031 -0.000002 1.000000 -0.000000 0.000033 -0.000000 0.000000 1.000000 0.000000
1.000000 0.000006 0.000000 -0.000023 -0.000006 1.000000 -0.000000 0.000010 -0.000000 0.000000 1.000000 0.000000
1.000000 0.000012 0.000000 0.000098 -0.000012 1.000000 -0.000000 0.000038 -0.000000 0.000000 1.000000 0.000000
1.000000 0.000013 0.000000 0.000058 -0.000013 1.000000 -0.000000 -0.000041 -0.000000 0.000000 1.000000 0.000000
1.000000 0.000005 0.000000 0.000035 -0.000005 1.000000 -0.000000 -0.000089 -0.000000 0.000000 1.000000 0.000000
1.000000 -0.000001 0.000000 0.000045 0.000001 1.000000 0.000000 -0.000151 0.000000 0.000000 1.000000 0.000000
1.000000 0.000002 0.000000 0.000067 -0.000002 1.000000 -0.000000 -0.000193 -0.000000 0.000000 1.000000 0.000000
1.000000 0.000001 0.000000 0.000086 -0.000001 1.000000 -0.000000 -0.000231 -0.000000 0.000000 1.000000 0.000000
1.000000 -0.000010 0.000000 0.000368 0.000010 1.000000 0.000000 -0.000242 0.000000 0.000000 1.000000 0.000000
1.000000 -0.000017 0.000000 0.000295 0.000017 1.000000 0.000000 -0.000304 0.000000 0.000000 1.000000 0.000000
1.000000 -0.000024 0.000000 0.000323 0.000024 1.000000 0.000000 -0.000337 0.000000 0.000000 1.000000 0.000000
1.000000 -0.000019 0.000000 0.000451 0.000019 1.000000 0.000000 -0.000358 0.000000 0.000000 1.000000 0.000000
1.000000 -0.000006 0.000000 0.000628 0.000006 1.000000 0.000000 -0.000337 0.000000 0.000000 1.000000 0.000000
1.000000 -0.000005 0.000000 0.000688 0.000005 1.000000 0.000000 -0.000303 0.000000 0.000000 1.000000 0.000000
1.000000 0.000008 0.000000 0.000699 -0.000008 1.000000 -0.000000 -0.000331 -0.000000 0.000000 1.000000 0.000000
1.000000 0.000005 0.000000 0.000352 -0.000005 1.000000 -0.000000 -0.000185 -0.000000 0.000000 1.000000 0.000000
1.000000 0.000001 0.000000 0.000571 -0.000001 1.000000 -0.000000 -0.000184 -0.000000 0.000000 1.000000 0.000000
1.000000 0.000002 0.000000 0.000301 -0.000002 1.000000 -0.000000 -0.000107 -0.000000 0.000000 1.000000 0.000000
1.000000 -0.000003 0.000000 0.000196 0.000003 1.000000 0.000000 -0.000070 0.000000 0.000000 1.000000 0.000000
1.000000 0.000006 0.000000 0.000010 -0.000006 1.000000 -0.000000 0.000020 -0.000000 0.000000 1.000000 0.000000
1.000000 -0.000004 0.000000 0.000040 0.000004 1.000000 0.000000 -0.000040 0.000000 0.000000 1.000000 0.000000
1.000000 0.000002 0.000000 -0.000016 -0.000002 1.000000 -0.000000 -0.000071 -0.000000 0.000000 1.000000 0.000000
1.000000 0.000006 0.000000 0.000108 -0.000006 1.000000 -0.000000 -0.000093 -0.000000 0.000000 1.000000 0.000000
1.000000 -0.000009 0.000000 -0.000204 0.000009 1.000000 0.000000 -0.000051 0.000000 0.000000 1.000000 0.000000
1.000000 -0.000007 0.000000 0.000007 0.000007 1.000000 0.000000 -0.000061 0.000000 0.000000 1.000000 0.000000
1.000000 -0.000005 0.000000 0.000117 0.000005 1.000000 0.000000 -0.000046 0.000000 0.000000 1.000000 0.000000
1.000000 0.000011 0.000000 0.000080 -0.000011 1.000000 -0.000000 -0.000018 -0.000000 0.000000 1.000000 0.000000
1.000000 0.000009 0.000000 0.000111 -0.000009 1.000000 -0.000000 -0.000013 -0.000000 0.000000 1.000000 0.000000
1.000000 0.000018 0.000000 0.000198 -0.000018 1.000000 -0.000000 0.000023 -0.000000 0.000000 1.000000 0.000000
1.000000 0.000033 0.000000 -0.000038 -0.000033 1.000000 -0.000000 0.000154 -0.000000 0.000000 1.000000 0.000000
1.000000 0.000030 0.000000 -0.000500 -0.000030 1.000000 -0.000000 0.000176 -0.000000 0.000000 1.000000 0.000000
1.000000 0.000016 0.000000 -0.000498 -0.000016 1.000000 -0.000000 0.000096 -0.000000 0.000000 1.000000 0.000000
1.000000 0.000026 0.000000 -0.000466 -0.000026 1.000000 -0.000000 0.000090 -0.000000 0.000000 1.000000 0.000000
1.000000 0.000019 0.000000 -0.000581 -0.000019 1.000000 -0.000000 0.000084 -0.000000 0.000000 1.000000 0.000000
1.000000 0.000012 0.000000 -0.000591 -0.000012 1.000000 -0.000000 0.000056 -0.000000 0.000000 1.000000 0.000000
1.000000 -0.000011 0.000000 -0.000470 0.000011 1.000000 0.000000 0.000071 0.000000 0.000000 1.000000 0.000000
1.000000 -0.000007 0.000000 -0.000403 0.000007 1.000000 0.000000 0.000076 0.000000 0.000000 1.000000 0.000000
1.000000 0.000002 0.000000 -0.000490 -0.000002 1.000000 -0.000000 0.000146 -0.000000 0.000000 1.000000 0.000000
1.000000 0.000003 0.000000 -0.000612 -0.000003 1.000000 -0.000000 0.000187 -0.000000 0.000000 1.000000 0.000000
1.000000 0.000005 0.000000 -0.000653 -0.000005 1.000000 -0.000000 0.000186 -0.000000 0.000000 1.000000 0.000000
1.000000 0.000000 0.000000 -0.000759 -0.000000 1.000000 -0.000000 0.000247 -0.000000 0.000000 1.000000 0.000000
1.000000 0.000003 0.000000 -0.000715 -0.000003 1.000000 -0.000000 0.000234 -0.000000 0.000000 1.000000 0.000000
1.000000 -0.000004 0.000000 -0.000728 0.000004 1.000000 0.000000 0.000273 0.000000 0.000000 1.000000 0.000000
1.000000 -0.000011 0.000000 -0.000902 0.000011 1.000000 0.000000 0.000292 0.000000 0.000000 1.000000 0.000000
1.000000 0.000000 0.000000 -0.000856 -0.000000 1.000000 -0.000000 0.000301 -0.000000 0.000000 1.000000 0.000000
1.000000 -0.000011 0.000000 -0.000833 0.000011 1.000000 0.000000 0.000284 0.000000 0.000000 1.000000 0.000000
1.000000 -0.000010 0.000000 -0.000770 0.000010 1.000000 0.000000 0.000274 0.000000 0.000000 1.000000 0.000000
1.000000 -0.000012 0.000000 -0.000722 0.000012 1.000000 0.000000 0.000285 0.000000 0.000000 1.000000 0.000000
1.000000 -0.000009 0.000000 -0.000641 0.000009 1.000000 0.000000 0.000305 0.000000 0.000000 1.000000 0.000000
1.000000 -0.000021 0.000000 -0.000682 0.000021 1.000000 0.000000 0.000221 0.000000 0.000000 1.000000 0.000000
1.000000 -0.000016 0.000000 -0.000596 0.000016 1.000000 0.000000 0.000228 0.000000 0.000000 1.000000 0.000000
1.000000 -0.000013 0.000000 -0.000674 0.000013 1.000000 0.000000 0.000223 0.000000 0.000000 1.000000 0.000000
1.000000 0.000004 0.000000 -0.000574 -0.000004 1.000000 -0.000000 0.000272 -0.000000 0.000000 1.000000 0.000000
1.000000 0.000005 0.000000 -0.000948 -0.000005 1.000000 -0.000000 0.000357 -0.000000 0.000000 1.000000 0.000000
1.000000 0.000004 0.000000 -0.000933 -0.000004 1.000000 -0.000000 0.000342 -0.000000 0.000000 1.000000 0.000000
1.000000 0.000012 0.000000 -0.000830 -0.000012 1.000000 -0.000000 0.000353 -0.000000 0.000000 1.000000 0.000000
1.000000 0.000022 0.000000 -0.001001 -0.000022 1.000000 -0.000000 0.000412 -0.000000 0.000000 1.000000 0.000000
1.000000 0.000044 0.000000 -0.000792 -0.000044 1.000000 -0.000000 0.000558 -0.000000 0.000000 1.000000 0.000000
1.000000 0.000047 0.000000 -0.000770 -0.000047 1.000000 -0.000000 0.000521 -0.000000 0.000000 1.000000 0.000000
1.000000 0.000039 0.000000 -0.000656 -0.000039 1.000000 -0.000000 0.000497 -0.000000 0.000000 1.000000 0.000000
1.000000 0.000035 0.000000 -0.000710 -0.000035 1.000000 -0.000000 0.000635 -0.000000 0.000000 1.000000 0.000000
1.000000 0.000049 0.000000 -0.000553 -0.000049 1.000000 -0.000000 0.000705 -0.000000 0.000000 1.000000 0.000000
1.000000 0.000080 0.000000 -0.000606 -0.000080 1.000000 -0.000000 0.000861 -0.000000 0.000000 1.000000 0.000000
1.000000 0.000076 0.000000 -0.000591 -0.000076 1.000000 -0.000000 0.000853 -0.000000 0.000000 1.000000 0.000000
1.000000 0.000063 0.000000 -0.000729 -0.000063 1.000000 -0.000000 0.000831 -0.000000 0.000000 1.000000 0.000000
1.000000 0.000044 0.000000 -0.000688 -0.000044 1.000000 -0.000000 0.000792 -0.000000 0.000000 1.000000 0.000000
1.000000 0.000026 0.000000 -0.000488 -0.000026 1.000000 -0.000000 0.000801 -0.000000 0.000000 1.000000 0.000000
1.000000 0.000016 0.000000 -0.000852 -0.000016 1.000000 -0.000000 0.000899 -0.000000 0.000000 1.000000 0.000000
1.000000 0.000020 0.000000 -0.001004 -0.000020 1.000000 -0.000000 0.000952 -0.000000 0.000000 1.000000 0.000000
1.000000 0.000031 0.000000 -0.000948 -0.000031 1.000000 -0.000000 0.001015 -0.000000 0.000000 1.000000 0.000000
1.000000 0.000019 0.000000 -0.000850 -0.000019 1.000000 -0.000000 0.000987 -0.000000 0.000000 1.000000 0.000000
1.000000 0.000004 0.000000 -0.000459 -0.000004 1.000000 -0.000000 0.000896 -0.000000 0.000000 1.000000 0.000000
1.000000 -0.000002 0.000000 -0.000289 0.000002 1.000000 0.000000 0.000918 0.000000 0.000000 1.000000 0.000000
1.000000 -0.000003 0.000000 -0.000155 0.000003 1.000000 0.000000 0.000777 0.000000 0.000000 1.000000 0.000000
1.000000 0.000001 0.000000 -0.000254 -0.000001 1.000000 -0.000000 0.000811 -0.000000 0.000000 1.000000 0.000000
1.000000 0.000010 0.000000 -0.000189 -0.000010 1.000000 -0.000000 0.000773 -0.000000 0.000000 1.000000 0.000000
1.000000 0.000011 0.000000 -0.000071 -0.000011 1.000000 -0.000000 0.000746 -0.000000 0.000000 1.000000 0.000000
1.000000 0.000009 0.000000 0.000068 -0.000009 1.000000 -0.000000 0.000737 -0.000000 0.000000 1.000000 0.000000
1.000000 0.000014 0.000000 0.000194 -0.000014 1.000000 -0.000000 0.000719 -0.000000 0.000000 1.000000 0.000000
1.000000 0.000037 0.000000 0.000378 -0.000037 1.000000 -0.000000 0.000881 -0.000000 0.000000 1.000000 0.000000
1.000000 0.000055 0.000000 0.000062 -0.000055 1.000000 -0.000000 0.001022 -0.000000 0.000000 1.000000 0.000000
1.000000 0.000060 0.000000 0.000132 -0.000060 1.000000 -0.000000 0.001033 -0.000000 0.000000 1.000000 0.000000
1.000000 0.000067 0.000000 0.000277 -0.000067 1.000000 -0.000000 0.001080 -0.000000 0.000000 1.000000 0.000000
1.000000 0.000072 0.000000 0.000417 -0.000072 1.000000 -0.000000 0.001149 -0.000000 0.000000 1.000000 0.000000
1.000000 0.000072 0.000000 0.000544 -0.000072 1.000000 -0.000000 0.001141 -0.000000 0.000000 1.000000 0.000000
1.000000 0.000064 0.000000 0.000802 -0.000064 1.000000 -0.000000 0.001060 -0.000000 0.000000 1.000000 0.000000
1.000000 0.000063 0.000000 0.001088 -0.000063 1.000000 -0.000000 0.001043 -0.000000 0.000000 1.000000 0.000000
1.000000 0.000073 0.000000 0.001112 -0.000073 1.000000 -0.000000 0.001088 -0.000000 0.000000 1.000000 0.000000
1.000000 0.000062 0.000000 0.001077 -0.000062 1.000000 -0.000000 0.001031 -0.000000 0.000000 1.000000 0.000000
1.000000 0.000071 0.000000 0.001100 -0.000071 1.000000 -0.000000 0.001086 -0.000000 0.000000 1.000000 0.000000
1.000000 0.000068 0.000000 0.001100 -0.000068 1.000000 -0.000000 0.001064 -0.000000 0.000000 1.000000 0.000000
1.000000 0.000069 0.000000 0.001174 -0.000069 1.000000 -0.000000 0.001070 -0.000000 0.000000 1.000000 0.000000
1.000000 0.000070 0.000000 0.001049 -0.000070 1.000000 -0.000000 0.001094 -0.000000 0.000000 1.000000 0.000000
1.000000 0.000070 0.000000 0.001106 -0.000070 1.000000 -0.000000 0.001056 -0.000000 0.000000 1.000000 0.000000
1.000000 0.000065 0.000000 0.001068 -0.000065 1.000000 -0.000000 0.001029 -0.000000 0.000000 1.000000 0.000000
1.000000 0.000064 0.000000 0.001296 -0.000064 1.000000 -0.000000 0.001055 -0.000000 0.000000 1.000000 0.000000
1.000000 0.000068 0.000000 0.001309 -0.000068 1.000000 -0.000000 0.001078 -0.000000 0.000000 1.000000 0.000000
1.000000 0.000076 0.000000 0.001228 -0.000076 1.000000 -0.000000 0.001081 -0.000000 0.000000 1.000000 0.000000
1.000000 0.000075 0.000000 0.001275 -0.000075 1.000000 -0.000000 0.001119 -0.000000 0.000000 1.000000 0.000000
1.000000 0.000069 0.000000 0.001303 -0.000069 1.000000 -0.000000 0.001088 -0.000000 0.000000 1.000000 0.000000
1.000000 0.000076 0.000000 0.001015 -0.000076 1.000000 -0.000000 0.001045 -0.000000 0.000000 1.000000 0.000000
1.000000 0.000073 0.000000 0.000967 -0.000073 1.000000 -0.000000 0.001003 -0.000000 0.000000 1.000000 0.000000
1.000000 0.000079 0.000000 0.001023 -0.000079 1.000000 -0.000000 0.000949 -0.000000 0.000000 1.000000 0.000000
1.000000 0.000056 0.000000 0.001027 -0.000056 1.000000 -0.000000 0.000938 -0.000000 0.000000 1.000000 0.000000
1.000000 0.000059 0.000000 0.001243 -0.000059 1.000000 -0.000000 0.000945 -0.000000 0.000000 1.000000 0.000000
1.000000 0.000072 0.000000 0.001475 -0.000072 1.000000 -0.000000 0.000952 -0.000000 0.000000 1.000000 0.000000
1.000000 0.000080 0.000000 0.001568 -0.000080 1.000000 -0.000000 0.001017 -0.000000 0.000000 1.000000 0.000000
1.000000 0.000060 0.000000 0.001689 -0.000060 1.000000 -0.000000 0.000866 -0.000000 0.000000 1.000000 0.000000
1.000000 0.000066 0.000000 0.001723 -0.000066 1.000000 -0.000000 0.000909 -0.000000 0.000000 1.000000 0.000000
1.000000 0.000051 0.000000 0.001800 -0.000051 1.000000 -0.000000 0.000915 -0.000000 0.000000 1.000000 0.000000
1.000000 0.000048 0.000000 0.001989 -0.000048 1.000000 -0.000000 0.000858 -0.000000 0.000000 1.000000 0.000000
1.000000 0.000047 0.000000 0.001957 -0.000047 1.000000 -0.000000 0.000867 -0.000000 0.000000 1.000000 0.000000
1.000000 0.000090 0.000000 0.002123 -0.000090 1.000000 -0.000000 0.001030 -0.000000 0.000000 1.000000 0.000000
1.000000 0.000122 0.000000 0.002189 -0.000122 1.000000 -0.000000 0.001249 -0.000000 0.000000 1.000000 0.000000
1.000000 -0.000825 0.000000 0.015973 0.000825 1.000000 0.000000 0.003420 0.000000 0.000000 1.000000 0.000000
0.999985 -0.005415 0.000000 0.051665 0.005415 0.999985 0.000000 0.005442 0.000000 0.000000 1.000000 0.000000
0.998869 -0.047544 0.000000 0.377877 0.047544 0.998869 0.000000 0.047572 0.000000 0.000000 1.000000 0.000000
0.997439 -0.071522 0.000000 0.569931 0.071522 0.997439 0.000000 0.079909 0.000000 0.000000 1.000000 0.000000
0.990867 -0.134841 0.000000 1.070761 0.134841 0.990867 0.000000 0.181752 0.000000 0.000000 1.000000 0.000000
0.977584 -0.210545 0.000000 1.778851 0.210545 0.977584 0.000000 0.360606 0.000000 0.000000 1.000000 0.000000
0.961141 -0.276060 0.000000 2.752472 0.276060 0.961141 0.000000 0.654620 0.000000 0.000000 1.000000 0.000000
0.954301 -0.298847 0.000000 4.012902 0.298847 0.954301 0.000000 1.035907 0.000000 0.000000 1.000000 0.000000
0.963372 -0.268167 0.000000 5.591606 0.268167 0.963372 0.000000 1.460961 0.000000 0.000000 1.000000 0.000000
0.976296 -0.216440 0.000000 7.522444 0.216440 0.976296 0.000000 1.872746 0.000000 0.000000 1.000000 0.000000
0.985102 -0.171970 0.000000 9.798235 0.171970 0.985102 0.000000 2.262377 0.000000 0.000000 1.000000 0.000000
0.994641 -0.103391 0.000000 15.270199 0.103391 0.994641 0.000000 2.884416 0.000000 0.000000 1.000000 0.000000
0.995551 -0.094225 0.000000 16.793156 0.094225 0.995551 0.000000 3.014550 0.000000 0.000000 1.000000 0.000000
0.997268 -0.073871 0.000000 19.921757 0.073871 0.997268 0.000000 3.241861 0.000000 0.000000 1.000000 0.000000
0.997942 -0.064116 0.000000 23.194720 0.064116 0.997942 0.000000 3.430125 0.000000 0.000000 1.000000 0.000000
0.998460 -0.055481 0.000000 26.475566 0.055481 0.998460 0.000000 3.601869 0.000000 0.000000 1.000000 0.000000
0.998575 -0.053371 0.000000 29.806682 0.053371 0.998575 0.000000 3.754912 0.000000 0.000000 1.000000 0.000000
0.997857 -0.065438 0.000000 33.078868 0.065438 0.997857 0.000000 3.937880 0.000000 0.000000 1.000000 0.000000
0.997267 -0.073888 0.000000 36.891949 0.073888 0.997267 0.000000 4.194725 0.000000 0.000000 1.000000 0.000000
0.997531 -0.070226 0.000000 40.880298 0.070226 0.997531 0.000000 4.451861 0.000000 0.000000 1.000000 0.000000
0.996370 -0.085127 0.000000 48.823490 0.085127 0.996370 0.000000 5.021224 0.000000 0.000000 1.000000 0.000000
0.995967 -0.089723 0.000000 50.797421 0.089723 0.995967 0.000000 5.186133 0.000000 0.000000 1.000000 0.000000
0.995784 -0.091727 0.000000 54.699734 0.091727 0.995784 0.000000 5.523965 0.000000 0.000000 1.000000 0.000000
0.996569 -0.082767 0.000000 58.530101 0.082767 0.996569 0.000000 5.837420 0.000000 0.000000 1.000000 0.000000
0.997189 -0.074928 0.000000 62.276597 0.074928 0.997189 0.000000 6.118161 0.000000 0.000000 1.000000 0.000000
0.997673 -0.068187 0.000000 65.919512 0.068187 0.997673 0.000000 6.361048 0.000000 0.000000 1.000000 0.000000
0.998449 -0.055666 0.000000 69.488717 0.055666 0.998449 0.000000 6.564174 0.000000 0.000000 1.000000 0.000000
0.999228 -0.039275 0.000000 73.894272 0.039275 0.999228 0.000000 6.749996 0.000000 0.000000 1.000000 0.000000
0.999646 -0.026618 0.000000 78.286800 0.026618 0.999646 0.000000 6.866552 0.000000 0.000000 1.000000 0.000000
0.999838 -0.018015 0.000000 86.859183 0.018015 0.999838 0.000000 7.011410 0.000000 0.000000 1.000000 0.000000
0.999773 -0.021305 0.000000 88.921581 0.021305 0.999773 0.000000 7.047638 0.000000 0.000000 1.000000 0.000000
0.999548 -0.030074 0.000000 92.965771 0.030074 0.999548 0.000000 7.150062 0.000000 0.000000 1.000000 0.000000
0.999062 -0.043304 0.000000 96.838724 0.043304 0.999062 0.000000 7.280134 0.000000 0.000000 1.000000 0.000000
0.998320 -0.057933 0.000000 100.650606 0.057933 0.998320 0.000000 7.472547 0.000000 0.000000 1.000000 0.000000
0.997549 -0.069976 0.000000 104.236266 0.069976 0.997549 0.000000 7.695122 0.000000 0.000000 1.000000 0.000000
0.996642 -0.081886 0.000000 108.345305 0.081886 0.996642 0.000000 7.995078 0.000000 0.000000 1.000000 0.000000
0.995800 -0.091557 0.000000 112.614238 0.091557 0.995800 0.000000 8.355637 0.000000 0.000000 1.000000 0.000000
0.995117 -0.098705 0.000000 116.788206 0.098705 0.995117 0.000000 8.740636 0.000000 0.000000 1.000000 0.000000
0.994574 -0.104029 0.000000 124.694568 0.104029 0.994574 0.000000 9.521679 0.000000 0.000000 1.000000 0.000000
0.994735 -0.102480 0.000000 126.608505 0.102480 0.994735 0.000000 9.712363 0.000000 0.000000 1.000000 0.000000
0.995661 -0.093050 0.000000 130.365611 0.093050 0.995661 0.000000 10.080698 0.000000 0.000000 1.000000 0.000000
0.996666 -0.081594 0.000000 134.315532 0.081594 0.996666 0.000000 10.423864 0.000000 0.000000 1.000000 0.000000
0.997137 -0.075618 0.000000 138.831688 0.075618 0.997137 0.000000 10.777441 0.000000 0.000000 1.000000 0.000000
0.996988 -0.077560 0.000000 143.256147 0.077560 0.996988 0.000000 11.118684 0.000000 0.000000 1.000000 0.000000
0.997034 -0.076963 0.000000 147.605244 0.076963 0.997034 0.000000 11.470893 0.000000 0.000000 1.000000 0.000000
0.997100 -0.076096 0.000000 151.813155 0.076096 0.997100 0.000000 11.800847 0.000000 0.000000 1.000000 0.000000
0.996966 -0.077844 0.000000 155.933646 0.077844 0.996966 0.000000 12.104351 0.000000 0.000000 1.000000 0.000000
0.996280 -0.086180 0.000000 164.806557 0.086180 0.996280 0.000000 12.830233 0.000000 0.000000 1.000000 0.000000
0.996156 -0.087599 0.000000 167.197231 0.087599 0.996156 0.000000 13.037560 0.000000 0.000000 1.000000 0.000000
0.995824 -0.091298 0.000000 171.948857 0.091298 0.995824 0.000000 13.435393 0.000000 0.000000 1.000000 0.000000
0.995470 -0.095079 0.000000 176.498272 0.095079 0.995470 0.000000 13.838486 0.000000 0.000000 1.000000 0.000000
0.995230 -0.097552 0.000000 180.842522 0.097552 0.995230 0.000000 14.252969 0.000000 0.000000 1.000000 0.000000
0.994991 -0.099964 0.000000 185.051477 0.099964 0.994991 0.000000 14.669695 0.000000 0.000000 1.000000 0.000000
0.994802 -0.101832 0.000000 189.029469 0.101832 0.994802 0.000000 15.051162 0.000000 0.000000 1.000000 0.000000
0.994616 -0.103631 0.000000 193.301345 0.103631 0.994616 0.000000 15.467139 0.000000 0.000000 1.000000 0.000000
0.994503 -0.104713 0.000000 197.560138 0.104713 0.994503 0.000000 15.896400 0.000000 0.000000 1.000000 0.000000
0.994209 -0.107465 0.000000 205.272161 0.107465 0.994209 0.000000 16.682141 0.000000 0.000000 1.000000 0.000000
0.994113 -0.108347 0.000000 207.054655 0.108347 0.994113 0.000000 16.870669 0.000000 0.000000 1.000000 0.000000
0.994241 -0.107163 0.000000 210.449528 0.107163 0.994241 0.000000 17.240814 0.000000 0.000000 1.000000 0.000000
0.994625 -0.103543 0.000000 213.632064 0.103543 0.994625 0.000000 17.577693 0.000000 0.000000 1.000000 0.000000
0.994881 -0.101055 0.000000 216.565360 0.101055 0.994881 0.000000 17.872649 0.000000 0.000000 1.000000 0.000000
0.995152 -0.098352 0.000000 219.169608 0.098352 0.995152 0.000000 18.125118 0.000000 0.000000 1.000000 0.000000
0.995103 -0.098844 0.000000 221.496591 0.098844 0.995103 0.000000 18.349332 0.000000 0.000000 1.000000 0.000000
0.994651 -0.103288 0.000000 223.587979 0.103288 0.994651 0.000000 18.562255 0.000000 0.000000 1.000000 0.000000
0.993508 -0.113762 0.000000 225.502514 0.113762 0.993508 0.000000 18.778059 0.000000 0.000000 1.000000 0.000000
0.991380 -0.131014 0.000000 228.979126 0.131014 0.991380 0.000000 19.215484 0.000000 0.000000 1.000000 0.000000
0.990720 -0.135920 0.000000 229.830611 0.135920 0.990720 0.000000 19.337579 0.000000 0.000000 1.000000 0.000000
0.989258 -0.146181 0.000000 231.603598 0.146181 0.989258 0.000000 19.596896 0.000000 0.000000 1.000000 0.000000
0.987620 -0.156867 0.000000 233.527087 0.156867 0.987620 0.000000 19.898982 0.000000 0.000000 1.000000 0.000000
0.985943 -0.167084 0.000000 235.364804 0.167084 0.985943 0.000000 20.209940 0.000000 0.000000 1.000000 0.000000
0.983974 -0.178310 0.000000 237.162851 0.178310 0.983974 0.000000 20.537088 0.000000 0.000000 1.000000 0.000000
0.982501 -0.186257 0.000000 239.024174 0.186257 0.982501 0.000000 20.892484 0.000000 0.000000 1.000000 0.000000
0.981631 -0.190790 0.000000 241.147060 0.190790 0.981631 0.000000 21.299504 0.000000 0.000000 1.000000 0.000000
0.981508 -0.191423 0.000000 243.369087 0.191423 0.981508 0.000000 21.733402 0.000000 0.000000 1.000000 0.000000
0.981878 -0.189514 0.000000 248.185880 0.189514 0.981878 0.000000 22.653318 0.000000 0.000000 1.000000 0.000000
0.981998 -0.188893 0.000000 249.493024 0.188893 0.981998 0.000000 22.903823 0.000000 0.000000 1.000000 0.000000
0.982152 -0.188089 0.000000 252.184985 0.188089 0.982152 0.000000 23.414966 0.000000 0.000000 1.000000 0.000000
0.981919 -0.189304 0.000000 254.956613 0.189304 0.981919 0.000000 23.940895 0.000000 0.000000 1.000000 0.000000
0.981618 -0.190855 0.000000 257.837053 0.190855 0.981618 0.000000 24.497057 0.000000 0.000000 1.000000 0.000000
0.980655 -0.195742 0.000000 260.904673 0.195742 0.980655 0.000000 25.097598 0.000000 0.000000 1.000000 0.000000
0.980411 -0.196962 0.000000 264.023606 0.196962 0.980411 0.000000 25.721643 0.000000 0.000000 1.000000 0.000000
0.980298 -0.197524 0.000000 267.295528 0.197524 0.980298 0.000000 26.368976 0.000000 0.000000 1.000000 0.000000
0.980341 -0.197313 0.000000 270.619807 0.197313 0.980341 0.000000 27.029251 0.000000 0.000000 1.000000 0.000000
0.980269 -0.197671 0.000000 277.479941 0.197671 0.980269 0.000000 28.387374 0.000000 0.000000 1.000000 0.000000
0.979798 -0.199989 0.000000 279.250764 0.199989 0.979798 0.000000 28.748519 0.000000 0.000000 1.000000 0.000000
0.979213 -0.202834 0.000000 282.824228 0.202834 0.979213 0.000000 29.477459 0.000000 0.000000 1.000000 0.000000
0.979303 -0.202401 0.000000 286.361142 0.202401 0.979303 0.000000 30.198504 0.000000 0.000000 1.000000 0.000000
0.979307 -0.202380 0.000000 289.805362 0.202380 0.979307 0.000000 30.899765 0.000000 0.000000 1.000000 0.000000
0.978709 -0.205253 0.000000 293.382586 0.205253 0.978709 0.000000 31.639979 0.000000 0.000000 1.000000 0.000000
0.978237 -0.207492 0.000000 296.840930 0.207492 0.978237 0.000000 32.356816 0.000000 0.000000 1.000000 0.000000
0.977925 -0.208958 0.000000 300.210694 0.208958 0.977925 0.000000 33.058530 0.000000 0.000000 1.000000 0.000000
0.978229 -0.207529 0.000000 303.851955 0.207529 0.978229 0.000000 33.817929 0.000000 0.000000 1.000000 0.000000
0.980673 -0.195653 0.000000 311.254033 0.195653 0.980673 0.000000 35.296661 0.000000 0.000000 1.000000 0.000000
0.981474 -0.191594 0.000000 313.111440 0.191594 0.981474 0.000000 35.650246 0.000000 0.000000 1.000000 0.000000
0.981986 -0.188954 0.000000 316.819814 0.188954 0.981986 0.000000 36.352417 0.000000 0.000000 1.000000 0.000000
0.982023 -0.188761 0.000000 320.528128 0.188761 0.982023 0.000000 37.049444 0.000000 0.000000 1.000000 0.000000
0.982540 -0.186052 0.000000 324.189278 0.186052 0.982540 0.000000 37.732014 0.000000 0.000000 1.000000 0.000000
0.984605 -0.174796 0.000000 327.684491 0.174796 0.984605 0.000000 38.353961 0.000000 0.000000 1.000000 0.000000
0.985657 -0.168762 0.000000 331.088621 0.168762 0.985657 0.000000 38.924046 0.000000 0.000000 1.000000 0.000000
0.986277 -0.165102 0.000000 334.399683 0.165102 0.986277 0.000000 39.464833 0.000000 0.000000 1.000000 0.000000
0.987605 -0.156958 0.000000 337.360327 0.156958 0.987605 0.000000 39.931240 0.000000 0.000000 1.000000 0.000000
0.989387 -0.145307 0.000000 342.460113 0.145307 0.989387 0.000000 40.689246 0.000000 0.000000 1.000000 0.000000
0.989623 -0.143691 0.000000 343.571341 0.143691 0.989623 0.000000 40.848807 0.000000 0.000000 1.000000 0.000000
0.990502 -0.137496 0.000000 345.601034 0.137496 0.990502 0.000000 41.128285 0.000000 0.000000 1.000000 0.000000
0.991251 -0.131988 0.000000 347.426293 0.131988 0.991251 0.000000 41.356647 0.000000 0.000000 1.000000 0.000000
0.991838 -0.127508 0.000000 349.080837 0.127508 0.991838 0.000000 41.560368 0.000000 0.000000 1.000000 0.000000
0.992711 -0.120518 0.000000 350.514796 0.120518 0.992711 0.000000 41.730074 0.000000 0.000000 1.000000 0.000000
0.993388 -0.114809 0.000000 351.775306 0.114809 0.993388 0.000000 41.873410 0.000000 0.000000 1.000000 0.000000
0.994084 -0.108614 0.000000 352.882201 0.108614 0.994084 0.000000 41.983910 0.000000 0.000000 1.000000 0.000000
0.994619 -0.103596 0.000000 353.800303 0.103596 0.994619 0.000000 42.071892 0.000000 0.000000 1.000000 0.000000
0.994805 -0.101803 0.000000 354.935539 0.101803 0.994805 0.000000 42.183780 0.000000 0.000000 1.000000 0.000000
0.994787 -0.101971 0.000000 355.064424 0.101971 0.994787 0.000000 42.195974 0.000000 0.000000 1.000000 0.000000
0.994783 -0.102016 0.000000 355.169143 0.102016 0.994783 0.000000 42.204427 0.000000 0.000000 1.000000 0.000000
0.994761 -0.102228 0.000000 355.186606 0.102228 0.994761 0.000000 42.205642 0.000000 0.000000 1.000000 0.000000
0.994769 -0.102148 0.000000 355.188015 0.102148 0.994769 0.000000 42.205959 0.000000 0.000000 1.000000 0.000000
0.994773 -0.102116 0.000000 355.189614 0.102116 0.994773 0.000000 42.206347 0.000000 0.000000 1.000000 0.000000
0.994776 -0.102083 0.000000 355.191176 0.102083 0.994776 0.000000 42.206703 0.000000 0.000000 1.000000 0.000000
0.994780 -0.102039 0.000000 355.192715 0.102039 0.994780 0.000000 42.207058 0.000000 0.000000 1.000000 0.000000
0.994785 -0.101994 0.000000 355.194358 0.101994 0.994785 0.000000 42.207404 0.000000 0.000000 1.000000 0.000000
0.994794 -0.101908 0.000000 355.197455 0.101908 0.994794 0.000000 42.208127 0.000000 0.000000 1.000000 0.000000
0.994796 -0.101889 0.000000 355.198220 0.101889 0.994796 0.000000 42.208335 0.000000 0.000000 1.000000 0.000000
0.994800 -0.101844 0.000000 355.199860 0.101844 0.994800 0.000000 42.208662 0.000000 0.000000 1.000000 0.000000
0.994805 -0.101802 0.000000 355.201412 0.101802 0.994805 0.000000 42.209031 0.000000 0.000000 1.000000 0.000000
0.994809 -0.101760 0.000000 355.202999 0.101760 0.994809 0.000000 42.209381 0.000000 0.000000 1.000000 0.000000
0.994815 -0.101702 0.000000 355.204480 0.101702 0.994815 0.000000 42.209776 0.000000 0.000000 1.000000 0.000000
0.994819 -0.101664 0.000000 355.206020 0.101664 0.994819 0.000000 42.210074 0.000000 0.000000 1.000000 0.000000
0.994825 -0.101603 0.000000 355.207640 0.101603 0.994825 0.000000 42.210450 0.000000 0.000000 1.000000 0.000000
0.994830 -0.101551 0.000000 355.209206 0.101551 0.994830 0.000000 42.210896 0.000000 0.000000 1.000000 0.000000
0.994839 -0.101465 0.000000 355.212437 0.101465 0.994839 0.000000 42.211526 0.000000 0.000000 1.000000 0.000000
0.994841 -0.101449 0.000000 355.213254 0.101449 0.994841 0.000000 42.211673 0.000000 0.000000 1.000000 0.000000
0.994845 -0.101409 0.000000 355.214831 0.101409 0.994845 0.000000 42.211991 0.000000 0.000000 1.000000 0.000000
0.994849 -0.101369 0.000000 355.216326 0.101369 0.994849 0.000000 42.212284 0.000000 0.000000 1.000000 0.000000
0.994853 -0.101324 0.000000 355.217878 0.101324 0.994853 0.000000 42.212634 0.000000 0.000000 1.000000 0.000000
0.994857 -0.101286 0.000000 355.219402 0.101286 0.994857 0.000000 42.212996 0.000000 0.000000 1.000000 0.000000
0.994862 -0.101236 0.000000 355.220864 0.101236 0.994862 0.000000 42.213353 0.000000 0.000000 1.000000 0.000000
0.994867 -0.101191 0.000000 355.222424 0.101191 0.994867 0.000000 42.213724 0.000000 0.000000 1.000000 0.000000
0.994870 -0.101164 0.000000 355.223919 0.101164 0.994870 0.000000 42.214051 0.000000 0.000000 1.000000 0.000000
0.994878 -0.101081 0.000000 355.227109 0.101081 0.994878 0.000000 42.214662 0.000000 0.000000 1.000000 0.000000
0.994881 -0.101057 0.000000 355.227861 0.101057 0.994881 0.000000 42.214850 0.000000 0.000000 1.000000 0.000000
0.994884 -0.101025 0.000000 355.229430 0.101025 0.994884 0.000000 42.215237 0.000000 0.000000 1.000000 0.000000
0.994888 -0.100986 0.000000 355.231112 0.100986 0.994888 0.000000 42.215551 0.000000 0.000000 1.000000 0.000000
0.994892 -0.100941 0.000000 355.232621 0.100941 0.994892 0.000000 42.215899 0.000000 0.000000 1.000000 0.000000
0.994896 -0.100908 0.000000 355.234173 0.100908 0.994896 0.000000 42.216143 0.000000 0.000000 1.000000 0.000000
0.994899 -0.100875 0.000000 355.235651 0.100875 0.994899 0.000000 42.216519 0.000000 0.000000 1.000000 0.000000
0.994900 -0.100869 0.000000 355.237350 0.100869 0.994900 0.000000 42.216924 0.000000 0.000000 1.000000 0.000000
0.994932 -0.100552 0.000000 355.302081 0.100552 0.994932 0.000000 42.224467 0.000000 0.000000 1.000000 0.000000
0.994776 -0.102079 0.000000 356.093232 0.102079 0.994776 0.000000 42.302173 0.000000 0.000000 1.000000 0.000000
0.994829 -0.101569 0.000000 356.497885 0.101569 0.994829 0.000000 42.340643 0.000000 0.000000 1.000000 0.000000
0.995130 -0.098570 0.000000 357.567361 0.098570 0.995130 0.000000 42.433901 0.000000 0.000000 1.000000 0.000000
0.996054 -0.088754 0.000000 359.028680 0.088754 0.996054 0.000000 42.541855 0.000000 0.000000 1.000000 0.000000
0.997515 -0.070451 0.000000 360.910577 0.070451 0.997515 0.000000 42.650718 0.000000 0.000000 1.000000 0.000000
0.998760 -0.049784 0.000000 363.242129 0.049784 0.998760 0.000000 42.747392 0.000000 0.000000 1.000000 0.000000
0.999391 -0.034895 0.000000 365.971514 0.034895 0.999391 0.000000 42.830595 0.000000 0.000000 1.000000 0.000000
0.999674 -0.025526 0.000000 369.056685 0.025526 0.999674 0.000000 42.901826 0.000000 0.000000 1.000000 0.000000
0.999838 -0.017994 0.000000 372.455185 0.017994 0.999838 0.000000 42.956278 0.000000 0.000000 1.000000 0.000000
0.999959 -0.009003 0.000000 379.963279 0.009003 0.999959 0.000000 42.995758 0.000000 0.000000 1.000000 0.000000
0.999931 -0.011770 0.000000 381.946400 0.011770 0.999931 0.000000 43.007698 0.000000 0.000000 1.000000 0.000000
0.999828 -0.018539 0.000000 385.948847 0.018539 0.999828 0.000000 43.054955 0.000000 0.000000 1.000000 0.000000
0.999652 -0.026398 0.000000 389.969436 0.026398 0.999652 0.000000 43.155253 0.000000 0.000000 1.000000 0.000000
0.999492 -0.031875 0.000000 394.069328 0.031875 0.999492 0.000000 43.271418 0.000000 0.000000 1.000000 0.000000
0.999115 -0.042063 0.000000 398.190876 0.042063 0.999115 0.000000 43.418671 0.000000 0.000000 1.000000 0.000000
0.998507 -0.054631 0.000000 402.367672 0.054631 0.998507 0.000000 43.619298 0.000000 0.000000 1.000000 0.000000
0.997716 -0.067555 0.000000 406.579762 0.067555 0.997716 0.000000 43.871834 0.000000 0.000000 1.000000 0.000000
0.996843 -0.079392 0.000000 410.704836 0.079392 0.996843 0.000000 44.159712 0.000000 0.000000 1.000000 0.000000
0.995526 -0.094483 0.000000 418.663488 0.094483 0.995526 0.000000 44.814703 0.000000 0.000000 1.000000 0.000000
0.995176 -0.098103 0.000000 420.641503 0.098103 0.995176 0.000000 44.992067 0.000000 0.000000 1.000000 0.000000
0.994527 -0.104480 0.000000 424.496245 0.104480 0.994527 0.000000 45.347578 0.000000 0.000000 1.000000 0.000000
0.993972 -0.109636 0.000000 428.243539 0.109636 0.993972 0.000000 45.728445 0.000000 0.000000 1.000000 0.000000
0.993696 -0.112105 0.000000 431.869414 0.112105 0.993696 0.000000 46.114132 0.000000 0.000000 1.000000 0.000000
0.993510 -0.113743 0.000000 435.902171 0.113743 0.993510 0.000000 46.542531 0.000000 0.000000 1.000000 0.000000
0.993421 -0.114515 0.000000 439.837148 0.114515 0.993421 0.000000 46.963246 0.000000 0.000000 1.000000 0.000000
0.993083 -0.117419 0.000000 443.684909 0.117419 0.993083 0.000000 47.380579 0.000000 0.000000 1.000000 0.000000
0.992958 -0.118469 0.000000 447.399810 0.118469 0.992958 0.000000 47.789838 0.000000 0.000000 1.000000 0.000000
0.993585 -0.113092 0.000000 454.266170 0.113092 0.993585 0.000000 48.517140 0.000000 0.000000 1.000000 0.000000
0.993772 -0.111429 0.000000 455.804391 0.111429 0.993772 0.000000 48.674748 0.000000 0.000000 1.000000 0.000000
0.994860 -0.101263 0.000000 458.666881 0.101263 0.994860 0.000000 48.963559 0.000000 0.000000 1.000000 0.000000
0.997447 -0.071406 0.000000 461.257340 0.071406 0.997447 0.000000 49.158809 0.000000 0.000000 1.000000 0.000000
0.999919 -0.012725 0.000000 463.751726 0.012725 0.999919 0.000000 49.202766 0.000000 0.000000 1.000000 0.000000
0.997564 0.069758 0.000000 465.957381 -0.069758 0.997564 -0.000000 49.066896 -0.000000 0.000000 1.000000 0.000000
0.983843 0.179032 0.000000 467.773131 -0.179032 0.983843 -0.000000 48.743165 -0.000000 0.000000 1.000000 0.000000
0.956561 0.291533 0.000000 469.227072 -0.291533 0.956561 -0.000000 48.283336 -0.000000 0.000000 1.000000 0.000000
0.918332 0.395812 0.000000 470.378509 -0.395812 0.918332 -0.000000 47.754309 -0.000000 0.000000 1.000000 0.000000
0.845071 0.534655 0.000000 471.947475 -0.534655 0.845071 -0.000000 46.766642 -0.000000 0.000000 1.000000 0.000000
0.831429 0.555630 0.000000 472.166925 -0.555630 0.831429 -0.000000 46.594541 -0.000000 0.000000 1.000000 0.000000
0.807121 0.590386 0.000000 472.531492 -0.590386 0.807121 -0.000000 46.290044 -0.000000 0.000000 1.000000 0.000000
0.777592 0.628770 0.000000 472.901095 -0.628770 0.777592 -0.000000 45.947728 -0.000000 0.000000 1.000000 0.000000
0.729425 0.684061 0.000000 473.330800 -0.684061 0.729425 -0.000000 45.486089 -0.000000 0.000000 1.000000 0.000000
0.634443 0.772969 0.000000 473.839694 -0.772969 0.634443 -0.000000 44.775606 -0.000000 0.000000 1.000000 0.000000
0.483295 0.875458 0.000000 474.336805 -0.875458 0.483295 -0.000000 43.751254 -0.000000 0.000000 1.000000 0.000000
0.271861 0.962337 0.000000 474.695047 -0.962337 0.271861 -0.000000 42.384170 -0.000000 0.000000 1.000000 0.000000
0.015130 0.999886 0.000000 474.717428 -0.999886 0.015130 -0.000000 40.756738 -0.000000 0.000000 1.000000 0.000000
-0.519696 0.854351 0.000000 473.124632 -0.854351 -0.519696 -0.000000 36.997500 -0.000000 0.000000 1.000000 0.000000
-0.618543 0.785751 0.000000 472.360706 -0.785751 -0.618543 0.000000 36.074454 0.000000 0.000000 1.000000 0.000000
-0.754369 0.656451 0.000000 470.458113 -0.656451 -0.754369 0.000000 34.339992 0.000000 0.000000 1.000000 0.000000
-0.815900 0.578193 0.000000 468.073380 -0.578193 -0.815900 0.000000 32.611713 0.000000 0.000000 1.000000 0.000000
-0.841636 0.540045 0.000000 465.265749 -0.540045 -0.841636 0.000000 30.790550 0.000000 0.000000 1.000000 0.000000
-0.855735 0.517414 0.000000 462.295865 -0.517414 -0.855735 0.000000 28.991261 0.000000 0.000000 1.000000 0.000000
-0.861372 0.507975 0.000000 459.205788 -0.507975 -0.861372 0.000000 27.178263 0.000000 0.000000 1.000000 0.000000
-0.866397 0.499356 0.000000 456.045819 -0.499356 -0.866397 0.000000 25.373656 0.000000 0.000000 1.000000 0.000000
-0.872559 0.488509 0.000000 452.866230 -0.488509 -0.872559 0.000000 23.596503 0.000000 0.000000 1.000000 0.000000
-0.874338 0.485318 0.000000 445.304504 -0.485318 -0.874338 0.000000 19.474468 0.000000 0.000000 1.000000 0.000000
-0.874762 0.484553 0.000000 443.352243 -0.484553 -0.874762 0.000000 18.406993 0.000000 0.000000 1.000000 0.000000
-0.876157 0.482025 0.000000 439.533404 -0.482025 -0.876157 0.000000 16.319915 0.000000 0.000000 1.000000 0.000000
-0.878530 0.477688 0.000000 435.805821 -0.477688 -0.878530 0.000000 14.314478 0.000000 0.000000 1.000000 0.000000
-0.880625 0.473813 0.000000 431.935830 -0.473813 -0.880625 0.000000 12.251504 0.000000 0.000000 1.000000 0.000000
-0.881061 0.473002 0.000000 427.961249 -0.473002 -0.881061 0.000000 10.135040 0.000000 0.000000 1.000000 0.000000
-0.881411 0.472351 0.000000 424.298449 -0.472351 -0.881411 0.000000 8.191849 0.000000 0.000000 1.000000 0.000000
-0.882961 0.469447 0.000000 420.904382 -0.469447 -0.882961 0.000000 6.395408 0.000000 0.000000 1.000000 0.000000
-0.884654 0.466249 0.000000 417.506955 -0.466249 -0.884654 0.000000 4.608607 0.000000 0.000000 1.000000 0.000000
-0.887289 0.461215 0.000000 411.267233 -0.461215 -0.887289 0.000000 1.370735 0.000000 0.000000 1.000000 0.000000
-0.888024 0.459798 0.000000 409.826429 -0.459798 -0.888024 0.000000 0.626261 0.000000 0.000000 1.000000 0.000000
-0.889376 0.457176 0.000000 406.945271 -0.457176 -0.889376 0.000000 -0.845778 0.000000 0.000000 1.000000 0.000000
-0.891329 0.453357 0.000000 403.738402 -0.453357 -0.891329 0.000000 -2.482501 0.000000 0.000000 1.000000 0.000000
-0.893158 0.449743 0.000000 400.484373 -0.449743 -0.893158 0.000000 -4.119621 0.000000 0.000000 1.000000 0.000000
-0.894940 0.446186 0.000000 397.267318 -0.446186 -0.894940 0.000000 -5.718801 0.000000 0.000000 1.000000 0.000000
-0.896795 0.442447 0.000000 394.054768 -0.442447 -0.896795 0.000000 -7.297455 0.000000 0.000000 1.000000 0.000000
-0.898828 0.438301 0.000000 390.526178 -0.438301 -0.898828 0.000000 -9.014731 0.000000 0.000000 1.000000 0.000000
-0.900748 0.434342 0.000000 386.957263 -0.434342 -0.900748 0.000000 -10.731288 0.000000 0.000000 1.000000 0.000000
-0.903134 0.429360 0.000000 379.480535 -0.429360 -0.903134 0.000000 -14.261974 0.000000 0.000000 1.000000 0.000000
-0.904226 0.427053 0.000000 377.373703 -0.427053 -0.904226 0.000000 -15.240177 0.000000 0.000000 1.000000 0.000000
-0.907528 0.419992 0.000000 373.171813 -0.419992 -0.907528 0.000000 -17.170549 0.000000 0.000000 1.000000 0.000000
-0.913288 0.407315 0.000000 369.071563 -0.407315 -0.913288 0.000000 -19.003142 0.000000 0.000000 1.000000 0.000000
-0.920418 0.390935 0.000000 364.988365 -0.390935 -0.920418 0.000000 -20.759846 0.000000 0.000000 1.000000 0.000000
-0.928545 0.371221 0.000000 361.052431 -0.371221 -0.928545 0.000000 -22.345296 0.000000 0.000000 1.000000 0.000000
-0.935621 0.353007 0.000000 357.190995 -0.353007 -0.935621 0.000000 -23.804997 0.000000 0.000000 1.000000 0.000000
-0.940721 0.339181 0.000000 353.549627 -0.339181 -0.940721 0.000000 -25.116800 0.000000 0.000000 1.000000 0.000000
-0.942380 0.334544 0.000000 350.025841 -0.334544 -0.942380 0.000000 -26.345783 0.000000 0.000000 1.000000 0.000000
-0.941073 0.338205 0.000000 342.476260 -0.338205 -0.941073 0.000000 -29.004832 0.000000 0.000000 1.000000 0.000000
-0.940982 0.338456 0.000000 340.458116 -0.338456 -0.940982 0.000000 -29.725577 0.000000 0.000000 1.000000 0.000000
-0.939994 0.341191 0.000000 336.552237 -0.341191 -0.939994 0.000000 -31.132149 0.000000 0.000000 1.000000 0.000000
-0.936265 0.351296 0.000000 332.822770 -0.351296 -0.936265 0.000000 -32.510169 0.000000 0.000000 1.000000 0.000000
-0.932528 0.361099 0.000000 329.119798 -0.361099 -0.932528 0.000000 -33.918651 0.000000 0.000000 1.000000 0.000000
-0.930091 0.367329 0.000000 324.975814 -0.367329 -0.930091 0.000000 -35.535051 0.000000 0.000000 1.000000 0.000000
-0.928167 0.372163 0.000000 320.975926 -0.372163 -0.928167 0.000000 -37.117980 0.000000 0.000000 1.000000 0.000000
-0.926062 0.377371 0.000000 317.168339 -0.377371 -0.926062 0.000000 -38.637684 0.000000 0.000000 1.000000 0.000000
