1.000000 0.000007 0.000000 0.001571 -0.000007 1.000000 -0.000000 -0.001797 -0.000000 0.000000 1.000000 0.000000
1.000000 -0.000007 0.000000 0.001945 0.000007 1.000000 0.000000 -0.001613 0.000000 0.000000 1.000000 0.000000
1.000000 -0.000062 0.000000 0.002139 0.000062 1.000000 0.000000 -0.001188 0.000000 0.000000 1.000000 0.000000
1.000000 -0.000012 0.000000 0.002121 0.000012 1.000000 0.000000 -0.001176 0.000000 0.000000 1.000000 0.000000
1.000000 0.000011 0.000000 0.001915 -0.000011 1.000000 -0.000000 -0.001342 -0.000000 0.000000 1.000000 0.000000
1.000000 -0.000014 0.000000 0.002026 0.000014 1.000000 0.000000 -0.001323 0.000000 0.000000 1.000000 0.000000
1.000000 -0.000047 0.000000 0.001668 0.000047 1.000000 0.000000 -0.000710 0.000000 0.000000 1.000000 0.000000
1.000000 -0.000022 0.000000 0.001653 0.000022 1.000000 0.000000 -0.001410 0.000000 0.000000 1.000000 0.000000
1.000000 0.000005 0.000000 0.001609 -0.000005 1.000000 -0.000000 0.000483 -0.000000 0.000000 1.000000 0.000000
1.000000 0.000016 0.000000 0.001776 -0.000016 1.000000 -0.000000 0.000844 -0.000000 0.000000 1.000000 0.000000
1.000000 0.000016 0.000000 0.001972 -0.000016 1.000000 -0.000000 -0.000561 -0.000000 0.000000 1.000000 0.000000
1.000000 -0.000048 0.000000 0.002189 0.000048 1.000000 0.000000 -0.000272 0.000000 0.000000 1.000000 0.000000
1.000000 -0.000052 0.000000 0.002174 0.000052 1.000000 0.000000 -0.000406 0.000000 0.000000 1.000000 0.000000
1.000000 0.000009 0.000000 0.002003 -0.000009 1.000000 -0.000000 -0.001403 -0.000000 0.000000 1.000000 0.000000
1.000000 0.000029 0.000000 0.001406 -0.000029 1.000000 -0.000000 -0.000988 -0.000000 0.000000 1.000000 0.000000
1.000000 -0.000004 0.000000 0.000797 0.000004 1.000000 0.000000 0.000681 0.000000 0.000000 1.000000 0.000000
1.000000 -0.000005 0.000000 0.000431 0.000005 1.000000 0.000000 0.001302 0.000000 0.000000 1.000000 0.000000
1.000000 0.000009 0.000000 0.000186 -0.000009 1.000000 -0.000000 0.001326 -0.000000 0.000000 1.000000 0.000000
1.000000 0.000003 0.000000 0.000229 -0.000003 1.000000 -0.000000 0.000594 -0.000000 0.000000 1.000000 0.000000
1.000000 -0.000028 0.000000 0.000219 0.000028 1.000000 0.000000 -0.000039 0.000000 0.000000 1.000000 0.000000
1.000000 -0.000088 0.000000 0.000129 0.000088 1.000000 0.000000 -0.000437 0.000000 0.000000 1.000000 0.000000
1.000000 -0.000153 0.000000 0.000442 0.000153 1.000000 0.000000 -0.000420 0.000000 0.000000 1.000000 0.000000
1.000000 -0.000069 0.000000 0.000310 0.000069 1.000000 0.000000 0.000700 0.000000 0.000000 1.000000 0.000000
1.000000 -0.000040 0.000000 0.000191 0.000040 1.000000 0.000000 0.000414 0.000000 0.000000 1.000000 0.000000
1.000000 -0.000024 0.000000 0.000381 0.000024 1.000000 0.000000 0.000282 0.000000 0.000000 1.000000 0.000000
1.000000 -0.000021 0.000000 0.000347 0.000021 1.000000 0.000000 0.000398 0.000000 0.000000 1.000000 0.000000
1.000000 -0.000025 0.000000 0.000285 0.000025 1.000000 0.000000 0.000082 0.000000 0.000000 1.000000 0.000000
1.000000 -0.000042 0.000000 0.000638 0.000042 1.000000 0.000000 0.000186 0.000000 0.000000 1.000000 0.000000
1.000000 -0.000083 0.000000 0.001237 0.000083 1.000000 0.000000 -0.000709 0.000000 0.000000 1.000000 0.000000
1.000000 -0.000106 0.000000 0.001688 0.000106 1.000000 0.000000 -0.000646 0.000000 0.000000 1.000000 0.000000
1.000000 -0.000084 0.000000 0.001657 0.000084 1.000000 0.000000 0.000645 0.000000 0.000000 1.000000 0.000000
1.000000 -0.000044 0.000000 0.001281 0.000044 1.000000 0.000000 0.001240 0.000000 0.000000 1.000000 0.000000
1.000000 -0.000038 0.000000 0.001250 0.000038 1.000000 0.000000 0.000997 0.000000 0.000000 1.000000 0.000000
1.000000 -0.000054 0.000000 0.001449 0.000054 1.000000 0.000000 -0.000202 0.000000 0.000000 1.000000 0.000000
1.000000 -0.000088 0.000000 0.001729 0.000088 1.000000 0.000000 -0.001996 0.000000 0.000000 1.000000 0.000000
1.000000 -0.000091 0.000000 0.002260 0.000091 1.000000 0.000000 -0.003667 0.000000 0.000000 1.000000 0.000000
1.000000 0.000014 0.000000 0.001986 -0.000014 1.000000 -0.000000 -0.003910 -0.000000 0.000000 1.000000 0.000000
1.000000 0.000001 0.000000 0.001419 -0.000001 1.000000 -0.000000 -0.001344 -0.000000 0.000000 1.000000 0.000000
1.000000 -0.000050 0.000000 0.001070 0.000050 1.000000 0.000000 0.000248 0.000000 0.000000 1.000000 0.000000
1.000000 -0.000103 0.000000 0.000745 0.000103 1.000000 0.000000 0.000447 0.000000 0.000000 1.000000 0.000000
1.000000 -0.000131 0.000000 0.000607 0.000131 1.000000 0.000000 0.000124 0.000000 0.000000 1.000000 0.000000
1.000000 -0.000098 0.000000 0.000184 0.000098 1.000000 0.000000 0.000738 0.000000 0.000000 1.000000 0.000000
1.000000 -0.000022 0.000000 0.000325 0.000022 1.000000 0.000000 0.000708 0.000000 0.000000 1.000000 0.000000
1.000000 0.000009 0.000000 -0.000095 -0.000009 1.000000 -0.000000 0.000275 -0.000000 0.000000 1.000000 0.000000
1.000000 0.000015 0.000000 -0.000063 -0.000015 1.000000 -0.000000 0.000013 -0.000000 0.000000 1.000000 0.000000
1.000000 -0.000015 0.000000 -0.000010 0.000015 1.000000 0.000000 0.000013 0.000000 0.000000 1.000000 0.000000
1.000000 -0.000047 0.000000 0.000527 0.000047 1.000000 0.000000 -0.000127 0.000000 0.000000 1.000000 0.000000
1.000000 0.000006 0.000000 0.001151 -0.000006 1.000000 -0.000000 0.000705 -0.000000 0.000000 1.000000 0.000000
1.000000 0.000016 0.000000 0.001811 -0.000016 1.000000 -0.000000 -0.000529 -0.000000 0.000000 1.000000 0.000000
1.000000 -0.000035 0.000000 0.002152 0.000035 1.000000 0.000000 -0.001801 0.000000 0.000000 1.000000 0.000000
1.000000 -0.000100 0.000000 0.002413 0.000100 1.000000 0.000000 -0.001650 0.000000 0.000000 1.000000 0.000000
1.000000 -0.000077 0.000000 0.002556 0.000077 1.000000 0.000000 -0.000018 0.000000 0.000000 1.000000 0.000000
1.000000 -0.000060 0.000000 0.002802 0.000060 1.000000 0.000000 -0.000574 0.000000 0.000000 1.000000 0.000000
1.000000 -0.000018 0.000000 0.003199 0.000018 1.000000 0.000000 -0.001363 0.000000 0.000000 1.000000 0.000000
1.000000 -0.000019 0.000000 0.003753 0.000019 1.000000 0.000000 -0.001354 0.000000 0.000000 1.000000 0.000000
1.000000 -0.000077 0.000000 0.004272 0.000077 1.000000 0.000000 -0.001065 0.000000 0.000000 1.000000 0.000000
1.000000 -0.000105 0.000000 0.004624 0.000105 1.000000 0.000000 -0.002870 0.000000 0.000000 1.000000 0.000000
1.000000 -0.000072 0.000000 0.004242 0.000072 1.000000 0.000000 -0.000456 0.000000 0.000000 1.000000 0.000000
1.000000 -0.000040 0.000000 0.003957 0.000040 1.000000 0.000000 -0.000922 0.000000 0.000000 1.000000 0.000000
1.000000 -0.000066 0.000000 0.003881 0.000066 1.000000 0.000000 -0.001999 0.000000 0.000000 1.000000 0.000000
1.000000 -0.000117 0.000000 0.003749 0.000117 1.000000 0.000000 -0.002214 0.000000 0.000000 1.000000 0.000000
1.000000 -0.000021 0.000000 0.003381 0.000021 1.000000 0.000000 -0.001805 0.000000 0.000000 1.000000 0.000000
1.000000 -0.000011 0.000000 0.002856 0.000011 1.000000 0.000000 0.000231 0.000000 0.000000 1.000000 0.000000
1.000000 -0.000019 0.000000 0.002592 0.000019 1.000000 0.000000 0.000103 0.000000 0.000000 1.000000 0.000000
1.000000 -0.000061 0.000000 0.002601 0.000061 1.000000 0.000000 -0.000983 0.000000 0.000000 1.000000 0.000000
1.000000 -0.000127 0.000000 0.002468 0.000127 1.000000 0.000000 -0.001736 0.000000 0.000000 1.000000 0.000000
1.000000 -0.000098 0.000000 0.002273 0.000098 1.000000 0.000000 -0.000908 0.000000 0.000000 1.000000 0.000000
1.000000 -0.000038 0.000000 0.001938 0.000038 1.000000 0.000000 0.000336 0.000000 0.000000 1.000000 0.000000
1.000000 -0.000017 0.000000 0.001744 0.000017 1.000000 0.000000 -0.000192 0.000000 0.000000 1.000000 0.000000
1.000000 -0.000010 0.000000 0.001841 0.000010 1.000000 0.000000 -0.001235 0.000000 0.000000 1.000000 0.000000
1.000000 -0.000055 0.000000 0.001858 0.000055 1.000000 0.000000 -0.001218 0.000000 0.000000 1.000000 0.000000
1.000000 -0.000051 0.000000 0.001125 0.000051 1.000000 0.000000 0.001756 0.000000 0.000000 1.000000 0.000000
1.000000 -0.000023 0.000000 0.000892 0.000023 1.000000 0.000000 -0.000554 0.000000 0.000000 1.000000 0.000000
1.000000 -0.000003 0.000000 0.000622 0.000003 1.000000 0.000000 -0.001716 0.000000 0.000000 1.000000 0.000000
1.000000 0.000018 0.000000 -0.000117 -0.000018 1.000000 -0.000000 -0.001101 -0.000000 0.000000 1.000000 0.000000
1.000000 0.000034 0.000000 -0.000375 -0.000034 1.000000 -0.000000 0.000618 -0.000000 0.000000 1.000000 0.000000
1.000000 0.000080 0.000000 -0.000678 -0.000080 1.000000 -0.000000 0.000686 -0.000000 0.000000 1.000000 0.000000
1.000000 0.000092 0.000000 -0.000729 -0.000092 1.000000 -0.000000 0.002532 -0.000000 0.000000 1.000000 0.000000
1.000000 0.000064 0.000000 -0.000692 -0.000064 1.000000 -0.000000 0.001775 -0.000000 0.000000 1.000000 0.000000
1.000000 0.000025 0.000000 -0.000963 -0.000025 1.000000 -0.000000 0.000014 -0.000000 0.000000 1.000000 0.000000
1.000000 -0.000016 0.000000 -0.000907 0.000016 1.000000 0.000000 -0.001086 0.000000 0.000000 1.000000 0.000000
1.000000 -0.000066 0.000000 -0.000998 0.000066 1.000000 0.000000 -0.000496 0.000000 0.000000 1.000000 0.000000
1.000000 -0.000061 0.000000 -0.001068 0.000061 1.000000 0.000000 0.000432 0.000000 0.000000 1.000000 0.000000
1.000000 -0.000026 0.000000 -0.000940 0.000026 1.000000 0.000000 -0.000188 0.000000 0.000000 1.000000 0.000000
1.000000 -0.000041 0.000000 -0.000670 0.000041 1.000000 0.000000 -0.001036 0.000000 0.000000 1.000000 0.000000
1.000000 -0.000103 0.000000 -0.000557 0.000103 1.000000 0.000000 -0.001096 0.000000 0.000000 1.000000 0.000000
1.000000 -0.000062 0.000000 -0.000532 0.000062 1.000000 0.000000 -0.000724 0.000000 0.000000 1.000000 0.000000
1.000000 -0.000050 0.000000 -0.000387 0.000050 1.000000 0.000000 -0.001011 0.000000 0.000000 1.000000 0.000000
1.000000 -0.000032 0.000000 -0.000076 0.000032 1.000000 0.000000 -0.000635 0.000000 0.000000 1.000000 0.000000
1.000000 -0.000016 0.000000 0.000376 0.000016 1.000000 0.000000 -0.000172 0.000000 0.000000 1.000000 0.000000
1.000000 -0.000007 0.000000 0.000842 0.000007 1.000000 0.000000 0.000246 0.000000 0.000000 1.000000 0.000000
1.000000 0.000024 0.000000 0.001509 -0.000024 1.000000 -0.000000 0.001147 -0.000000 0.000000 1.000000 0.000000
1.000000 -0.000002 0.000000 0.002471 0.000002 1.000000 0.000000 -0.001233 0.000000 0.000000 1.000000 0.000000
1.000000 -0.000059 0.000000 0.003296 0.000059 1.000000 0.000000 -0.001887 0.000000 0.000000 1.000000 0.000000
1.000000 -0.000118 0.000000 0.004106 0.000118 1.000000 0.000000 -0.001258 0.000000 0.000000 1.000000 0.000000
1.000000 -0.000105 0.000000 0.005247 0.000105 1.000000 0.000000 -0.000483 0.000000 0.000000 1.000000 0.000000
1.000000 0.000010 0.000000 0.006625 -0.000010 1.000000 -0.000000 0.000371 -0.000000 0.000000 1.000000 0.000000
1.000000 0.000035 0.000000 0.008391 -0.000035 1.000000 -0.000000 -0.000230 -0.000000 0.000000 1.000000 0.000000
1.000000 0.000094 0.000000 0.010773 -0.000094 1.000000 -0.000000 0.000184 -0.000000 0.000000 1.000000 0.000000
1.000000 0.000169 0.000000 0.013394 -0.000169 1.000000 -0.000000 0.001092 -0.000000 0.000000 1.000000 0.000000
1.000000 0.000126 0.000000 0.016770 -0.000126 1.000000 -0.000000 0.002042 -0.000000 0.000000 1.000000 0.000000
1.000000 -0.000309 0.000000 0.022983 0.000309 1.000000 0.000000 0.002403 0.000000 0.000000 1.000000 0.000000
1.000000 -0.000552 0.000000 0.028991 0.000552 1.000000 0.000000 0.002162 0.000000 0.000000 1.000000 0.000000
0.999999 -0.001069 0.000000 0.035232 0.001069 0.999999 0.000000 0.001426 0.000000 0.000000 1.000000 0.000000
0.999997 -0.002633 0.000000 0.070665 0.002633 0.999997 0.000000 0.004590 0.000000 0.000000 1.000000 0.000000
0.999980 -0.006401 0.000000 0.119748 0.006401 0.999980 0.000000 0.005415 0.000000 0.000000 1.000000 0.000000
0.999934 -0.011526 0.000000 0.220901 0.011526 0.999934 0.000000 0.014529 0.000000 0.000000 1.000000 0.000000
0.999807 -0.019653 0.000000 0.379653 0.019653 0.999807 0.000000 0.019972 0.000000 0.000000 1.000000 0.000000
0.999562 -0.029609 0.000000 0.607268 0.029609 0.999562 0.000000 0.029132 0.000000 0.000000 1.000000 0.000000
0.999118 -0.041985 0.000000 0.891092 0.041985 0.999118 0.000000 0.047436 0.000000 0.000000 1.000000 0.000000
0.998335 -0.057678 0.000000 1.235910 0.057678 0.998335 0.000000 0.072936 0.000000 0.000000 1.000000 0.000000
0.997021 -0.077130 0.000000 1.637759 0.077130 0.997021 0.000000 0.109314 0.000000 0.000000 1.000000 0.000000
0.995252 -0.097330 0.000000 2.107158 0.097330 0.995252 0.000000 0.167260 0.000000 0.000000 1.000000 0.000000
0.992637 -0.121125 0.000000 2.632080 0.121125 0.992637 0.000000 0.242143 0.000000 0.000000 1.000000 0.000000
0.989072 -0.147435 0.000000 3.218008 0.147435 0.989072 0.000000 0.339030 0.000000 0.000000 1.000000 0.000000
0.984868 -0.173308 0.000000 3.875151 0.173308 0.984868 0.000000 0.460722 0.000000 0.000000 1.000000 0.000000
0.981173 -0.193130 0.000000 4.598559 0.193130 0.981173 0.000000 0.603155 0.000000 0.000000 1.000000 0.000000
0.979220 -0.202799 0.000000 5.386364 0.202799 0.979220 0.000000 0.765864 0.000000 0.000000 1.000000 0.000000
0.979218 -0.202809 0.000000 6.245832 0.202809 0.979218 0.000000 0.937054 0.000000 0.000000 1.000000 0.000000
0.980489 -0.196573 0.000000 7.174246 0.196573 0.980489 0.000000 1.106528 0.000000 0.000000 1.000000 0.000000
0.982487 -0.186330 0.000000 8.171915 0.186330 0.982487 0.000000 1.276546 0.000000 0.000000 1.000000 0.000000
0.984466 -0.175577 0.000000 9.237117 0.175577 0.984466 0.000000 1.452574 0.000000 0.000000 1.000000 0.000000
0.986921 -0.161206 0.000000 10.358292 0.161206 0.986921 0.000000 1.624225 0.000000 0.000000 1.000000 0.000000
0.989300 -0.145893 0.000000 11.554377 0.145893 0.989300 0.000000 1.779900 0.000000 0.000000 1.000000 0.000000
0.991726 -0.128371 0.000000 12.812110 0.128371 0.991726 0.000000 1.928496 0.000000 0.000000 1.000000 0.000000
0.993838 -0.110843 0.000000 14.114549 0.110843 0.993838 0.000000 2.061147 0.000000 0.000000 1.000000 0.000000
0.995930 -0.090130 0.000000 15.457155 0.090130 0.995930 0.000000 2.166324 0.000000 0.000000 1.000000 0.000000
0.997606 -0.069159 0.000000 16.704978 0.069159 0.997606 0.000000 2.246307 0.000000 0.000000 1.000000 0.000000
0.998666 -0.051638 0.000000 17.983023 0.051638 0.998666 0.000000 2.298592 0.000000 0.000000 1.000000 0.000000
0.999163 -0.040917 0.000000 19.309358 0.040917 0.999163 0.000000 2.334405 0.000000 0.000000 1.000000 0.000000
0.999377 -0.035280 0.000000 20.686510 0.035280 0.999377 0.000000 2.366278 0.000000 0.000000 1.000000 0.000000
0.999540 -0.030343 0.000000 22.042690 0.030343 0.999540 0.000000 2.397625 0.000000 0.000000 1.000000 0.000000
0.999666 -0.025845 0.000000 23.415555 0.025845 0.999666 0.000000 2.418221 0.000000 0.000000 1.000000 0.000000
0.999799 -0.020067 0.000000 24.745961 0.020067 0.999799 0.000000 2.440583 0.000000 0.000000 1.000000 0.000000
0.999889 -0.014879 0.000000 26.078210 0.014879 0.999889 0.000000 2.451730 0.000000 0.000000 1.000000 0.000000
0.999950 -0.010019 0.000000 27.482629 0.010019 0.999950 0.000000 2.444815 0.000000 0.000000 1.000000 0.000000
0.999988 -0.004921 0.000000 28.915209 0.004921 0.999988 0.000000 2.436591 0.000000 0.000000 1.000000 0.000000
1.000000 -0.000535 0.000000 30.370346 0.000535 1.000000 0.000000 2.419648 0.000000 0.000000 1.000000 0.000000
0.999994 0.003528 0.000000 31.807895 -0.003528 0.999994 -0.000000 2.411360 -0.000000 0.000000 1.000000 0.000000
0.999986 0.005340 0.000000 33.243812 -0.005340 0.999986 -0.000000 2.396634 -0.000000 0.000000 1.000000 0.000000
0.999983 0.005854 0.000000 34.751600 -0.005854 0.999983 -0.000000 2.373954 -0.000000 0.000000 1.000000 0.000000
0.999983 0.005912 0.000000 36.292669 -0.005912 0.999983 -0.000000 2.355433 -0.000000 0.000000 1.000000 0.000000
0.999978 0.006675 0.000000 37.876197 -0.006675 0.999978 -0.000000 2.334718 -0.000000 0.000000 1.000000 0.000000
0.999983 0.005858 0.000000 39.505090 -0.005858 0.999983 -0.000000 2.306024 -0.000000 0.000000 1.000000 0.000000
0.999985 0.005524 0.000000 41.150104 -0.005524 0.999985 -0.000000 2.287580 -0.000000 0.000000 1.000000 0.000000
0.999983 0.005911 0.000000 42.824680 -0.005911 0.999983 -0.000000 2.266831 -0.000000 0.000000 1.000000 0.000000
0.999985 0.005539 0.000000 44.436774 -0.005539 0.999985 -0.000000 2.243567 -0.000000 0.000000 1.000000 0.000000
0.999991 0.004222 0.000000 46.139347 -0.004222 0.999991 -0.000000 2.229864 -0.000000 0.000000 1.000000 0.000000
0.999999 0.001668 0.000000 47.930812 -0.001668 0.999999 -0.000000 2.220190 -0.000000 0.000000 1.000000 0.000000
0.999999 -0.001300 0.000000 49.695325 0.001300 0.999999 0.000000 2.207774 0.000000 0.000000 1.000000 0.000000
0.999993 -0.003626 0.000000 51.347785 0.003626 0.999993 0.000000 2.203268 0.000000 0.000000 1.000000 0.000000
0.999975 -0.007074 0.000000 52.975983 0.007074 0.999975 0.000000 2.200016 0.000000 0.000000 1.000000 0.000000
0.999955 -0.009526 0.000000 54.661679 0.009526 0.999955 0.000000 2.206023 0.000000 0.000000 1.000000 0.000000
0.999935 -0.011400 0.000000 56.386388 0.011400 0.999935 0.000000 2.214629 0.000000 0.000000 1.000000 0.000000
0.999932 -0.011651 0.000000 58.096502 0.011651 0.999932 0.000000 2.224797 0.000000 0.000000 1.000000 0.000000
0.999960 -0.008999 0.000000 59.718142 0.008999 0.999960 0.000000 2.234231 0.000000 0.000000 1.000000 0.000000
0.999980 -0.006320 0.000000 61.549380 0.006320 0.999980 0.000000 2.239150 0.000000 0.000000 1.000000 0.000000
0.999992 -0.003893 0.000000 63.260063 0.003893 0.999992 0.000000 2.242588 0.000000 0.000000 1.000000 0.000000
0.999999 -0.001668 0.000000 64.958487 0.001668 0.999999 0.000000 2.242190 0.000000 0.000000 1.000000 0.000000
1.000000 0.000183 0.000000 66.667736 -0.000183 1.000000 -0.000000 2.241162 -0.000000 0.000000 1.000000 0.000000
1.000000 0.000603 0.000000 68.404992 -0.000603 1.000000 -0.000000 2.233704 -0.000000 0.000000 1.000000 0.000000
0.999997 0.002311 0.000000 70.262857 -0.002311 0.999997 -0.000000 2.224643 -0.000000 0.000000 1.000000 0.000000
0.999995 0.003182 0.000000 72.116592 -0.003182 0.999995 -0.000000 2.210532 -0.000000 0.000000 1.000000 0.000000
0.999997 0.002525 0.000000 73.964902 -0.002525 0.999997 -0.000000 2.194926 -0.000000 0.000000 1.000000 0.000000
0.999995 0.003119 0.000000 75.797188 -0.003119 0.999995 -0.000000 2.183657 -0.000000 0.000000 1.000000 0.000000
0.999998 0.001792 0.000000 77.642130 -0.001792 0.999998 -0.000000 2.177556 -0.000000 0.000000 1.000000 0.000000
0.999999 0.001225 0.000000 79.320004 -0.001225 0.999999 -0.000000 2.169549 -0.000000 0.000000 1.000000 0.000000
0.999999 0.001716 0.000000 81.045319 -0.001716 0.999999 -0.000000 2.158302 -0.000000 0.000000 1.000000 0.000000
0.999992 0.003950 0.000000 82.756417 -0.003950 0.999992 -0.000000 2.150263 -0.000000 0.000000 1.000000 0.000000
0.999981 0.006235 0.000000 84.444860 -0.006235 0.999981 -0.000000 2.135798 -0.000000 0.000000 1.000000 0.000000
0.999963 0.008602 0.000000 86.142846 -0.008602 0.999963 -0.000000 2.119337 -0.000000 0.000000 1.000000 0.000000
0.999940 0.010956 0.000000 87.841373 -0.010956 0.999940 -0.000000 2.101060 -0.000000 0.000000 1.000000 0.000000
0.999936 0.011270 0.000000 89.467713 -0.011270 0.999936 -0.000000 2.076588 -0.000000 0.000000 1.000000 0.000000
0.999957 0.009243 0.000000 91.168926 -0.009243 0.999957 -0.000000 2.058035 -0.000000 0.000000 1.000000 0.000000
0.999976 0.006865 0.000000 92.936926 -0.006865 0.999976 -0.000000 2.040278 -0.000000 0.000000 1.000000 0.000000
0.999997 0.002343 0.000000 94.650133 -0.002343 0.999997 -0.000000 2.028293 -0.000000 0.000000 1.000000 0.000000
0.999997 -0.002462 0.000000 96.395321 0.002462 0.999997 0.000000 2.030201 0.000000 0.000000 1.000000 0.000000
0.999966 -0.008291 0.000000 98.091984 0.008291 0.999966 0.000000 2.038944 0.000000 0.000000 1.000000 0.000000
0.999891 -0.014783 0.000000 99.793085 0.014783 0.999891 0.000000 2.058488 0.000000 0.000000 1.000000 0.000000
0.999777 -0.021134 0.000000 101.514738 0.021134 0.999777 0.000000 2.092045 0.000000 0.000000 1.000000 0.000000
0.999615 -0.027736 0.000000 103.227072 0.027736 0.999615 0.000000 2.131671 0.000000 0.000000 1.000000 0.000000
0.999459 -0.032896 0.000000 104.909784 0.032896 0.999459 0.000000 2.180584 0.000000 0.000000 1.000000 0.000000
0.999277 -0.038027 0.000000 106.365484 0.038027 0.999277 0.000000 2.230635 0.000000 0.000000 1.000000 0.000000
0.999103 -0.042352 0.000000 107.889132 0.042352 0.999103 0.000000 2.292472 0.000000 0.000000 1.000000 0.000000
0.998932 -0.046205 0.000000 109.517509 0.046205 0.998932 0.000000 2.363265 0.000000 0.000000 1.000000 0.000000
0.998754 -0.049914 0.000000 111.096426 0.049914 0.998754 0.000000 2.435626 0.000000 0.000000 1.000000 0.000000
0.998557 -0.053704 0.000000 112.662583 0.053704 0.998557 0.000000 2.510227 0.000000 0.000000 1.000000 0.000000
0.998347 -0.057474 0.000000 114.194808 0.057474 0.998347 0.000000 2.589360 0.000000 0.000000 1.000000 0.000000
0.998118 -0.061318 0.000000 115.716642 0.061318 0.998118 0.000000 2.674173 0.000000 0.000000 1.000000 0.000000
0.997906 -0.064682 0.000000 117.214855 0.064682 0.997906 0.000000 2.766798 0.000000 0.000000 1.000000 0.000000
0.997816 -0.066048 0.000000 118.720841 0.066048 0.997816 0.000000 2.868607 0.000000 0.000000 1.000000 0.000000
0.997817 -0.066044 0.000000 120.247498 0.066044 0.997817 0.000000 2.960126 0.000000 0.000000 1.000000 0.000000
0.998073 -0.062043 0.000000 121.518770 0.062043 0.998073 0.000000 3.038727 0.000000 0.000000 1.000000 0.000000
0.998400 -0.056540 0.000000 122.867680 0.056540 0.998400 0.000000 3.111283 0.000000 0.000000 1.000000 0.000000
0.998696 -0.051044 0.000000 124.350267 0.051044 0.998696 0.000000 3.183475 0.000000 0.000000 1.000000 0.000000
0.998997 -0.044783 0.000000 125.821212 0.044783 0.998997 0.000000 3.241324 0.000000 0.000000 1.000000 0.000000
0.999292 -0.037613 0.000000 127.293841 0.037613 0.999292 0.000000 3.292063 0.000000 0.000000 1.000000 0.000000
0.999535 -0.030490 0.000000 128.772185 0.030490 0.999535 0.000000 3.333482 0.000000 0.000000 1.000000 0.000000
0.999732 -0.023132 0.000000 130.119743 0.023132 0.999732 0.000000 3.361584 0.000000 0.000000 1.000000 0.000000
0.999879 -0.015548 0.000000 131.446910 0.015548 0.999879 0.000000 3.375995 0.000000 0.000000 1.000000 0.000000
0.999958 -0.009211 0.000000 132.971191 0.009211 0.999958 0.000000 3.394763 0.000000 0.000000 1.000000 0.000000
0.999983 -0.005816 0.000000 134.490605 0.005816 0.999983 0.000000 3.404153 0.000000 0.000000 1.000000 0.000000
0.999990 -0.004396 0.000000 135.992617 0.004396 0.999990 0.000000 3.408575 0.000000 0.000000 1.000000 0.000000
0.999991 -0.004322 0.000000 137.506239 0.004322 0.999991 0.000000 3.419049 0.000000 0.000000 1.000000 0.000000
0.999992 -0.004102 0.000000 139.050506 0.004102 0.999992 0.000000 3.420674 0.000000 0.000000 1.000000 0.000000
0.999992 -0.004001 0.000000 140.609030 0.004001 0.999992 0.000000 3.429854 0.000000 0.000000 1.000000 0.000000
0.999988 -0.004814 0.000000 142.130622 0.004814 0.999988 0.000000 3.435966 0.000000 0.000000 1.000000 0.000000
0.999981 -0.006171 0.000000 143.652024 0.006171 0.999981 0.000000 3.441733 0.000000 0.000000 1.000000 0.000000
0.999976 -0.006918 0.000000 145.124106 0.006918 0.999976 0.000000 3.458392 0.000000 0.000000 1.000000 0.000000
0.999968 -0.007959 0.000000 146.563638 0.007959 0.999968 0.000000 3.466050 0.000000 0.000000 1.000000 0.000000
0.999947 -0.010288 0.000000 147.994518 0.010288 0.999947 0.000000 3.481082 0.000000 0.000000 1.000000 0.000000
0.999930 -0.011839 0.000000 149.245226 0.011839 0.999930 0.000000 3.497139 0.000000 0.000000 1.000000 0.000000
0.999914 -0.013138 0.000000 150.477034 0.013138 0.999914 0.000000 3.506687 0.000000 0.000000 1.000000 0.000000
0.999902 -0.013972 0.000000 151.849329 0.013972 0.999902 0.000000 3.523142 0.000000 0.000000 1.000000 0.000000
0.999903 -0.013898 0.000000 153.327653 0.013898 0.999903 0.000000 3.536582 0.000000 0.000000 1.000000 0.000000
0.999911 -0.013323 0.000000 154.776377 0.013323 0.999911 0.000000 3.550032 0.000000 0.000000 1.000000 0.000000
0.999922 -0.012516 0.000000 156.241041 0.012516 0.999922 0.000000 3.563009 0.000000 0.000000 1.000000 0.000000
0.999915 -0.013041 0.000000 157.755584 0.013041 0.999915 0.000000 3.579196 0.000000 0.000000 1.000000 0.000000
0.999913 -0.013218 0.000000 159.298801 0.013218 0.999913 0.000000 3.603607 0.000000 0.000000 1.000000 0.000000
0.999905 -0.013793 0.000000 160.836010 0.013793 0.999905 0.000000 3.615491 0.000000 0.000000 1.000000 0.000000
0.999898 -0.014274 0.000000 162.368656 0.014274 0.999898 0.000000 3.629275 0.000000 0.000000 1.000000 0.000000
0.999886 -0.015086 0.000000 164.000408 0.015086 0.999886 0.000000 3.654528 0.000000 0.000000 1.000000 0.000000
0.999846 -0.017555 0.000000 165.631743 0.017555 0.999846 0.000000 3.674735 0.000000 0.000000 1.000000 0.000000
0.999790 -0.020517 0.000000 167.269708 0.020517 0.999790 0.000000 3.698424 0.000000 0.000000 1.000000 0.000000
0.999734 -0.023073 0.000000 168.912243 0.023073 0.999734 0.000000 3.727374 0.000000 0.000000 1.000000 0.000000
0.999708 -0.024173 0.000000 170.589769 0.024173 0.999708 0.000000 3.766055 0.000000 0.000000 1.000000 0.000000
0.999672 -0.025595 0.000000 172.314412 0.025595 0.999672 0.000000 3.805645 0.000000 0.000000 1.000000 0.000000
0.999634 -0.027051 0.000000 174.031436 0.027051 0.999634 0.000000 3.842360 0.000000 0.000000 1.000000 0.000000
0.999586 -0.028764 0.000000 175.788176 0.028764 0.999586 0.000000 3.887986 0.000000 0.000000 1.000000 0.000000
0.999539 -0.030365 0.000000 177.509266 0.030365 0.999539 0.000000 3.933030 0.000000 0.000000 1.000000 0.000000
0.999493 -0.031848 0.000000 179.124979 0.031848 0.999493 0.000000 3.981753 0.000000 0.000000 1.000000 0.000000
0.999429 -0.033780 0.000000 180.976847 0.033780 0.999429 0.000000 4.037306 0.000000 0.000000 1.000000 0.000000
0.999389 -0.034945 0.000000 182.841795 0.034945 0.999389 0.000000 4.098468 0.000000 0.000000 1.000000 0.000000
0.999342 -0.036258 0.000000 184.725712 0.036258 0.999342 0.000000 4.157962 0.000000 0.000000 1.000000 0.000000
0.999311 -0.037111 0.000000 186.601734 0.037111 0.999311 0.000000 4.225325 0.000000 0.000000 1.000000 0.000000
0.999263 -0.038378 0.000000 188.464699 0.038378 0.999263 0.000000 4.291390 0.000000 0.000000 1.000000 0.000000
0.999234 -0.039134 0.000000 190.288083 0.039134 0.999234 0.000000 4.355643 0.000000 0.000000 1.000000 0.000000
0.999177 -0.040555 0.000000 192.116543 0.040555 0.999177 0.000000 4.416714 0.000000 0.000000 1.000000 0.000000
0.999134 -0.041607 0.000000 193.933772 0.041607 0.999134 0.000000 4.484138 0.000000 0.000000 1.000000 0.000000
0.999082 -0.042843 0.000000 195.718166 0.042843 0.999082 0.000000 4.551539 0.000000 0.000000 1.000000 0.000000
0.999029 -0.044067 0.000000 197.474807 0.044067 0.999029 0.000000 4.620763 0.000000 0.000000 1.000000 0.000000
0.998964 -0.045501 0.000000 199.183652 0.045501 0.998964 0.000000 4.682432 0.000000 0.000000 1.000000 0.000000
0.998917 -0.046519 0.000000 200.838572 0.046519 0.998917 0.000000 4.750300 0.000000 0.000000 1.000000 0.000000
0.998859 -0.047756 0.000000 202.443616 0.047756 0.998859 0.000000 4.823410 0.000000 0.000000 1.000000 0.000000
0.998739 -0.050203 0.000000 204.022217 0.050203 0.998739 0.000000 4.894397 0.000000 0.000000 1.000000 0.000000
0.998612 -0.052678 0.000000 205.557571 0.052678 0.998612 0.000000 4.968358 0.000000 0.000000 1.000000 0.000000
0.998501 -0.054741 0.000000 207.115562 0.054741 0.998501 0.000000 5.054188 0.000000 0.000000 1.000000 0.000000
0.998407 -0.056416 0.000000 208.659682 0.056416 0.998407 0.000000 5.141730 0.000000 0.000000 1.000000 0.000000
0.998437 -0.055895 0.000000 210.226747 0.055895 0.998437 0.000000 5.227363 0.000000 0.000000 1.000000 0.000000
0.998596 -0.052973 0.000000 211.800262 0.052973 0.998596 0.000000 5.311674 0.000000 0.000000 1.000000 0.000000
0.998770 -0.049582 0.000000 213.381077 0.049582 0.998770 0.000000 5.385198 0.000000 0.000000 1.000000 0.000000
0.999030 -0.044024 0.000000 214.993981 0.044024 0.999030 0.000000 5.451538 0.000000 0.000000 1.000000 0.000000
0.999261 -0.038440 0.000000 216.627220 0.038440 0.999261 0.000000 5.510344 0.000000 0.000000 1.000000 0.000000
0.999504 -0.031506 0.000000 218.302883 0.031506 0.999504 0.000000 5.559808 0.000000 0.000000 1.000000 0.000000
0.999672 -0.025591 0.000000 219.990518 0.025591 0.999672 0.000000 5.605154 0.000000 0.000000 1.000000 0.000000
0.999779 -0.021017 0.000000 221.684629 0.021017 0.999779 0.000000 5.637983 0.000000 0.000000 1.000000 0.000000
0.999771 -0.021388 0.000000 223.388612 0.021388 0.999771 0.000000 5.672811 0.000000 0.000000 1.000000 0.000000
0.999518 -0.031045 0.000000 225.136800 0.031045 0.999518 0.000000 5.722389 0.000000 0.000000 1.000000 0.000000
0.998996 -0.044798 0.000000 226.875520 0.044798 0.998996 0.000000 5.792763 0.000000 0.000000 1.000000 0.000000
0.997948 -0.064025 0.000000 228.620461 0.064025 0.997948 0.000000 5.898986 0.000000 0.000000 1.000000 0.000000
0.996660 -0.081657 0.000000 230.430599 0.081657 0.996660 0.000000 6.043651 0.000000 0.000000 1.000000 0.000000
0.995033 -0.099550 0.000000 232.238176 0.099550 0.995033 0.000000 6.220993 0.000000 0.000000 1.000000 0.000000
0.993635 -0.112647 0.000000 234.048533 0.112647 0.993635 0.000000 6.423518 0.000000 0.000000 1.000000 0.000000
0.992634 -0.121155 0.000000 235.670948 0.121155 0.992634 0.000000 6.622058 0.000000 0.000000 1.000000 0.000000
0.991930 -0.126784 0.000000 237.270081 0.126784 0.991930 0.000000 6.828895 0.000000 0.000000 1.000000 0.000000
0.991238 -0.132087 0.000000 239.124768 0.132087 0.991238 0.000000 7.073544 0.000000 0.000000 1.000000 0.000000
0.990582 -0.136918 0.000000 241.002506 0.136918 0.990582 0.000000 7.329375 0.000000 0.000000 1.000000 0.000000
0.989893 -0.141818 0.000000 242.886431 0.141818 0.989893 0.000000 7.599542 0.000000 0.000000 1.000000 0.000000
0.989368 -0.145431 0.000000 244.802429 0.145431 0.989368 0.000000 7.876716 0.000000 0.000000 1.000000 0.000000
0.988803 -0.149229 0.000000 246.741730 0.149229 0.988803 0.000000 8.164894 0.000000 0.000000 1.000000 0.000000
0.988556 -0.150854 0.000000 248.719453 0.150854 0.988556 0.000000 8.461058 0.000000 0.000000 1.000000 0.000000
0.988783 -0.149356 0.000000 250.718575 0.149356 0.988783 0.000000 8.760831 0.000000 0.000000 1.000000 0.000000
0.989061 -0.147509 0.000000 252.718851 0.147509 0.989061 0.000000 9.055743 0.000000 0.000000 1.000000 0.000000
0.989252 -0.146218 0.000000 254.720918 0.146218 0.989252 0.000000 9.347071 0.000000 0.000000 1.000000 0.000000
0.989394 -0.145254 0.000000 256.759348 0.145254 0.989394 0.000000 9.640456 0.000000 0.000000 1.000000 0.000000
0.989488 -0.144616 0.000000 258.798264 0.144616 0.989488 0.000000 9.931777 0.000000 0.000000 1.000000 0.000000
0.989391 -0.145275 0.000000 260.798752 0.145275 0.989391 0.000000 10.216457 0.000000 0.000000 1.000000 0.000000
0.989582 -0.143970 0.000000 262.822022 0.143970 0.989582 0.000000 10.503041 0.000000 0.000000 1.000000 0.000000
0.989694 -0.143198 0.000000 264.849094 0.143198 0.989694 0.000000 10.797052 0.000000 0.000000 1.000000 0.000000
0.989752 -0.142798 0.000000 266.882349 0.142798 0.989752 0.000000 11.081868 0.000000 0.000000 1.000000 0.000000
0.989921 -0.141623 0.000000 268.907760 0.141623 0.989921 0.000000 11.367539 0.000000 0.000000 1.000000 0.000000
0.990119 -0.140227 0.000000 270.849786 0.140227 0.990119 0.000000 11.635615 0.000000 0.000000 1.000000 0.000000
0.990322 -0.138789 0.000000 272.786474 0.138789 0.990322 0.000000 11.900519 0.000000 0.000000 1.000000 0.000000
0.990349 -0.138599 0.000000 274.751852 0.138599 0.990349 0.000000 12.174955 0.000000 0.000000 1.000000 0.000000
0.990261 -0.139225 0.000000 276.744490 0.139225 0.990261 0.000000 12.451216 0.000000 0.000000 1.000000 0.000000
0.990071 -0.140568 0.000000 278.736461 0.140568 0.990071 0.000000 12.726265 0.000000 0.000000 1.000000 0.000000
0.989960 -0.141349 0.000000 280.716217 0.141349 0.989960 0.000000 13.001920 0.000000 0.000000 1.000000 0.000000
0.989912 -0.141681 0.000000 282.683004 0.141681 0.989912 0.000000 13.277218 0.000000 0.000000 1.000000 0.000000
0.989963 -0.141327 0.000000 284.670779 0.141327 0.989963 0.000000 13.557801 0.000000 0.000000 1.000000 0.000000
0.990035 -0.140821 0.000000 286.602375 0.140821 0.990035 0.000000 13.828754 0.000000 0.000000 1.000000 0.000000
0.990135 -0.140113 0.000000 288.418597 0.140113 0.990135 0.000000 14.078659 0.000000 0.000000 1.000000 0.000000
0.990162 -0.139927 0.000000 290.424970 0.139927 0.990162 0.000000 14.355833 0.000000 0.000000 1.000000 0.000000
0.990286 -0.139046 0.000000 292.486871 0.139046 0.990286 0.000000 14.643504 0.000000 0.000000 1.000000 0.000000
0.990391 -0.138296 0.000000 294.558814 0.138296 0.990391 0.000000 14.927511 0.000000 0.000000 1.000000 0.000000
0.990536 -0.137254 0.000000 296.571662 0.137254 0.990536 0.000000 15.195654 0.000000 0.000000 1.000000 0.000000
0.990653 -0.136405 0.000000 298.461917 0.136405 0.990653 0.000000 15.444233 0.000000 0.000000 1.000000 0.000000
0.990887 -0.134694 0.000000 300.607652 0.134694 0.990887 0.000000 15.727718 0.000000 0.000000 1.000000 0.000000
0.991167 -0.132619 0.000000 302.767234 0.132619 0.991167 0.000000 16.006846 0.000000 0.000000 1.000000 0.000000
0.991490 -0.130183 0.000000 304.928112 0.130183 0.991490 0.000000 16.282761 0.000000 0.000000 1.000000 0.000000
0.992006 -0.126190 0.000000 307.038616 0.126190 0.992006 0.000000 16.543806 0.000000 0.000000 1.000000 0.000000
0.992445 -0.122692 0.000000 309.048462 0.122692 0.992445 0.000000 16.781303 0.000000 0.000000 1.000000 0.000000
0.992845 -0.119409 0.000000 311.042693 0.119409 0.992845 0.000000 17.009601 0.000000 0.000000 1.000000 0.000000
0.993337 -0.115247 0.000000 313.213761 0.115247 0.993337 0.000000 17.258553 0.000000 0.000000 1.000000 0.000000
0.993745 -0.111676 0.000000 315.392094 0.111676 0.993745 0.000000 17.502475 0.000000 0.000000 1.000000 0.000000
0.994115 -0.108334 0.000000 317.587847 0.108334 0.994115 0.000000 17.737570 0.000000 0.000000 1.000000 0.000000
0.994523 -0.104521 0.000000 319.778793 0.104521 0.994523 0.000000 17.967756 0.000000 0.000000 1.000000 0.000000
0.994726 -0.102570 0.000000 321.930147 0.102570 0.994726 0.000000 18.184847 0.000000 0.000000 1.000000 0.000000
0.994994 -0.099930 0.000000 324.161089 0.099930 0.994994 0.000000 18.406089 0.000000 0.000000 1.000000 0.000000
0.995059 -0.099284 0.000000 326.389489 0.099284 0.995059 0.000000 18.622218 0.000000 0.000000 1.000000 0.000000
0.995375 -0.096067 0.000000 328.602679 0.096067 0.995375 0.000000 18.834759 0.000000 0.000000 1.000000 0.000000
0.995561 -0.094120 0.000000 330.828096 0.094120 0.995561 0.000000 19.042190 0.000000 0.000000 1.000000 0.000000
0.995753 -0.092068 0.000000 333.001996 0.092068 0.995753 0.000000 19.230717 0.000000 0.000000 1.000000 0.000000
0.995905 -0.090409 0.000000 335.185408 0.090409 0.995905 0.000000 19.424955 0.000000 0.000000 1.000000 0.000000
0.996049 -0.088803 0.000000 337.361293 0.088803 0.996049 0.000000 19.616347 0.000000 0.000000 1.000000 0.000000
0.996045 -0.088847 0.000000 339.545772 0.088847 0.996045 0.000000 19.808668 0.000000 0.000000 1.000000 0.000000
0.996093 -0.088306 0.000000 341.723992 0.088306 0.996093 0.000000 19.999100 0.000000 0.000000 1.000000 0.000000
0.995953 -0.089873 0.000000 343.821788 0.089873 0.995953 0.000000 20.185849 0.000000 0.000000 1.000000 0.000000
0.995950 -0.089910 0.000000 345.921886 0.089910 0.995950 0.000000 20.368955 0.000000 0.000000 1.000000 0.000000
0.995898 -0.090485 0.000000 348.101379 0.090485 0.995898 0.000000 20.557067 0.000000 0.000000 1.000000 0.000000
0.996116 -0.088052 0.000000 350.327746 0.088052 0.996116 0.000000 20.746833 0.000000 0.000000 1.000000 0.000000
0.996526 -0.083278 0.000000 352.549050 0.083278 0.996526 0.000000 20.929907 0.000000 0.000000 1.000000 0.000000
0.997061 -0.076617 0.000000 354.762347 0.076617 0.997061 0.000000 21.096513 0.000000 0.000000 1.000000 0.000000
0.997923 -0.064412 0.000000 356.995538 0.064412 0.997923 0.000000 21.245008 0.000000 0.000000 1.000000 0.000000
0.998665 -0.051652 0.000000 359.216720 0.051652 0.998665 0.000000 21.359464 0.000000 0.000000 1.000000 0.000000
0.999387 -0.035008 0.000000 361.397739 0.035008 0.999387 0.000000 21.435819 0.000000 0.000000 1.000000 0.000000
0.999869 -0.016196 0.000000 363.490772 0.016196 0.999869 0.000000 21.469915 0.000000 0.000000 1.000000 0.000000
0.999995 0.003061 0.000000 365.714970 -0.003061 0.999995 -0.000000 21.467879 -0.000000 0.000000 1.000000 0.000000
0.999769 0.021510 0.000000 367.929649 -0.021510 0.999769 -0.000000 21.425446 -0.000000 0.000000 1.000000 0.000000
0.999305 0.037280 0.000000 370.139626 -0.037280 0.999305 -0.000000 21.346869 -0.000000 0.000000 1.000000 0.000000
0.998650 0.051941 0.000000 372.307303 -0.051941 0.998650 -0.000000 21.235963 -0.000000 0.000000 1.000000 0.000000
0.998000 0.063221 0.000000 374.326320 -0.063221 0.998000 -0.000000 21.096366 -0.000000 0.000000 1.000000 0.000000
0.997486 0.070871 0.000000 376.453580 -0.070871 0.997486 -0.000000 20.936417 -0.000000 0.000000 1.000000 0.000000
0.997265 0.073903 0.000000 378.537203 -0.073903 0.997265 -0.000000 20.772867 -0.000000 0.000000 1.000000 0.000000
0.997535 0.070167 0.000000 380.606012 -0.070167 0.997535 -0.000000 20.610149 -0.000000 0.000000 1.000000 0.000000
0.997913 0.064575 0.000000 382.689388 -0.064575 0.997913 -0.000000 20.463144 -0.000000 0.000000 1.000000 0.000000
0.998313 0.058054 0.000000 384.795908 -0.058054 0.998313 -0.000000 20.327964 -0.000000 0.000000 1.000000 0.000000
0.998706 0.050853 0.000000 386.906193 -0.050853 0.998706 -0.000000 20.216470 -0.000000 0.000000 1.000000 0.000000
0.999144 0.041373 0.000000 389.034619 -0.041373 0.999144 -0.000000 20.119573 -0.000000 0.000000 1.000000 0.000000
0.999454 0.033026 0.000000 391.177040 -0.033026 0.999454 -0.000000 20.038898 -0.000000 0.000000 1.000000 0.000000
0.999708 0.024173 0.000000 393.311141 -0.024173 0.999708 -0.000000 19.976040 -0.000000 0.000000 1.000000 0.000000
0.999863 0.016565 0.000000 395.412019 -0.016565 0.999863 -0.000000 19.934797 -0.000000 0.000000 1.000000 0.000000
0.999958 0.009169 0.000000 397.584565 -0.009169 0.999958 -0.000000 19.903963 -0.000000 0.000000 1.000000 0.000000
0.999994 0.003540 0.000000 399.762885 -0.003540 0.999994 -0.000000 19.893696 -0.000000 0.000000 1.000000 0.000000
0.999998 -0.001819 0.000000 401.909424 0.001819 0.999998 0.000000 19.887211 0.000000 0.000000 1.000000 0.000000
0.999980 -0.006264 0.000000 404.018730 0.006264 0.999980 0.000000 19.888680 0.000000 0.000000 1.000000 0.000000
0.999932 -0.011634 0.000000 406.145210 0.011634 0.999932 0.000000 19.896192 0.000000 0.000000 1.000000 0.000000
0.999885 -0.015154 0.000000 408.416011 0.015154 0.999885 0.000000 19.919595 0.000000 0.000000 1.000000 0.000000
0.999824 -0.018739 0.000000 410.585064 0.018739 0.999824 0.000000 19.949685 0.000000 0.000000 1.000000 0.000000
0.999759 -0.021948 0.000000 412.735161 0.021948 0.999759 0.000000 19.983519 0.000000 0.000000 1.000000 0.000000
0.999687 -0.025012 0.000000 414.914365 0.025012 0.999687 0.000000 20.019545 0.000000 0.000000 1.000000 0.000000
0.999596 -0.028433 0.000000 417.099908 0.028433 0.999596 0.000000 20.062675 0.000000 0.000000 1.000000 0.000000
0.999503 -0.031526 0.000000 419.477151 0.031526 0.999503 0.000000 20.116475 0.000000 0.000000 1.000000 0.000000
0.999411 -0.034303 0.000000 421.789487 0.034303 0.999411 0.000000 20.175426 0.000000 0.000000 1.000000 0.000000
0.999320 -0.036872 0.000000 424.087629 0.036872 0.999320 0.000000 20.239595 0.000000 0.000000 1.000000 0.000000
0.999194 -0.040149 0.000000 426.383308 0.040149 0.999194 0.000000 20.314448 0.000000 0.000000 1.000000 0.000000
0.999098 -0.042463 0.000000 428.672084 0.042463 0.999098 0.000000 20.399410 0.000000 0.000000 1.000000 0.000000
0.998975 -0.045269 0.000000 430.772234 0.045269 0.998975 0.000000 20.475569 0.000000 0.000000 1.000000 0.000000
0.998912 -0.046625 0.000000 432.952436 0.046625 0.998912 0.000000 20.561769 0.000000 0.000000 1.000000 0.000000
0.998854 -0.047870 0.000000 435.169217 0.047870 0.998854 0.000000 20.653088 0.000000 0.000000 1.000000 0.000000
0.998793 -0.049127 0.000000 437.336459 0.049127 0.998793 0.000000 20.744515 0.000000 0.000000 1.000000 0.000000
