1.000000 0.000013 0.000000 0.000042 -0.000013 1.000000 -0.000000 0.000009 -0.000000 0.000000 1.000000 0.000000
1.000000 0.000013 0.000000 0.000052 -0.000013 1.000000 -0.000000 -0.000012 -0.000000 0.000000 1.000000 0.000000
1.000000 0.000003 0.000000 0.000027 -0.000003 1.000000 -0.000000 -0.000070 -0.000000 0.000000 1.000000 0.000000
1.000000 0.000001 0.000000 -0.000043 -0.000001 1.000000 -0.000000 -0.000108 -0.000000 0.000000 1.000000 0.000000
1.000000 -0.000001 0.000000 -0.000072 0.000001 1.000000 0.000000 -0.000162 0.000000 0.000000 1.000000 0.000000
1.000000 -0.000001 0.000000 -0.000229 0.000001 1.000000 0.000000 -0.000260 0.000000 0.000000 1.000000 0.000000
1.000000 0.000011 0.000000 -0.000301 -0.000011 1.000000 -0.000000 -0.000251 -0.000000 0.000000 1.000000 0.000000
1.000000 0.000016 0.000000 -0.000278 -0.000016 1.000000 -0.000000 -0.000269 -0.000000 0.000000 1.000000 0.000000
1.000000 0.000018 0.000000 -0.000222 -0.000018 1.000000 -0.000000 -0.000284 -0.000000 0.000000 1.000000 0.000000
1.000000 0.000018 0.000000 -0.000276 -0.000018 1.000000 -0.000000 -0.000316 -0.000000 0.000000 1.000000 0.000000
1.000000 0.000032 0.000000 -0.000232 -0.000032 1.000000 -0.000000 -0.000313 -0.000000 0.000000 1.000000 0.000000
1.000000 0.000039 0.000000 -0.000265 -0.000039 1.000000 -0.000000 -0.000367 -0.000000 0.000000 1.000000 0.000000
1.000000 0.000043 0.000000 -0.000275 -0.000043 1.000000 -0.000000 -0.000406 -0.000000 0.000000 1.000000 0.000000
1.000000 0.000043 0.000000 -0.000211 -0.000043 1.000000 -0.000000 -0.000426 -0.000000 0.000000 1.000000 0.000000
1.000000 0.000064 0.000000 -0.000351 -0.000064 1.000000 -0.000000 -0.000398 -0.000000 0.000000 1.000000 0.000000
1.000000 0.000073 0.000000 -0.000326 -0.000073 1.000000 -0.000000 -0.000415 -0.000000 0.000000 1.000000 0.000000
1.000000 0.000075 0.000000 -0.000337 -0.000075 1.000000 -0.000000 -0.000413 -0.000000 0.000000 1.000000 0.000000
1.000000 0.000084 0.000000 -0.000407 -0.000084 1.000000 -0.000000 -0.000417 -0.000000 0.000000 1.000000 0.000000
1.000000 0.000085 0.000000 -0.000472 -0.000085 1.000000 -0.000000 -0.000428 -0.000000 0.000000 1.000000 0.000000
1.000000 0.000079 0.000000 -0.000576 -0.000079 1.000000 -0.000000 -0.000471 -0.000000 0.000000 1.000000 0.000000
1.000000 0.000090 0.000000 -0.000583 -0.000090 1.000000 -0.000000 -0.000491 -0.000000 0.000000 1.000000 0.000000
1.000000 0.000097 0.000000 -0.000521 -0.000097 1.000000 -0.000000 -0.000501 -0.000000 0.000000 1.000000 0.000000
1.000000 0.000078 0.000000 -0.000495 -0.000078 1.000000 -0.000000 -0.000564 -0.000000 0.000000 1.000000 0.000000
1.000000 0.000095 0.000000 -0.000220 -0.000095 1.000000 -0.000000 -0.000536 -0.000000 0.000000 1.000000 0.000000
1.000000 0.000107 0.000000 -0.000209 -0.000107 1.000000 -0.000000 -0.000495 -0.000000 0.000000 1.000000 0.000000
1.000000 0.000118 0.000000 0.000021 -0.000118 1.000000 -0.000000 -0.000537 -0.000000 0.000000 1.000000 0.000000
1.000000 0.000127 0.000000 0.000016 -0.000127 1.000000 -0.000000 -0.000546 -0.000000 0.000000 1.000000 0.000000
1.000000 0.000131 0.000000 -0.000046 -0.000131 1.000000 -0.000000 -0.000587 -0.000000 0.000000 1.000000 0.000000
1.000000 0.000142 0.000000 -0.000074 -0.000142 1.000000 -0.000000 -0.000635 -0.000000 0.000000 1.000000 0.000000
1.000000 0.000136 0.000000 -0.000183 -0.000136 1.000000 -0.000000 -0.000656 -0.000000 0.000000 1.000000 0.000000
1.000000 0.000148 0.000000 -0.000140 -0.000148 1.000000 -0.000000 -0.000656 -0.000000 0.000000 1.000000 0.000000
1.000000 0.000147 0.000000 -0.000283 -0.000147 1.000000 -0.000000 -0.000618 -0.000000 0.000000 1.000000 0.000000
1.000000 0.000150 0.000000 -0.000054 -0.000150 1.000000 -0.000000 -0.000725 -0.000000 0.000000 1.000000 0.000000
1.000000 0.000154 0.000000 -0.000084 -0.000154 1.000000 -0.000000 -0.000736 -0.000000 0.000000 1.000000 0.000000
1.000000 0.000157 0.000000 -0.000092 -0.000157 1.000000 -0.000000 -0.000789 -0.000000 0.000000 1.000000 0.000000
1.000000 0.000166 0.000000 -0.000105 -0.000166 1.000000 -0.000000 -0.000796 -0.000000 0.000000 1.000000 0.000000
1.000000 0.000169 0.000000 -0.000104 -0.000169 1.000000 -0.000000 -0.000803 -0.000000 0.000000 1.000000 0.000000
1.000000 0.000182 0.000000 -0.000112 -0.000182 1.000000 -0.000000 -0.000780 -0.000000 0.000000 1.000000 0.000000
1.000000 0.000196 0.000000 -0.000113 -0.000196 1.000000 -0.000000 -0.000801 -0.000000 0.000000 1.000000 0.000000
1.000000 0.000195 0.000000 -0.000004 -0.000195 1.000000 -0.000000 -0.000838 -0.000000 0.000000 1.000000 0.000000
1.000000 -0.000110 0.000000 0.007462 0.000110 1.000000 0.000000 -0.001788 0.000000 0.000000 1.000000 0.000000
0.999924 -0.012331 0.000000 0.159663 0.012331 0.999924 0.000000 -0.016337 0.000000 0.000000 1.000000 0.000000
0.999779 -0.021028 0.000000 0.372414 0.021028 0.999779 0.000000 -0.007711 0.000000 0.000000 1.000000 0.000000
0.998565 -0.053560 0.000000 1.002999 0.053560 0.998565 0.000000 0.039823 0.000000 0.000000 1.000000 0.000000
0.994891 -0.100959 0.000000 1.924210 0.100959 0.994891 0.000000 0.144955 0.000000 0.000000 1.000000 0.000000
0.989129 -0.147049 0.000000 3.201754 0.147049 0.989129 0.000000 0.341039 0.000000 0.000000 1.000000 0.000000
0.983597 -0.180381 0.000000 4.934217 0.180381 0.983597 0.000000 0.646978 0.000000 0.000000 1.000000 0.000000
0.983788 -0.179338 0.000000 7.112113 0.179338 0.983788 0.000000 1.021670 0.000000 0.000000 1.000000 0.000000
0.984025 -0.178031 0.000000 9.611206 0.178031 0.984025 0.000000 1.444368 0.000000 0.000000 1.000000 0.000000
0.985528 -0.169512 0.000000 12.055907 0.169512 0.985528 0.000000 1.837031 0.000000 0.000000 1.000000 0.000000
0.993945 -0.109882 0.000000 18.339455 0.109882 0.993945 0.000000 2.610815 0.000000 0.000000 1.000000 0.000000
0.995643 -0.093252 0.000000 20.044994 0.093252 0.995643 0.000000 2.751756 0.000000 0.000000 1.000000 0.000000
0.997926 -0.064364 0.000000 23.590277 0.064364 0.997926 0.000000 2.966593 0.000000 0.000000 1.000000 0.000000
0.999099 -0.042433 0.000000 27.091529 0.042433 0.999099 0.000000 3.103818 0.000000 0.000000 1.000000 0.000000
0.999513 -0.031211 0.000000 30.696000 0.031211 0.999513 0.000000 3.188610 0.000000 0.000000 1.000000 0.000000
0.999578 -0.029051 0.000000 34.321247 0.029051 0.999578 0.000000 3.253138 0.000000 0.000000 1.000000 0.000000
0.999554 -0.029880 0.000000 38.029651 0.029880 0.999554 0.000000 3.339743 0.000000 0.000000 1.000000 0.000000
0.999581 -0.028947 0.000000 41.755084 0.028947 0.999581 0.000000 3.424754 0.000000 0.000000 1.000000 0.000000
0.999578 -0.029054 0.000000 45.531733 0.029054 0.999578 0.000000 3.510409 0.000000 0.000000 1.000000 0.000000
0.999656 -0.026240 0.000000 53.016486 0.026240 0.999656 0.000000 3.683213 0.000000 0.000000 1.000000 0.000000
0.999717 -0.023773 0.000000 54.861701 0.023773 0.999717 0.000000 3.710902 0.000000 0.000000 1.000000 0.000000
0.999864 -0.016469 0.000000 58.596651 0.016469 0.999864 0.000000 3.751430 0.000000 0.000000 1.000000 0.000000
0.999915 -0.013016 0.000000 62.293730 0.013016 0.999915 0.000000 3.780475 0.000000 0.000000 1.000000 0.000000
0.999948 -0.010191 0.000000 65.906244 0.010191 0.999948 0.000000 3.804187 0.000000 0.000000 1.000000 0.000000
0.999967 -0.008119 0.000000 69.439850 0.008119 0.999967 0.000000 3.816526 0.000000 0.000000 1.000000 0.000000
0.999986 -0.005264 0.000000 72.946284 0.005264 0.999986 0.000000 3.818276 0.000000 0.000000 1.000000 0.000000
1.000000 -0.000816 0.000000 76.465740 0.000816 1.000000 0.000000 3.800206 0.000000 0.000000 1.000000 0.000000
0.999989 0.004603 0.000000 79.970620 -0.004603 0.999989 -0.000000 3.775855 -0.000000 0.000000 1.000000 0.000000
0.999899 0.014205 0.000000 86.826433 -0.014205 0.999899 -0.000000 3.697569 -0.000000 0.000000 1.000000 0.000000
0.999830 0.018451 0.000000 88.539679 -0.018451 0.999830 -0.000000 3.659253 -0.000000 0.000000 1.000000 0.000000
0.999838 0.018012 0.000000 91.985936 -0.018012 0.999838 -0.000000 3.571477 -0.000000 0.000000 1.000000 0.000000
0.999962 0.008735 0.000000 95.449745 -0.008735 0.999962 -0.000000 3.512689 -0.000000 0.000000 1.000000 0.000000
0.999985 -0.005438 0.000000 99.062499 0.005438 0.999985 0.000000 3.498221 0.000000 0.000000 1.000000 0.000000
0.999741 -0.022773 0.000000 102.820897 0.022773 0.999741 0.000000 3.555165 0.000000 0.000000 1.000000 0.000000
0.999107 -0.042252 0.000000 106.645265 0.042252 0.999107 0.000000 3.671900 0.000000 0.000000 1.000000 0.000000
0.998368 -0.057108 0.000000 110.543604 0.057108 0.998368 0.000000 3.874375 0.000000 0.000000 1.000000 0.000000
0.997743 -0.067149 0.000000 114.455287 0.067149 0.997743 0.000000 4.106492 0.000000 0.000000 1.000000 0.000000
0.997733 -0.067293 0.000000 122.233271 0.067293 0.997733 0.000000 4.608090 0.000000 0.000000 1.000000 0.000000
0.997833 -0.065792 0.000000 124.161893 0.065792 0.997833 0.000000 4.720828 0.000000 0.000000 1.000000 0.000000
0.997994 -0.063307 0.000000 127.976593 0.063307 0.997994 0.000000 4.955433 0.000000 0.000000 1.000000 0.000000
0.998117 -0.061335 0.000000 131.888956 0.061335 0.998117 0.000000 5.191590 0.000000 0.000000 1.000000 0.000000
0.998383 -0.056851 0.000000 135.818932 0.056851 0.998383 0.000000 5.409745 0.000000 0.000000 1.000000 0.000000
0.998740 -0.050185 0.000000 139.818731 0.050185 0.998740 0.000000 5.631283 0.000000 0.000000 1.000000 0.000000
0.998847 -0.048014 0.000000 143.875980 0.048014 0.998847 0.000000 5.799253 0.000000 0.000000 1.000000 0.000000
0.998943 -0.045969 0.000000 147.885690 0.045969 0.998943 0.000000 5.965962 0.000000 0.000000 1.000000 0.000000
0.999009 -0.044501 0.000000 151.899535 0.044501 0.999009 0.000000 6.128721 0.000000 0.000000 1.000000 0.000000
0.999205 -0.039870 0.000000 160.226979 0.039870 0.999205 0.000000 6.459224 0.000000 0.000000 1.000000 0.000000
0.999248 -0.038783 0.000000 162.384916 0.038783 0.999248 0.000000 6.543830 0.000000 0.000000 1.000000 0.000000
0.999253 -0.038638 0.000000 166.748735 0.038638 0.999253 0.000000 6.696376 0.000000 0.000000 1.000000 0.000000
0.999143 -0.041394 0.000000 171.077303 0.041394 0.999143 0.000000 6.843808 0.000000 0.000000 1.000000 0.000000
0.998786 -0.049267 0.000000 175.258797 0.049267 0.998786 0.000000 7.020049 0.000000 0.000000 1.000000 0.000000
0.998442 -0.055805 0.000000 179.205212 0.055805 0.998442 0.000000 7.219223 0.000000 0.000000 1.000000 0.000000
0.998207 -0.059862 0.000000 183.295522 0.059862 0.998207 0.000000 7.447691 0.000000 0.000000 1.000000 0.000000
0.998291 -0.058437 0.000000 187.239770 0.058437 0.998291 0.000000 7.665943 0.000000 0.000000 1.000000 0.000000
0.998331 -0.057756 0.000000 191.025078 0.057756 0.998331 0.000000 7.874085 0.000000 0.000000 1.000000 0.000000
0.998085 -0.061860 0.000000 198.246244 0.061860 0.998085 0.000000 8.264168 0.000000 0.000000 1.000000 0.000000
0.998020 -0.062897 0.000000 199.990616 0.062897 0.998020 0.000000 8.357824 0.000000 0.000000 1.000000 0.000000
0.997966 -0.063752 0.000000 203.446071 0.063752 0.997966 0.000000 8.562075 0.000000 0.000000 1.000000 0.000000
0.998148 -0.060834 0.000000 206.766414 0.060834 0.998148 0.000000 8.755779 0.000000 0.000000 1.000000 0.000000
0.998480 -0.055118 0.000000 209.945802 0.055118 0.998480 0.000000 8.926970 0.000000 0.000000 1.000000 0.000000
0.998686 -0.051250 0.000000 212.944783 0.051250 0.998686 0.000000 9.081912 0.000000 0.000000 1.000000 0.000000
0.998675 -0.051455 0.000000 215.816274 0.051455 0.998675 0.000000 9.220178 0.000000 0.000000 1.000000 0.000000
0.998621 -0.052499 0.000000 218.604235 0.052499 0.998621 0.000000 9.366961 0.000000 0.000000 1.000000 0.000000
0.998601 -0.052874 0.000000 221.404308 0.052874 0.998601 0.000000 9.523958 0.000000 0.000000 1.000000 0.000000
0.997081 -0.076346 0.000000 226.913726 0.076346 0.997081 0.000000 9.863701 0.000000 0.000000 1.000000 0.000000
0.995962 -0.089771 0.000000 228.273404 0.089771 0.995962 0.000000 9.991980 0.000000 0.000000 1.000000 0.000000
0.992813 -0.119673 0.000000 231.028250 0.119673 0.992813 0.000000 10.299752 0.000000 0.000000 1.000000 0.000000
0.988289 -0.152596 0.000000 233.911924 0.152596 0.988289 0.000000 10.721110 0.000000 0.000000 1.000000 0.000000
0.984785 -0.173778 0.000000 236.939051 0.173778 0.984785 0.000000 11.231911 0.000000 0.000000 1.000000 0.000000
0.983873 -0.178869 0.000000 240.150810 0.178869 0.983873 0.000000 11.810293 0.000000 0.000000 1.000000 0.000000
0.982522 -0.186147 0.000000 243.556378 0.186147 0.982522 0.000000 12.440504 0.000000 0.000000 1.000000 0.000000
0.981139 -0.193303 0.000000 247.052877 0.193303 0.981139 0.000000 13.114279 0.000000 0.000000 1.000000 0.000000
0.980474 -0.196648 0.000000 250.651048 0.196648 0.980474 0.000000 13.825884 0.000000 0.000000 1.000000 0.000000
0.983065 -0.183258 0.000000 258.021572 0.183258 0.983065 0.000000 15.237627 0.000000 0.000000 1.000000 0.000000
0.984111 -0.177555 0.000000 259.910027 0.177555 0.984111 0.000000 15.577946 0.000000 0.000000 1.000000 0.000000
0.985962 -0.166972 0.000000 263.732518 0.166972 0.985962 0.000000 16.234946 0.000000 0.000000 1.000000 0.000000
0.987300 -0.158864 0.000000 267.635831 0.158864 0.987300 0.000000 16.866876 0.000000 0.000000 1.000000 0.000000
0.987783 -0.155835 0.000000 271.645264 0.155835 0.987783 0.000000 17.483666 0.000000 0.000000 1.000000 0.000000
0.988090 -0.153879 0.000000 275.697137 0.153879 0.988090 0.000000 18.103827 0.000000 0.000000 1.000000 0.000000
0.987982 -0.154570 0.000000 279.644079 0.154570 0.987982 0.000000 18.711040 0.000000 0.000000 1.000000 0.000000
0.987910 -0.155031 0.000000 283.610886 0.155031 0.987910 0.000000 19.328835 0.000000 0.000000 1.000000 0.000000
0.989015 -0.147818 0.000000 287.540317 0.147818 0.989015 0.000000 19.918847 0.000000 0.000000 1.000000 0.000000
0.991351 -0.131235 0.000000 295.192095 0.131235 0.991351 0.000000 20.951321 0.000000 0.000000 1.000000 0.000000
0.991312 -0.131531 0.000000 297.088881 0.131531 0.991312 0.000000 21.194158 0.000000 0.000000 1.000000 0.000000
0.990418 -0.138099 0.000000 300.932963 0.138099 0.990418 0.000000 21.696165 0.000000 0.000000 1.000000 0.000000
0.989016 -0.147806 0.000000 304.789830 0.147806 0.989016 0.000000 22.245251 0.000000 0.000000 1.000000 0.000000
0.986917 -0.161230 0.000000 308.681798 0.161230 0.986917 0.000000 22.838738 0.000000 0.000000 1.000000 0.000000
0.984614 -0.174741 0.000000 312.614566 0.174741 0.984614 0.000000 23.501329 0.000000 0.000000 1.000000 0.000000
0.983150 -0.182800 0.000000 316.593395 0.182800 0.983150 0.000000 24.221784 0.000000 0.000000 1.000000 0.000000
0.983073 -0.183213 0.000000 320.569713 0.183213 0.983073 0.000000 24.953306 0.000000 0.000000 1.000000 0.000000
0.983933 -0.178539 0.000000 324.487291 0.178539 0.983933 0.000000 25.662973 0.000000 0.000000 1.000000 0.000000
0.986951 -0.161019 0.000000 332.131797 0.161019 0.986951 0.000000 26.955146 0.000000 0.000000 1.000000 0.000000
0.988221 -0.153034 0.000000 334.026462 0.153034 0.988221 0.000000 27.245811 0.000000 0.000000 1.000000 0.000000
0.992410 -0.122970 0.000000 337.868172 0.122970 0.992410 0.000000 27.753627 0.000000 0.000000 1.000000 0.000000
0.996932 -0.078273 0.000000 341.771115 0.078273 0.996932 0.000000 28.116733 0.000000 0.000000 1.000000 0.000000
0.999447 -0.033246 0.000000 345.756261 0.033246 0.999447 0.000000 28.291041 0.000000 0.000000 1.000000 0.000000
0.999997 0.002348 0.000000 349.780584 -0.002348 0.999997 -0.000000 28.294096 -0.000000 0.000000 1.000000 0.000000
0.999778 0.021090 0.000000 353.858594 -0.021090 0.999778 -0.000000 28.200905 -0.000000 0.000000 1.000000 0.000000
0.999708 0.024155 0.000000 357.931908 -0.024155 0.999708 -0.000000 28.087498 -0.000000 0.000000 1.000000 0.000000
0.999713 0.023968 0.000000 362.025752 -0.023968 0.999713 -0.000000 27.968024 -0.000000 0.000000 1.000000 0.000000
0.999788 0.020585 0.000000 370.227386 -0.020585 0.999788 -0.000000 27.772146 -0.000000 0.000000 1.000000 0.000000
0.999818 0.019102 0.000000 372.265010 -0.019102 0.999818 -0.000000 27.730790 -0.000000 0.000000 1.000000 0.000000
0.999915 0.013011 0.000000 376.375181 -0.013011 0.999915 -0.000000 27.646284 -0.000000 0.000000 1.000000 0.000000
0.999985 0.005450 0.000000 380.491249 -0.005450 0.999985 -0.000000 27.585487 -0.000000 0.000000 1.000000 0.000000
0.999998 0.001895 0.000000 384.590190 -0.001895 0.999998 -0.000000 27.561208 -0.000000 0.000000 1.000000 0.000000
0.999997 0.002550 0.000000 388.676860 -0.002550 0.999997 -0.000000 27.535740 -0.000000 0.000000 1.000000 0.000000
0.999999 -0.001206 0.000000 392.791595 0.001206 0.999999 0.000000 27.519585 0.000000 0.000000 1.000000 0.000000
0.999975 -0.007100 0.000000 396.956456 0.007100 0.999975 0.000000 27.529423 0.000000 0.000000 1.000000 0.000000
0.999871 -0.016041 0.000000 401.123059 0.016041 0.999871 0.000000 27.565461 0.000000 0.000000 1.000000 0.000000
0.999313 -0.037071 0.000000 409.682020 0.037071 0.999313 0.000000 27.771209 0.000000 0.000000 1.000000 0.000000
0.999230 -0.039228 0.000000 411.727026 0.039228 0.999230 0.000000 27.839867 0.000000 0.000000 1.000000 0.000000
0.999049 -0.043603 0.000000 415.936625 0.043603 0.999049 0.000000 27.982695 0.000000 0.000000 1.000000 0.000000
0.998815 -0.048667 0.000000 420.264322 0.048667 0.998815 0.000000 28.165722 0.000000 0.000000 1.000000 0.000000
0.998526 -0.054284 0.000000 424.592198 0.054284 0.998526 0.000000 28.346264 0.000000 0.000000 1.000000 0.000000
0.998332 -0.057735 0.000000 428.888998 0.057735 0.998332 0.000000 28.550116 0.000000 0.000000 1.000000 0.000000
0.998299 -0.058298 0.000000 433.046177 0.058298 0.998299 0.000000 28.750070 0.000000 0.000000 1.000000 0.000000
0.997999 -0.063227 0.000000 437.156704 0.063227 0.997999 0.000000 28.971617 0.000000 0.000000 1.000000 0.000000
0.997471 -0.071076 0.000000 441.167317 0.071076 0.997471 0.000000 29.217670 0.000000 0.000000 1.000000 0.000000
0.996366 -0.085172 0.000000 449.110573 0.085172 0.996366 0.000000 29.787377 0.000000 0.000000 1.000000 0.000000
0.996256 -0.086457 0.000000 451.035733 0.086457 0.996256 0.000000 29.936315 0.000000 0.000000 1.000000 0.000000
0.996644 -0.081857 0.000000 454.666402 0.081857 0.996644 0.000000 30.214100 0.000000 0.000000 1.000000 0.000000
0.997587 -0.069427 0.000000 458.052347 0.069427 0.997587 0.000000 30.434994 0.000000 0.000000 1.000000 0.000000
0.999319 -0.036909 0.000000 461.194110 0.036909 0.999319 0.000000 30.560790 0.000000 0.000000 1.000000 0.000000
0.999842 0.017751 0.000000 464.063418 -0.017751 0.999842 -0.000000 30.533540 -0.000000 0.000000 1.000000 0.000000
0.995762 0.091970 0.000000 466.668237 -0.091970 0.995762 -0.000000 30.315333 -0.000000 0.000000 1.000000 0.000000
0.978250 0.207428 0.000000 469.006068 -0.207428 0.978250 -0.000000 29.869990 -0.000000 0.000000 1.000000 0.000000
0.939596 0.342286 0.000000 471.034639 -0.342286 0.939596 -0.000000 29.162907 -0.000000 0.000000 1.000000 0.000000
0.774876 0.632113 0.000000 474.263738 -0.632113 0.774876 -0.000000 27.025166 -0.000000 0.000000 1.000000 0.000000
0.706247 0.707966 0.000000 474.910765 -0.707966 0.706247 -0.000000 26.321714 -0.000000 0.000000 1.000000 0.000000
0.515094 0.857134 0.000000 475.930867 -0.857134 0.515094 -0.000000 24.690472 -0.000000 0.000000 1.000000 0.000000
0.260402 0.965500 0.000000 476.503392 -0.965500 0.260402 -0.000000 22.801172 -0.000000 0.000000 1.000000 0.000000
-0.028552 0.999592 0.000000 476.503828 -0.999592 -0.028552 -0.000000 20.768420 -0.000000 0.000000 1.000000 0.000000
-0.325843 0.945424 0.000000 475.874508 -0.945424 -0.325843 -0.000000 18.707084 -0.000000 0.000000 1.000000 0.000000
-0.589815 0.807538 0.000000 474.594058 -0.807538 -0.589815 -0.000000 16.790096 -0.000000 0.000000 1.000000 0.000000
-0.784703 0.619872 0.000000 472.690827 -0.619872 -0.784703 0.000000 15.145655 0.000000 0.000000 1.000000 0.000000
-0.876383 0.481615 0.000000 470.307303 -0.481615 -0.876383 0.000000 13.777649 0.000000 0.000000 1.000000 0.000000
-0.890574 0.454838 0.000000 464.695805 -0.454838 -0.890574 0.000000 11.011116 0.000000 0.000000 1.000000 0.000000
-0.887919 0.460000 0.000000 463.147445 -0.460000 -0.887919 0.000000 10.224104 0.000000 0.000000 1.000000 0.000000
-0.886950 0.461866 0.000000 459.943450 -0.461866 -0.886950 0.000000 8.588296 0.000000 0.000000 1.000000 0.000000
-0.889026 0.457857 0.000000 456.539108 -0.457857 -0.889026 0.000000 6.868236 0.000000 0.000000 1.000000 0.000000
-0.891408 0.453202 0.000000 452.938009 -0.453202 -0.891408 0.000000 5.065629 0.000000 0.000000 1.000000 0.000000
-0.892313 0.451417 0.000000 449.109809 -0.451417 -0.892313 0.000000 3.190377 0.000000 0.000000 1.000000 0.000000
-0.893704 0.448658 0.000000 445.183305 -0.448658 -0.893704 0.000000 1.263423 0.000000 0.000000 1.000000 0.000000
-0.895491 0.445080 0.000000 441.275671 -0.445080 -0.895491 0.000000 -0.656248 0.000000 0.000000 1.000000 0.000000
-0.896135 0.443781 0.000000 437.339042 -0.443781 -0.896135 0.000000 -2.568813 0.000000 0.000000 1.000000 0.000000
-0.897496 0.441022 0.000000 429.238550 -0.441022 -0.897496 0.000000 -6.496579 0.000000 0.000000 1.000000 0.000000
-0.897721 0.440564 0.000000 427.229305 -0.440564 -0.897721 0.000000 -7.475166 0.000000 0.000000 1.000000 0.000000
-0.897077 0.441874 0.000000 423.249426 -0.441874 -0.897077 0.000000 -9.389545 0.000000 0.000000 1.000000 0.000000
-0.896727 0.442583 0.000000 419.396336 -0.442583 -0.896727 0.000000 -11.251877 0.000000 0.000000 1.000000 0.000000
-0.897530 0.440953 0.000000 415.611005 -0.440953 -0.897530 0.000000 -13.085194 0.000000 0.000000 1.000000 0.000000
-0.899984 0.435922 0.000000 411.929874 -0.435922 -0.899984 0.000000 -14.844381 0.000000 0.000000 1.000000 0.000000
-0.902339 0.431028 0.000000 408.401305 -0.431028 -0.902339 0.000000 -16.503044 0.000000 0.000000 1.000000 0.000000
-0.903661 0.428248 0.000000 405.215857 -0.428248 -0.903661 0.000000 -17.989712 0.000000 0.000000 1.000000 0.000000
-0.904268 0.426966 0.000000 402.378948 -0.426966 -0.904268 0.000000 -19.305118 0.000000 0.000000 1.000000 0.000000
-0.906564 0.422067 0.000000 397.684360 -0.422067 -0.906564 0.000000 -21.480674 0.000000 0.000000 1.000000 0.000000
-0.906988 0.421156 0.000000 396.690636 -0.421156 -0.906988 0.000000 -21.934061 0.000000 0.000000 1.000000 0.000000
-0.907720 0.419577 0.000000 394.936058 -0.419577 -0.907720 0.000000 -22.740599 0.000000 0.000000 1.000000 0.000000
-0.907978 0.419017 0.000000 393.471835 -0.419017 -0.907978 0.000000 -23.413896 0.000000 0.000000 1.000000 0.000000
-0.907218 0.420661 0.000000 392.257099 -0.420661 -0.907218 0.000000 -23.978282 0.000000 0.000000 1.000000 0.000000
-0.906312 0.422609 0.000000 391.252457 -0.422609 -0.906312 0.000000 -24.437032 0.000000 0.000000 1.000000 0.000000
-0.905469 0.424412 0.000000 390.551162 -0.424412 -0.905469 0.000000 -24.763311 0.000000 0.000000 1.000000 0.000000
-0.904986 0.425441 0.000000 390.186586 -0.425441 -0.904986 0.000000 -24.935254 0.000000 0.000000 1.000000 0.000000
-0.904618 0.426222 0.000000 389.846462 -0.426222 -0.904618 0.000000 -25.095294 0.000000 0.000000 1.000000 0.000000
-0.904159 0.427196 0.000000 389.286607 -0.427196 -0.904159 0.000000 -25.357742 0.000000 0.000000 1.000000 0.000000
-0.904079 0.427365 0.000000 389.162104 -0.427365 -0.904079 0.000000 -25.416375 0.000000 0.000000 1.000000 0.000000
-0.904073 0.427379 0.000000 388.923594 -0.427379 -0.904073 0.000000 -25.528145 0.000000 0.000000 1.000000 0.000000
-0.904486 0.426503 0.000000 388.578734 -0.426503 -0.904486 0.000000 -25.688115 0.000000 0.000000 1.000000 0.000000
-0.905268 0.424840 0.000000 388.081136 -0.424840 -0.905268 0.000000 -25.918065 0.000000 0.000000 1.000000 0.000000
-0.906152 0.422953 0.000000 387.368862 -0.422953 -0.906152 0.000000 -26.245247 0.000000 0.000000 1.000000 0.000000
-0.907830 0.419338 0.000000 386.393416 -0.419338 -0.907830 0.000000 -26.688192 0.000000 0.000000 1.000000 0.000000
-0.909099 0.416580 0.000000 385.150553 -0.416580 -0.909099 0.000000 -27.246513 0.000000 0.000000 1.000000 0.000000
-0.910040 0.414521 0.000000 383.630616 -0.414521 -0.910040 0.000000 -27.925605 0.000000 0.000000 1.000000 0.000000
-0.910870 0.412693 0.000000 379.828317 -0.412693 -0.910870 0.000000 -29.623234 0.000000 0.000000 1.000000 0.000000
-0.911035 0.412329 0.000000 378.731005 -0.412329 -0.911035 0.000000 -30.113541 0.000000 0.000000 1.000000 0.000000
-0.910456 0.413606 0.000000 376.369465 -0.413606 -0.910456 0.000000 -31.167447 0.000000 0.000000 1.000000 0.000000
-0.911602 0.411073 0.000000 373.842838 -0.411073 -0.911602 0.000000 -32.309068 0.000000 0.000000 1.000000 0.000000
-0.912283 0.409560 0.000000 371.168581 -0.409560 -0.912283 0.000000 -33.499754 0.000000 0.000000 1.000000 0.000000
-0.914045 0.405612 0.000000 368.380328 -0.405612 -0.914045 0.000000 -34.738684 0.000000 0.000000 1.000000 0.000000
-0.917918 0.396770 0.000000 365.497161 -0.396770 -0.917918 0.000000 -35.986833 0.000000 0.000000 1.000000 0.000000
-0.923757 0.382980 0.000000 362.617664 -0.382980 -0.923757 0.000000 -37.191273 0.000000 0.000000 1.000000 0.000000
-0.935196 0.354130 0.000000 359.484881 -0.354130 -0.935196 0.000000 -38.401255 0.000000 0.000000 1.000000 0.000000
-0.960607 0.277910 0.000000 352.448557 -0.277910 -0.960607 0.000000 -40.596273 0.000000 0.000000 1.000000 0.000000
-0.962394 0.271657 0.000000 350.541643 -0.271657 -0.962394 0.000000 -41.116088 0.000000 0.000000 1.000000 0.000000
-0.965073 0.261979 0.000000 346.453884 -0.261979 -0.965073 0.000000 -42.207897 0.000000 0.000000 1.000000 0.000000
-0.968106 0.250540 0.000000 342.203781 -0.250540 -0.968106 0.000000 -43.333120 0.000000 0.000000 1.000000 0.000000
-0.969147 0.246483 0.000000 337.941600 -0.246483 -0.969147 0.000000 -44.423460 0.000000 0.000000 1.000000 0.000000
-0.967252 0.253817 0.000000 333.832977 -0.253817 -0.967252 0.000000 -45.480774 0.000000 0.000000 1.000000 0.000000
-0.963663 0.267122 0.000000 329.876033 -0.267122 -0.963663 0.000000 -46.532497 0.000000 0.000000 1.000000 0.000000
-0.958176 0.286178 0.000000 325.934056 -0.286178 -0.958176 0.000000 -47.663796 0.000000 0.000000 1.000000 0.000000
-0.952356 0.304989 0.000000 322.004650 -0.304989 -0.952356 0.000000 -48.869144 0.000000 0.000000 1.000000 0.000000
-0.938506 0.345264 0.000000 314.130841 -0.345264 -0.938506 0.000000 -51.553885 0.000000 0.000000 1.000000 0.000000
-0.935499 0.353328 0.000000 312.192483 -0.353328 -0.935499 0.000000 -52.277895 0.000000 0.000000 1.000000 0.000000
-0.932026 0.362392 0.000000 308.295811 -0.362392 -0.932026 0.000000 -53.759345 0.000000 0.000000 1.000000 0.000000
-0.932449 0.361302 0.000000 304.311067 -0.361302 -0.932449 0.000000 -55.311567 0.000000 0.000000 1.000000 0.000000
-0.933040 0.359773 0.000000 300.227421 -0.359773 -0.933040 0.000000 -56.871687 0.000000 0.000000 1.000000 0.000000
-0.932166 0.362030 0.000000 296.161289 -0.362030 -0.932166 0.000000 -58.424933 0.000000 0.000000 1.000000 0.000000
-0.932034 0.362370 0.000000 292.092768 -0.362370 -0.932034 0.000000 -59.992835 0.000000 0.000000 1.000000 0.000000
-0.931997 0.362465 0.000000 287.959400 -0.362465 -0.931997 0.000000 -61.563699 0.000000 0.000000 1.000000 0.000000
-0.933725 0.357990 0.000000 283.785313 -0.357990 -0.933725 0.000000 -63.152035 0.000000 0.000000 1.000000 0.000000
-0.935502 0.353322 0.000000 275.216847 -0.353322 -0.935502 0.000000 -66.328037 0.000000 0.000000 1.000000 0.000000
-0.934325 0.356423 0.000000 273.055555 -0.356423 -0.934325 0.000000 -67.157058 0.000000 0.000000 1.000000 0.000000
-0.930694 0.365799 0.000000 268.707905 -0.365799 -0.930694 0.000000 -68.852718 0.000000 0.000000 1.000000 0.000000
-0.927867 0.372911 0.000000 264.445440 -0.372911 -0.927867 0.000000 -70.548083 0.000000 0.000000 1.000000 0.000000
-0.923750 0.382996 0.000000 260.246380 -0.382996 -0.923750 0.000000 -72.237939 0.000000 0.000000 1.000000 0.000000
-0.919622 0.392805 0.000000 256.062357 -0.392805 -0.919622 0.000000 -73.974586 0.000000 0.000000 1.000000 0.000000
-0.917366 0.398046 0.000000 251.909909 -0.398046 -0.917366 0.000000 -75.740499 0.000000 0.000000 1.000000 0.000000
-0.916860 0.399209 0.000000 247.635864 -0.399209 -0.916860 0.000000 -77.561874 0.000000 0.000000 1.000000 0.000000
-0.914989 0.403480 0.000000 243.364053 -0.403480 -0.914989 0.000000 -79.367298 0.000000 0.000000 1.000000 0.000000
-0.911191 0.411985 0.000000 234.845876 -0.411985 -0.911191 0.000000 -83.066333 0.000000 0.000000 1.000000 0.000000
-0.911104 0.412177 0.000000 232.722927 -0.412177 -0.911104 0.000000 -84.004264 0.000000 0.000000 1.000000 0.000000
-0.912479 0.409124 0.000000 228.437984 -0.409124 -0.912479 0.000000 -85.892277 0.000000 0.000000 1.000000 0.000000
-0.914131 0.405419 0.000000 224.122693 -0.405419 -0.914131 0.000000 -87.779027 0.000000 0.000000 1.000000 0.000000
-0.915826 0.401575 0.000000 219.813816 -0.401575 -0.915826 0.000000 -89.638178 0.000000 0.000000 1.000000 0.000000
-0.917706 0.397259 0.000000 215.423601 -0.397259 -0.917706 0.000000 -91.510760 0.000000 0.000000 1.000000 0.000000
-0.919319 0.393512 0.000000 210.958533 -0.393512 -0.919319 0.000000 -93.372172 0.000000 0.000000 1.000000 0.000000
-0.920951 0.389679 0.000000 206.473341 -0.389679 -0.920951 0.000000 -95.223187 0.000000 0.000000 1.000000 0.000000
-0.922189 0.386739 0.000000 201.919865 -0.386739 -0.922189 0.000000 -97.077192 0.000000 0.000000 1.000000 0.000000
-0.925407 0.378974 0.000000 193.091893 -0.378974 -0.925407 0.000000 -100.664753 0.000000 0.000000 1.000000 0.000000
-0.926244 0.376925 0.000000 190.946009 -0.376925 -0.926244 0.000000 -101.517970 0.000000 0.000000 1.000000 0.000000
-0.925899 0.377772 0.000000 186.673419 -0.377772 -0.925899 0.000000 -103.230242 0.000000 0.000000 1.000000 0.000000
-0.924234 0.381826 0.000000 182.412971 -0.381826 -0.924234 0.000000 -104.946230 0.000000 0.000000 1.000000 0.000000
-0.921183 0.389131 0.000000 178.251229 -0.389131 -0.921183 0.000000 -106.635939 0.000000 0.000000 1.000000 0.000000
-0.915506 0.402305 0.000000 174.263995 -0.402305 -0.915506 0.000000 -108.310374 0.000000 0.000000 1.000000 0.000000
-0.907881 0.419229 0.000000 170.433960 -0.419229 -0.907881 0.000000 -110.013295 0.000000 0.000000 1.000000 0.000000
-0.901712 0.432338 0.000000 166.704713 -0.432338 -0.901712 0.000000 -111.776988 0.000000 0.000000 1.000000 0.000000
-0.901431 0.432922 0.000000 163.136064 -0.432922 -0.901431 0.000000 -113.474540 0.000000 0.000000 1.000000 0.000000
-0.902715 0.430238 0.000000 156.350567 -0.430238 -0.902715 0.000000 -116.688068 0.000000 0.000000 1.000000 0.000000
-0.906859 0.421435 0.000000 154.652953 -0.421435 -0.906859 0.000000 -117.465158 0.000000 0.000000 1.000000 0.000000
-0.920078 0.391734 0.000000 151.173628 -0.391734 -0.920078 0.000000 -118.946536 0.000000 0.000000 1.000000 0.000000
-0.933345 0.358982 0.000000 147.797015 -0.358982 -0.933345 0.000000 -120.268190 0.000000 0.000000 1.000000 0.000000
-0.945029 0.326987 0.000000 144.532192 -0.326987 -0.945029 0.000000 -121.418796 0.000000 0.000000 1.000000 0.000000
-0.950236 0.311532 0.000000 141.533996 -0.311532 -0.950236 0.000000 -122.388002 0.000000 0.000000 1.000000 0.000000
-0.950259 0.311460 0.000000 138.826772 -0.311460 -0.950259 0.000000 -123.256576 0.000000 0.000000 1.000000 0.000000
-0.949292 0.314397 0.000000 136.312934 -0.314397 -0.949292 0.000000 -124.062041 0.000000 0.000000 1.000000 0.000000
-0.946614 0.322371 0.000000 133.902498 -0.322371 -0.946614 0.000000 -124.851386 0.000000 0.000000 1.000000 0.000000
-0.940686 0.339279 0.000000 129.194847 -0.339279 -0.940686 0.000000 -126.503541 0.000000 0.000000 1.000000 0.000000
-0.939625 0.342207 0.000000 128.095347 -0.342207 -0.939625 0.000000 -126.901970 0.000000 0.000000 1.000000 0.000000
-0.938412 0.345518 0.000000 125.977113 -0.345518 -0.938412 0.000000 -127.674109 0.000000 0.000000 1.000000 0.000000
-0.938565 0.345102 0.000000 124.004283 -0.345102 -0.938565 0.000000 -128.396014 0.000000 0.000000 1.000000 0.000000
-0.940096 0.340909 0.000000 122.227835 -0.340909 -0.940096 0.000000 -129.033267 0.000000 0.000000 1.000000 0.000000
-0.941496 0.337025 0.000000 120.705943 -0.337025 -0.941496 0.000000 -129.569563 0.000000 0.000000 1.000000 0.000000
-0.943171 0.332309 0.000000 119.400977 -0.332309 -0.943171 0.000000 -130.019599 0.000000 0.000000 1.000000 0.000000
-0.945305 0.326187 0.000000 118.271703 -0.326187 -0.945305 0.000000 -130.402247 0.000000 0.000000 1.000000 0.000000
-0.947075 0.321014 0.000000 117.313535 -0.321014 -0.947075 0.000000 -130.719843 0.000000 0.000000 1.000000 0.000000
-0.948782 0.315931 0.000000 116.255047 -0.315931 -0.948782 0.000000 -131.061897 0.000000 0.000000 1.000000 0.000000
-0.948887 0.315615 0.000000 116.137286 -0.315615 -0.948887 0.000000 -131.097269 0.000000 0.000000 1.000000 0.000000
-0.948950 0.315426 0.000000 116.046129 -0.315426 -0.948950 0.000000 -131.123149 0.000000 0.000000 1.000000 0.000000
-0.949016 0.315229 0.000000 116.043195 -0.315229 -0.949016 0.000000 -131.123654 0.000000 0.000000 1.000000 0.000000
-0.949076 0.315047 0.000000 116.043194 -0.315047 -0.949076 0.000000 -131.122405 0.000000 0.000000 1.000000 0.000000
-0.949129 0.314887 0.000000 116.043674 -0.314887 -0.949129 0.000000 -131.121349 0.000000 0.000000 1.000000 0.000000
-0.949190 0.314703 0.000000 116.044163 -0.314703 -0.949190 0.000000 -131.120228 0.000000 0.000000 1.000000 0.000000
-0.949248 0.314528 0.000000 116.044605 -0.314528 -0.949248 0.000000 -131.119041 0.000000 0.000000 1.000000 0.000000
-0.949310 0.314340 0.000000 116.045318 -0.314340 -0.949310 0.000000 -131.117881 0.000000 0.000000 1.000000 0.000000
-0.949428 0.313984 0.000000 116.046092 -0.313984 -0.949428 0.000000 -131.115612 0.000000 0.000000 1.000000 0.000000
-0.949458 0.313894 0.000000 116.046346 -0.313894 -0.949458 0.000000 -131.115137 0.000000 0.000000 1.000000 0.000000
-0.949516 0.313717 0.000000 116.046924 -0.313717 -0.949516 0.000000 -131.113922 0.000000 0.000000 1.000000 0.000000
-0.949580 0.313526 0.000000 116.047643 -0.313526 -0.949580 0.000000 -131.112636 0.000000 0.000000 1.000000 0.000000
-0.949643 0.313335 0.000000 116.047948 -0.313335 -0.949643 0.000000 -131.111583 0.000000 0.000000 1.000000 0.000000
-0.949700 0.313162 0.000000 116.048395 -0.313162 -0.949700 0.000000 -131.110500 0.000000 0.000000 1.000000 0.000000
-0.949762 0.312972 0.000000 116.048778 -0.312972 -0.949762 0.000000 -131.109410 0.000000 0.000000 1.000000 0.000000
-0.949820 0.312797 0.000000 116.049148 -0.312797 -0.949820 0.000000 -131.108247 0.000000 0.000000 1.000000 0.000000
-0.949868 0.312650 0.000000 116.049356 -0.312650 -0.949868 0.000000 -131.107113 0.000000 0.000000 1.000000 0.000000
-0.949982 0.312306 0.000000 116.049865 -0.312306 -0.949982 0.000000 -131.104801 0.000000 0.000000 1.000000 0.000000
-0.950009 0.312223 0.000000 116.050153 -0.312223 -0.950009 0.000000 -131.104204 0.000000 0.000000 1.000000 0.000000
-0.950071 0.312033 0.000000 116.051096 -0.312033 -0.950071 0.000000 -131.103022 0.000000 0.000000 1.000000 0.000000
-0.950133 0.311845 0.000000 116.051420 -0.311845 -0.950133 0.000000 -131.101971 0.000000 0.000000 1.000000 0.000000
-0.950194 0.311658 0.000000 116.051560 -0.311658 -0.950194 0.000000 -131.100881 0.000000 0.000000 1.000000 0.000000
-0.950248 0.311495 0.000000 116.052121 -0.311495 -0.950248 0.000000 -131.099614 0.000000 0.000000 1.000000 0.000000
-0.950308 0.311312 0.000000 116.052763 -0.311312 -0.950308 0.000000 -131.098464 0.000000 0.000000 1.000000 0.000000
-0.950368 0.311129 0.000000 116.053048 -0.311129 -0.950368 0.000000 -131.097221 0.000000 0.000000 1.000000 0.000000
-0.950421 0.310966 0.000000 116.053448 -0.310966 -0.950421 0.000000 -131.096041 0.000000 0.000000 1.000000 0.000000
-0.950537 0.310610 0.000000 116.054168 -0.310610 -0.950537 0.000000 -131.093801 0.000000 0.000000 1.000000 0.000000
-0.950565 0.310525 0.000000 116.054209 -0.310525 -0.950565 0.000000 -131.093300 0.000000 0.000000 1.000000 0.000000
-0.950625 0.310341 0.000000 116.054753 -0.310341 -0.950625 0.000000 -131.092285 0.000000 0.000000 1.000000 0.000000
-0.950688 0.310148 0.000000 116.055033 -0.310148 -0.950688 0.000000 -131.091245 0.000000 0.000000 1.000000 0.000000
-0.950739 0.309993 0.000000 116.055071 -0.309993 -0.950739 0.000000 -131.089771 0.000000 0.000000 1.000000 0.000000
-0.950796 0.309819 0.000000 116.055378 -0.309819 -0.950796 0.000000 -131.088537 0.000000 0.000000 1.000000 0.000000
-0.950857 0.309631 0.000000 116.055857 -0.309631 -0.950857 0.000000 -131.087509 0.000000 0.000000 1.000000 0.000000
-0.950914 0.309455 0.000000 116.055978 -0.309455 -0.950914 0.000000 -131.086423 0.000000 0.000000 1.000000 0.000000
-0.950974 0.309272 0.000000 116.056641 -0.309272 -0.950974 0.000000 -131.085347 0.000000 0.000000 1.000000 0.000000
-0.951091 0.308910 0.000000 116.057735 -0.308910 -0.951091 0.000000 -131.082833 0.000000 0.000000 1.000000 0.000000
-0.951120 0.308820 0.000000 116.057979 -0.308820 -0.951120 0.000000 -131.082138 0.000000 0.000000 1.000000 0.000000
-0.951176 0.308649 0.000000 116.058343 -0.308649 -0.951176 0.000000 -131.080942 0.000000 0.000000 1.000000 0.000000
-0.951237 0.308460 0.000000 116.059081 -0.308460 -0.951237 0.000000 -131.079963 0.000000 0.000000 1.000000 0.000000
-0.951288 0.308303 0.000000 116.059554 -0.308303 -0.951288 0.000000 -131.078880 0.000000 0.000000 1.000000 0.000000
-0.951340 0.308144 0.000000 116.060055 -0.308144 -0.951340 0.000000 -131.077711 0.000000 0.000000 1.000000 0.000000
-0.951406 0.307939 0.000000 116.060797 -0.307939 -0.951406 0.000000 -131.076590 0.000000 0.000000 1.000000 0.000000
-0.951462 0.307766 0.000000 116.061338 -0.307766 -0.951462 0.000000 -131.075356 0.000000 0.000000 1.000000 0.000000
-0.951513 0.307608 0.000000 116.061828 -0.307608 -0.951513 0.000000 -131.074127 0.000000 0.000000 1.000000 0.000000
-0.951622 0.307272 0.000000 116.063003 -0.307272 -0.951622 0.000000 -131.071543 0.000000 0.000000 1.000000 0.000000
-0.951650 0.307183 0.000000 116.063207 -0.307183 -0.951650 0.000000 -131.070960 0.000000 0.000000 1.000000 0.000000
-0.951711 0.306997 0.000000 116.063287 -0.306997 -0.951711 0.000000 -131.070040 0.000000 0.000000 1.000000 0.000000
-0.951769 0.306815 0.000000 116.063693 -0.306815 -0.951769 0.000000 -131.068833 0.000000 0.000000 1.000000 0.000000
-0.951831 0.306624 0.000000 116.063921 -0.306624 -0.951831 0.000000 -131.067855 0.000000 0.000000 1.000000 0.000000
-0.951886 0.306452 0.000000 116.064508 -0.306452 -0.951886 0.000000 -131.066609 0.000000 0.000000 1.000000 0.000000
-0.951943 0.306276 0.000000 116.065370 -0.306276 -0.951943 0.000000 -131.065363 0.000000 0.000000 1.000000 0.000000
-0.952007 0.306076 0.000000 116.065712 -0.306076 -0.952007 0.000000 -131.064424 0.000000 0.000000 1.000000 0.000000
-0.952063 0.305902 0.000000 116.065798 -0.305902 -0.952063 0.000000 -131.063453 0.000000 0.000000 1.000000 0.000000
-0.952180 0.305538 0.000000 116.066287 -0.305538 -0.952180 0.000000 -131.061265 0.000000 0.000000 1.000000 0.000000
-0.952208 0.305450 0.000000 116.066325 -0.305450 -0.952208 0.000000 -131.060807 0.000000 0.000000 1.000000 0.000000
-0.952265 0.305274 0.000000 116.066921 -0.305274 -0.952265 0.000000 -131.059609 0.000000 0.000000 1.000000 0.000000
-0.952324 0.305088 0.000000 116.067444 -0.305088 -0.952324 0.000000 -131.058367 0.000000 0.000000 1.000000 0.000000
-0.952382 0.304908 0.000000 116.067933 -0.304908 -0.952382 0.000000 -131.057197 0.000000 0.000000 1.000000 0.000000
-0.952439 0.304728 0.000000 116.068348 -0.304728 -0.952439 0.000000 -131.056150 0.000000 0.000000 1.000000 0.000000
-0.952499 0.304543 0.000000 116.068510 -0.304543 -0.952499 0.000000 -131.055149 0.000000 0.000000 1.000000 0.000000
-0.952556 0.304363 0.000000 116.068806 -0.304363 -0.952556 0.000000 -131.053973 0.000000 0.000000 1.000000 0.000000
-0.952611 0.304193 0.000000 116.069064 -0.304193 -0.952611 0.000000 -131.052977 0.000000 0.000000 1.000000 0.000000
-0.952723 0.303839 0.000000 116.069625 -0.303839 -0.952723 0.000000 -131.050915 0.000000 0.000000 1.000000 0.000000
-0.952747 0.303765 0.000000 116.069659 -0.303765 -0.952747 0.000000 -131.050270 0.000000 0.000000 1.000000 0.000000
-0.952806 0.303580 0.000000 116.070390 -0.303580 -0.952806 0.000000 -131.049019 0.000000 0.000000 1.000000 0.000000
-0.952872 0.303374 0.000000 116.070696 -0.303374 -0.952872 0.000000 -131.048036 0.000000 0.000000 1.000000 0.000000
