1.000000 0.000000 0.000000 0.000000 0.000000 1.000000 0.000000 0.000000 0.000000 0.000000 1.000000 0.000000
1.000000 0.000000 0.000000 0.000000 0.000000 1.000000 0.000000 0.000000 0.000000 0.000000 1.000000 0.000000
1.000000 0.000000 0.000000 0.000000 0.000000 1.000000 0.000000 0.000000 0.000000 0.000000 1.000000 0.000000
1.000000 0.000000 0.000000 0.000000 0.000000 1.000000 0.000000 0.000000 0.000000 0.000000 1.000000 0.000000
1.000000 0.000000 0.000000 0.000000 0.000000 1.000000 0.000000 0.000000 0.000000 0.000000 1.000000 0.000000
1.000000 0.000000 0.000000 0.000000 0.000000 1.000000 0.000000 0.000000 0.000000 0.000000 1.000000 0.000000
1.000000 0.000000 0.000000 0.000000 0.000000 1.000000 0.000000 0.000000 0.000000 0.000000 1.000000 0.000000
1.000000 -0.000419 0.000000 -0.001189 0.000419 1.000000 0.000000 0.005483 0.000000 0.000000 1.000000 0.000000
1.000000 0.000008 0.000000 0.001314 -0.000008 1.000000 -0.000000 -0.000509 -0.000000 0.000000 1.000000 0.000000
1.000000 -0.000031 0.000000 -0.000984 0.000031 1.000000 0.000000 0.002288 0.000000 0.000000 1.000000 0.000000
1.000000 -0.000026 0.000000 -0.005006 0.000026 1.000000 0.000000 0.003093 0.000000 0.000000 1.000000 0.000000
1.000000 -0.000383 0.000000 -0.003581 0.000383 1.000000 0.000000 0.009882 0.000000 0.000000 1.000000 0.000000
1.000000 -0.000068 0.000000 -0.003152 0.000068 1.000000 0.000000 0.005980 0.000000 0.000000 1.000000 0.000000
1.000000 -0.000058 0.000000 -0.003583 0.000058 1.000000 0.000000 0.005666 0.000000 0.000000 1.000000 0.000000
1.000000 0.000142 0.000000 -0.003938 -0.000142 1.000000 -0.000000 0.005514 -0.000000 0.000000 1.000000 0.000000
1.000000 0.000265 0.000000 0.002436 -0.000265 1.000000 -0.000000 -0.000545 -0.000000 0.000000 1.000000 0.000000
1.000000 -0.000884 0.000000 -0.007182 0.000884 1.000000 0.000000 0.007437 0.000000 0.000000 1.000000 0.000000
0.999999 -0.001564 0.000000 -0.013727 0.001564 0.999999 0.000000 0.016700 0.000000 0.000000 1.000000 0.000000
0.999998 -0.001757 0.000000 -0.011566 0.001757 0.999998 0.000000 0.012423 0.000000 0.000000 1.000000 0.000000
0.999999 -0.001671 0.000000 -0.015302 0.001671 0.999999 0.000000 0.011278 0.000000 0.000000 1.000000 0.000000
0.999998 -0.001781 0.000000 -0.012473 0.001781 0.999998 0.000000 0.015388 0.000000 0.000000 1.000000 0.000000
0.999998 -0.001776 0.000000 -0.012492 0.001776 0.999998 0.000000 0.014554 0.000000 0.000000 1.000000 0.000000
0.999998 -0.001776 0.000000 -0.016741 0.001776 0.999998 0.000000 0.016116 0.000000 0.000000 1.000000 0.000000
0.999998 -0.001754 0.000000 -0.021096 0.001754 0.999998 0.000000 0.018199 0.000000 0.000000 1.000000 0.000000
0.999999 -0.001722 0.000000 -0.017882 0.001722 0.999999 0.000000 0.016667 0.000000 0.000000 1.000000 0.000000
0.999999 -0.001063 0.000000 -0.013384 0.001063 0.999999 0.000000 0.022197 0.000000 0.000000 1.000000 0.000000
0.999998 -0.001984 0.000000 -0.020923 0.001984 0.999998 0.000000 0.038308 0.000000 0.000000 1.000000 0.000000
0.999998 -0.002022 0.000000 -0.016558 0.002022 0.999998 0.000000 0.038090 0.000000 0.000000 1.000000 0.000000
0.999999 -0.001674 0.000000 -0.016729 0.001674 0.999999 0.000000 0.026650 0.000000 0.000000 1.000000 0.000000
0.999999 -0.001560 0.000000 -0.019194 0.001560 0.999999 0.000000 0.038813 0.000000 0.000000 1.000000 0.000000
0.999999 -0.001040 0.000000 -0.010920 0.001040 0.999999 0.000000 0.018119 0.000000 0.000000 1.000000 0.000000
0.999999 -0.001648 0.000000 -0.025799 0.001648 0.999999 0.000000 0.022915 0.000000 0.000000 1.000000 0.000000
0.999999 -0.001655 0.000000 -0.012511 0.001655 0.999999 0.000000 0.027958 0.000000 0.000000 1.000000 0.000000
0.999999 -0.001108 0.000000 -0.017015 0.001108 0.999999 0.000000 0.021230 0.000000 0.000000 1.000000 0.000000
0.999997 -0.002291 0.000000 -0.015290 0.002291 0.999997 0.000000 0.045850 0.000000 0.000000 1.000000 0.000000
0.999999 -0.001233 0.000000 -0.017334 0.001233 0.999999 0.000000 0.035558 0.000000 0.000000 1.000000 0.000000
0.999999 -0.001319 0.000000 -0.024211 0.001319 0.999999 0.000000 0.045204 0.000000 0.000000 1.000000 0.000000
0.999999 -0.001407 0.000000 -0.030000 0.001407 0.999999 0.000000 0.053296 0.000000 0.000000 1.000000 0.000000
0.999998 -0.001774 0.000000 -0.023944 0.001774 0.999998 0.000000 0.057734 0.000000 0.000000 1.000000 0.000000
0.999999 -0.001655 0.000000 -0.023326 0.001655 0.999999 0.000000 0.055871 0.000000 0.000000 1.000000 0.000000
0.999998 -0.001812 0.000000 -0.019033 0.001812 0.999998 0.000000 0.050605 0.000000 0.000000 1.000000 0.000000
0.999999 -0.001621 0.000000 -0.022863 0.001621 0.999999 0.000000 0.067684 0.000000 0.000000 1.000000 0.000000
0.999999 -0.001493 0.000000 -0.019647 0.001493 0.999999 0.000000 0.057884 0.000000 0.000000 1.000000 0.000000
0.999998 -0.002059 0.000000 -0.030607 0.002059 0.999998 0.000000 0.067675 0.000000 0.000000 1.000000 0.000000
0.999999 -0.001627 0.000000 -0.017252 0.001627 0.999999 0.000000 0.049113 0.000000 0.000000 1.000000 0.000000
0.999999 -0.001317 0.000000 -0.026629 0.001317 0.999999 0.000000 0.040119 0.000000 0.000000 1.000000 0.000000
0.999999 -0.001164 0.000000 -0.029015 0.001164 0.999999 0.000000 0.044167 0.000000 0.000000 1.000000 0.000000
0.999999 -0.001438 0.000000 -0.028571 0.001438 0.999999 0.000000 0.056825 0.000000 0.000000 1.000000 0.000000
0.999999 -0.001716 0.000000 -0.022297 0.001716 0.999999 0.000000 0.063291 0.000000 0.000000 1.000000 0.000000
0.999999 -0.001336 0.000000 -0.024830 0.001336 0.999999 0.000000 0.041525 0.000000 0.000000 1.000000 0.000000
0.999999 -0.001452 0.000000 -0.024694 0.001452 0.999999 0.000000 0.049432 0.000000 0.000000 1.000000 0.000000
0.999999 -0.001508 0.000000 -0.025320 0.001508 0.999999 0.000000 0.050760 0.000000 0.000000 1.000000 0.000000
0.999999 -0.001468 0.000000 -0.029294 0.001468 0.999999 0.000000 0.059910 0.000000 0.000000 1.000000 0.000000
0.999999 -0.001605 0.000000 -0.018014 0.001605 0.999999 0.000000 0.050592 0.000000 0.000000 1.000000 0.000000
0.999999 -0.001290 0.000000 -0.019148 0.001290 0.999999 0.000000 0.038091 0.000000 0.000000 1.000000 0.000000
0.999999 -0.001404 0.000000 -0.019572 0.001404 0.999999 0.000000 0.047530 0.000000 0.000000 1.000000 0.000000
0.999998 -0.001816 0.000000 -0.029195 0.001816 0.999998 0.000000 0.045469 0.000000 0.000000 1.000000 0.000000
0.999999 -0.001278 0.000000 -0.024801 0.001278 0.999999 0.000000 0.043332 0.000000 0.000000 1.000000 0.000000
0.999999 -0.001442 0.000000 -0.024756 0.001442 0.999999 0.000000 0.049677 0.000000 0.000000 1.000000 0.000000
0.999999 -0.001393 0.000000 -0.022099 0.001393 0.999999 0.000000 0.042862 0.000000 0.000000 1.000000 0.000000
0.999999 -0.001126 0.000000 -0.022010 0.001126 0.999999 0.000000 0.046561 0.000000 0.000000 1.000000 0.000000
0.999999 -0.001394 0.000000 -0.030267 0.001394 0.999999 0.000000 0.044119 0.000000 0.000000 1.000000 0.000000
0.999999 -0.001522 0.000000 -0.034774 0.001522 0.999999 0.000000 0.050512 0.000000 0.000000 1.000000 0.000000
0.999999 -0.001444 0.000000 -0.028036 0.001444 0.999999 0.000000 0.043549 0.000000 0.000000 1.000000 0.000000
0.999999 -0.001328 0.000000 -0.019405 0.001328 0.999999 0.000000 0.039819 0.000000 0.000000 1.000000 0.000000
0.999998 -0.002122 0.000000 -0.020103 0.002122 0.999998 0.000000 0.060301 0.000000 0.000000 1.000000 0.000000
0.999999 -0.001305 0.000000 -0.019838 0.001305 0.999999 0.000000 0.039165 0.000000 0.000000 1.000000 0.000000
0.999999 -0.001308 0.000000 -0.010705 0.001308 0.999999 0.000000 0.039575 0.000000 0.000000 1.000000 0.000000
0.999999 -0.001726 0.000000 0.008515 0.001726 0.999999 0.000000 0.019608 0.000000 0.000000 1.000000 0.000000
0.999997 -0.002616 0.000000 0.038444 0.002616 0.999997 0.000000 -0.028284 0.000000 0.000000 1.000000 0.000000
0.999993 -0.003632 0.000000 0.132177 0.003632 0.999993 0.000000 0.059826 0.000000 0.000000 1.000000 0.000000
0.999960 -0.008957 0.000000 0.184650 0.008957 0.999960 0.000000 0.080398 0.000000 0.000000 1.000000 0.000000
0.999936 -0.011270 0.000000 0.326154 0.011270 0.999936 0.000000 0.049492 0.000000 0.000000 1.000000 0.000000
0.999634 -0.027038 0.000000 0.732414 0.027038 0.999634 0.000000 0.075621 0.000000 0.000000 1.000000 0.000000
0.999006 -0.044586 0.000000 1.140885 0.044586 0.999006 0.000000 0.116478 0.000000 0.000000 1.000000 0.000000
0.998078 -0.061976 0.000000 1.608761 0.061976 0.998078 0.000000 0.172900 0.000000 0.000000 1.000000 0.000000
0.996652 -0.081765 0.000000 2.338501 0.081765 0.996652 0.000000 0.282345 0.000000 0.000000 1.000000 0.000000
0.994763 -0.102205 0.000000 3.070303 0.102205 0.994763 0.000000 0.339801 0.000000 0.000000 1.000000 0.000000
0.991882 -0.127163 0.000000 3.749615 0.127163 0.991882 0.000000 0.387585 0.000000 0.000000 1.000000 0.000000
0.990700 -0.136067 0.000000 4.685081 0.136067 0.990700 0.000000 0.539342 0.000000 0.000000 1.000000 0.000000
0.990363 -0.138498 0.000000 5.884019 0.138498 0.990363 0.000000 0.666270 0.000000 0.000000 1.000000 0.000000
0.991766 -0.128065 0.000000 6.949171 0.128065 0.991766 0.000000 0.853198 0.000000 0.000000 1.000000 0.000000
0.993732 -0.111790 0.000000 8.101073 0.111790 0.993732 0.000000 0.750431 0.000000 0.000000 1.000000 0.000000
0.993022 -0.117931 0.000000 9.745215 0.117931 0.993022 0.000000 1.052340 0.000000 0.000000 1.000000 0.000000
0.993144 -0.116899 0.000000 11.226645 0.116899 0.993144 0.000000 1.270821 0.000000 0.000000 1.000000 0.000000
0.993725 -0.111850 0.000000 12.894872 0.111850 0.993725 0.000000 1.367145 0.000000 0.000000 1.000000 0.000000
0.994140 -0.108105 0.000000 14.713355 0.108105 0.994140 0.000000 1.571129 0.000000 0.000000 1.000000 0.000000
0.994766 -0.102175 0.000000 16.562996 0.102175 0.994766 0.000000 1.686967 0.000000 0.000000 1.000000 0.000000
0.994565 -0.104113 0.000000 18.403410 0.104113 0.994565 0.000000 1.936031 0.000000 0.000000 1.000000 0.000000
0.994552 -0.104242 0.000000 20.452639 0.104242 0.994552 0.000000 2.185057 0.000000 0.000000 1.000000 0.000000
0.995653 -0.093136 0.000000 22.335119 0.093136 0.995653 0.000000 2.373740 0.000000 0.000000 1.000000 0.000000
0.995847 -0.091047 0.000000 24.276974 0.091047 0.995847 0.000000 2.449510 0.000000 0.000000 1.000000 0.000000
0.996343 -0.085445 0.000000 26.260883 0.085445 0.996343 0.000000 2.573168 0.000000 0.000000 1.000000 0.000000
0.996777 -0.080219 0.000000 28.355623 0.080219 0.996777 0.000000 2.720943 0.000000 0.000000 1.000000 0.000000
0.997005 -0.077335 0.000000 30.439945 0.077335 0.997005 0.000000 2.837869 0.000000 0.000000 1.000000 0.000000
0.997235 -0.074309 0.000000 32.539444 0.074309 0.997235 0.000000 2.973487 0.000000 0.000000 1.000000 0.000000
0.997170 -0.075181 0.000000 34.708439 0.075181 0.997170 0.000000 3.104686 0.000000 0.000000 1.000000 0.000000
0.997241 -0.074237 0.000000 36.983368 0.074237 0.997241 0.000000 3.153097 0.000000 0.000000 1.000000 0.000000
0.997647 -0.068566 0.000000 39.191605 0.068566 0.997647 0.000000 3.387068 0.000000 0.000000 1.000000 0.000000
0.997605 -0.069171 0.000000 41.398037 0.069171 0.997605 0.000000 3.462286 0.000000 0.000000 1.000000 0.000000
0.997959 -0.063855 0.000000 43.687725 0.063855 0.997959 0.000000 3.582602 0.000000 0.000000 1.000000 0.000000
0.997905 -0.064694 0.000000 45.804653 0.064694 0.997905 0.000000 3.758481 0.000000 0.000000 1.000000 0.000000
0.997828 -0.065873 0.000000 48.192001 0.065873 0.997828 0.000000 3.759083 0.000000 0.000000 1.000000 0.000000
0.998046 -0.062477 0.000000 50.538960 0.062477 0.998046 0.000000 3.929056 0.000000 0.000000 1.000000 0.000000
0.998048 -0.062446 0.000000 52.804619 0.062446 0.998048 0.000000 3.944406 0.000000 0.000000 1.000000 0.000000
0.998058 -0.062288 0.000000 55.052299 0.062288 0.998058 0.000000 4.089897 0.000000 0.000000 1.000000 0.000000
0.998036 -0.062644 0.000000 57.381615 0.062644 0.998036 0.000000 4.205261 0.000000 0.000000 1.000000 0.000000
0.998217 -0.059688 0.000000 59.575478 0.059688 0.998217 0.000000 4.308406 0.000000 0.000000 1.000000 0.000000
0.998348 -0.057463 0.000000 61.880249 0.057463 0.998348 0.000000 4.495553 0.000000 0.000000 1.000000 0.000000
0.998622 -0.052475 0.000000 64.186958 0.052475 0.998622 0.000000 4.503612 0.000000 0.000000 1.000000 0.000000
0.998923 -0.046409 0.000000 66.443649 0.046409 0.998923 0.000000 4.611366 0.000000 0.000000 1.000000 0.000000
0.999079 -0.042910 0.000000 68.680679 0.042910 0.999079 0.000000 4.528632 0.000000 0.000000 1.000000 0.000000
0.999126 -0.041795 0.000000 71.107330 0.041795 0.999126 0.000000 4.645103 0.000000 0.000000 1.000000 0.000000
0.999195 -0.040105 0.000000 73.212692 0.040105 0.999195 0.000000 4.697589 0.000000 0.000000 1.000000 0.000000
0.999292 -0.037636 0.000000 75.475113 0.037636 0.999292 0.000000 4.777876 0.000000 0.000000 1.000000 0.000000
0.999294 -0.037572 0.000000 77.730675 0.037572 0.999294 0.000000 4.770683 0.000000 0.000000 1.000000 0.000000
0.999319 -0.036903 0.000000 80.006729 0.036903 0.999319 0.000000 4.852132 0.000000 0.000000 1.000000 0.000000
0.999163 -0.040907 0.000000 82.373901 0.040907 0.999163 0.000000 4.941580 0.000000 0.000000 1.000000 0.000000
0.998797 -0.049036 0.000000 84.736626 0.049036 0.998797 0.000000 4.915744 0.000000 0.000000 1.000000 0.000000
0.998593 -0.053032 0.000000 86.868439 0.053032 0.998593 0.000000 5.175117 0.000000 0.000000 1.000000 0.000000
0.998394 -0.056653 0.000000 89.153038 0.056653 0.998394 0.000000 5.258170 0.000000 0.000000 1.000000 0.000000
0.998040 -0.062572 0.000000 91.423866 0.062572 0.998040 0.000000 5.301615 0.000000 0.000000 1.000000 0.000000
0.997560 -0.069811 0.000000 94.020782 0.069811 0.997560 0.000000 5.438295 0.000000 0.000000 1.000000 0.000000
0.997271 -0.073826 0.000000 96.430992 0.073826 0.997271 0.000000 5.463198 0.000000 0.000000 1.000000 0.000000
0.997569 -0.069692 0.000000 98.861229 0.069692 0.997569 0.000000 5.524940 0.000000 0.000000 1.000000 0.000000
0.997552 -0.069933 0.000000 101.247337 0.069933 0.997552 0.000000 5.761815 0.000000 0.000000 1.000000 0.000000
0.997780 -0.066591 0.000000 103.694901 0.066591 0.997780 0.000000 6.020523 0.000000 0.000000 1.000000 0.000000
0.997226 -0.074430 0.000000 106.188210 0.074430 0.997226 0.000000 6.116951 0.000000 0.000000 1.000000 0.000000
0.997146 -0.075497 0.000000 108.618919 0.075497 0.997146 0.000000 6.372324 0.000000 0.000000 1.000000 0.000000
0.997044 -0.076837 0.000000 110.928230 0.076837 0.997044 0.000000 6.452025 0.000000 0.000000 1.000000 0.000000
0.997190 -0.074914 0.000000 113.432152 0.074914 0.997190 0.000000 6.728723 0.000000 0.000000 1.000000 0.000000
0.997235 -0.074316 0.000000 115.939590 0.074316 0.997235 0.000000 6.849527 0.000000 0.000000 1.000000 0.000000
0.997438 -0.071530 0.000000 118.321228 0.071530 0.997438 0.000000 6.982582 0.000000 0.000000 1.000000 0.000000
0.997499 -0.070685 0.000000 120.766518 0.070685 0.997499 0.000000 7.116854 0.000000 0.000000 1.000000 0.000000
0.997285 -0.073634 0.000000 123.277168 0.073634 0.997285 0.000000 7.309276 0.000000 0.000000 1.000000 0.000000
0.997143 -0.075543 0.000000 125.748253 0.075543 0.997143 0.000000 7.412953 0.000000 0.000000 1.000000 0.000000
0.997479 -0.070960 0.000000 128.351395 0.070960 0.997479 0.000000 7.648325 0.000000 0.000000 1.000000 0.000000
0.997285 -0.073642 0.000000 130.817093 0.073642 0.997285 0.000000 7.754772 0.000000 0.000000 1.000000 0.000000
0.997204 -0.074725 0.000000 133.379272 0.074725 0.997204 0.000000 7.913703 0.000000 0.000000 1.000000 0.000000
0.997039 -0.076901 0.000000 135.876785 0.076901 0.997039 0.000000 7.974455 0.000000 0.000000 1.000000 0.000000
0.997242 -0.074219 0.000000 138.387650 0.074219 0.997242 0.000000 8.262795 0.000000 0.000000 1.000000 0.000000
0.997014 -0.077221 0.000000 140.947632 0.077221 0.997014 0.000000 8.504792 0.000000 0.000000 1.000000 0.000000
0.997063 -0.076585 0.000000 143.543167 0.076585 0.997063 0.000000 8.583361 0.000000 0.000000 1.000000 0.000000
0.996834 -0.079515 0.000000 146.020935 0.079515 0.996834 0.000000 8.754074 0.000000 0.000000 1.000000 0.000000
0.996886 -0.078856 0.000000 148.442245 0.078856 0.996886 0.000000 8.930185 0.000000 0.000000 1.000000 0.000000
0.996628 -0.082052 0.000000 151.062668 0.082052 0.996628 0.000000 9.151196 0.000000 0.000000 1.000000 0.000000
0.996611 -0.082253 0.000000 153.522781 0.082253 0.996611 0.000000 9.339578 0.000000 0.000000 1.000000 0.000000
0.996879 -0.078947 0.000000 156.025085 0.078947 0.996879 0.000000 9.477596 0.000000 0.000000 1.000000 0.000000
0.997133 -0.075671 0.000000 158.398178 0.075671 0.997133 0.000000 9.716625 0.000000 0.000000 1.000000 0.000000
0.996876 -0.078981 0.000000 160.765915 0.078981 0.996876 0.000000 9.934479 0.000000 0.000000 1.000000 0.000000
0.996869 -0.079076 0.000000 163.147125 0.079076 0.996869 0.000000 10.082793 0.000000 0.000000 1.000000 0.000000
0.996646 -0.081828 0.000000 165.643631 0.081828 0.996646 0.000000 10.192693 0.000000 0.000000 1.000000 0.000000
0.996612 -0.082251 0.000000 167.952087 0.082251 0.996612 0.000000 10.495621 0.000000 0.000000 1.000000 0.000000
0.996422 -0.084515 0.000000 170.376053 0.084515 0.996422 0.000000 10.502852 0.000000 0.000000 1.000000 0.000000
0.996247 -0.086553 0.000000 172.786377 0.086553 0.996247 0.000000 10.695889 0.000000 0.000000 1.000000 0.000000
0.996444 -0.084254 0.000000 175.150925 0.084254 0.996444 0.000000 10.818187 0.000000 0.000000 1.000000 0.000000
0.996025 -0.089070 0.000000 177.543594 0.089070 0.996025 0.000000 10.940235 0.000000 0.000000 1.000000 0.000000
0.995766 -0.091928 0.000000 180.025711 0.091928 0.995766 0.000000 11.224160 0.000000 0.000000 1.000000 0.000000
0.995835 -0.091175 0.000000 182.442642 0.091175 0.995835 0.000000 11.420029 0.000000 0.000000 1.000000 0.000000
0.995072 -0.099160 0.000000 184.801559 0.099160 0.995072 0.000000 11.642911 0.000000 0.000000 1.000000 0.000000
0.995196 -0.097899 0.000000 187.124420 0.097899 0.995196 0.000000 11.769424 0.000000 0.000000 1.000000 0.000000
0.995284 -0.097006 0.000000 189.481949 0.097006 0.995284 0.000000 12.020951 0.000000 0.000000 1.000000 0.000000
0.995401 -0.095799 0.000000 191.872726 0.095799 0.995401 0.000000 12.245359 0.000000 0.000000 1.000000 0.000000
0.995776 -0.091819 0.000000 194.330154 0.091819 0.995776 0.000000 12.524908 0.000000 0.000000 1.000000 0.000000
0.995676 -0.092889 0.000000 196.701019 0.092889 0.995676 0.000000 12.668672 0.000000 0.000000 1.000000 0.000000
0.996125 -0.087954 0.000000 199.054688 0.087954 0.996125 0.000000 12.841691 0.000000 0.000000 1.000000 0.000000
0.996321 -0.085696 0.000000 201.377655 0.085696 0.996321 0.000000 13.021868 0.000000 0.000000 1.000000 0.000000
0.996860 -0.079190 0.000000 203.660522 0.079190 0.996860 0.000000 13.226482 0.000000 0.000000 1.000000 0.000000
0.996936 -0.078220 0.000000 206.020126 0.078220 0.996936 0.000000 13.392917 0.000000 0.000000 1.000000 0.000000
0.997013 -0.077234 0.000000 208.274658 0.077234 0.997013 0.000000 13.510841 0.000000 0.000000 1.000000 0.000000
0.996727 -0.080840 0.000000 210.527664 0.080840 0.996727 0.000000 13.649298 0.000000 0.000000 1.000000 0.000000
0.996220 -0.086870 0.000000 212.784912 0.086870 0.996220 0.000000 13.809329 0.000000 0.000000 1.000000 0.000000
0.995128 -0.098591 0.000000 215.085449 0.098591 0.995128 0.000000 13.985499 0.000000 0.000000 1.000000 0.000000
0.993957 -0.109771 0.000000 217.284714 0.109771 0.993957 0.000000 14.242945 0.000000 0.000000 1.000000 0.000000
0.992782 -0.119930 0.000000 219.580963 0.119930 0.992782 0.000000 14.514810 0.000000 0.000000 1.000000 0.000000
0.990862 -0.134880 0.000000 221.940018 0.134880 0.990862 0.000000 14.776505 0.000000 0.000000 1.000000 0.000000
0.989578 -0.143995 0.000000 224.085388 0.143995 0.989578 0.000000 15.081873 0.000000 0.000000 1.000000 0.000000
0.988318 -0.152407 0.000000 226.247070 0.152407 0.988318 0.000000 15.449385 0.000000 0.000000 1.000000 0.000000
0.986607 -0.163118 0.000000 228.576675 0.163118 0.986607 0.000000 15.820667 0.000000 0.000000 1.000000 0.000000
0.986166 -0.165762 0.000000 230.768036 0.165762 0.986166 0.000000 16.169056 0.000000 0.000000 1.000000 0.000000
0.986086 -0.166236 0.000000 232.970505 0.166236 0.986086 0.000000 16.527229 0.000000 0.000000 1.000000 0.000000
0.985441 -0.170016 0.000000 235.168091 0.170016 0.985441 0.000000 16.873669 0.000000 0.000000 1.000000 0.000000
0.984021 -0.178053 0.000000 237.451019 0.178053 0.984021 0.000000 17.235907 0.000000 0.000000 1.000000 0.000000
0.984182 -0.177159 0.000000 239.946060 0.177159 0.984182 0.000000 17.690678 0.000000 0.000000 1.000000 0.000000
0.983266 -0.182175 0.000000 242.247513 0.182175 0.983266 0.000000 17.966454 0.000000 0.000000 1.000000 0.000000
0.983247 -0.182276 0.000000 244.622070 0.182276 0.983247 0.000000 18.397457 0.000000 0.000000 1.000000 0.000000
0.982682 -0.185300 0.000000 246.831818 0.185300 0.982682 0.000000 18.836695 0.000000 0.000000 1.000000 0.000000
0.981821 -0.189812 0.000000 249.238434 0.189812 0.981821 0.000000 19.216259 0.000000 0.000000 1.000000 0.000000
0.980963 -0.194194 0.000000 251.493210 0.194194 0.980963 0.000000 19.601866 0.000000 0.000000 1.000000 0.000000
0.981357 -0.192193 0.000000 253.774536 0.192193 0.981357 0.000000 20.006420 0.000000 0.000000 1.000000 0.000000
0.980279 -0.197620 0.000000 256.083099 0.197620 0.980279 0.000000 20.447145 0.000000 0.000000 1.000000 0.000000
0.979291 -0.202455 0.000000 258.374664 0.202455 0.979291 0.000000 20.845932 0.000000 0.000000 1.000000 0.000000
0.978266 -0.207356 0.000000 260.641571 0.207356 0.978266 0.000000 21.243773 0.000000 0.000000 1.000000 0.000000
0.977849 -0.209311 0.000000 263.038818 0.209311 0.977849 0.000000 21.720383 0.000000 0.000000 1.000000 0.000000
0.977131 -0.212637 0.000000 265.148438 0.212637 0.977131 0.000000 22.247013 0.000000 0.000000 1.000000 0.000000
0.976606 -0.215038 0.000000 267.653229 0.215038 0.976606 0.000000 22.800499 0.000000 0.000000 1.000000 0.000000
0.974054 -0.226314 0.000000 270.014252 0.226314 0.974054 0.000000 23.354662 0.000000 0.000000 1.000000 0.000000
0.973704 -0.227818 0.000000 272.152588 0.227818 0.973704 0.000000 23.781294 0.000000 0.000000 1.000000 0.000000
0.973246 -0.229766 0.000000 274.608032 0.229766 0.973246 0.000000 24.190254 0.000000 0.000000 1.000000 0.000000
0.972268 -0.233869 0.000000 276.869049 0.233869 0.972268 0.000000 24.861357 0.000000 0.000000 1.000000 0.000000
0.971910 -0.235351 0.000000 279.255127 0.235351 0.971910 0.000000 25.366770 0.000000 0.000000 1.000000 0.000000
0.972085 -0.234630 0.000000 281.458160 0.234630 0.972085 0.000000 25.880072 0.000000 0.000000 1.000000 0.000000
0.973908 -0.226944 0.000000 283.696991 0.226944 0.973908 0.000000 26.305183 0.000000 0.000000 1.000000 0.000000
0.976804 -0.214136 0.000000 286.165253 0.214136 0.976804 0.000000 26.870216 0.000000 0.000000 1.000000 0.000000
0.979151 -0.203136 0.000000 288.542419 0.203136 0.979151 0.000000 27.294933 0.000000 0.000000 1.000000 0.000000
0.980883 -0.194599 0.000000 290.914154 0.194599 0.980883 0.000000 27.618271 0.000000 0.000000 1.000000 0.000000
0.980925 -0.194388 0.000000 293.322723 0.194388 0.980925 0.000000 28.232092 0.000000 0.000000 1.000000 0.000000
0.981673 -0.190574 0.000000 295.636292 0.190574 0.981673 0.000000 28.633041 0.000000 0.000000 1.000000 0.000000
0.983195 -0.182560 0.000000 297.994965 0.182560 0.983195 0.000000 29.011478 0.000000 0.000000 1.000000 0.000000
0.984306 -0.176470 0.000000 300.358551 0.176470 0.984306 0.000000 29.395973 0.000000 0.000000 1.000000 0.000000
0.985441 -0.170020 0.000000 302.685150 0.170020 0.985441 0.000000 29.773966 0.000000 0.000000 1.000000 0.000000
0.986129 -0.165980 0.000000 305.015015 0.165980 0.986129 0.000000 30.154339 0.000000 0.000000 1.000000 0.000000
0.985941 -0.167096 0.000000 307.438263 0.167096 0.985941 0.000000 30.468929 0.000000 0.000000 1.000000 0.000000
0.985352 -0.170536 0.000000 309.890045 0.170536 0.985352 0.000000 30.729946 0.000000 0.000000 1.000000 0.000000
0.985759 -0.168165 0.000000 312.422363 0.168165 0.985759 0.000000 31.314054 0.000000 0.000000 1.000000 0.000000
0.986700 -0.162551 0.000000 314.877563 0.162551 0.986700 0.000000 31.687643 0.000000 0.000000 1.000000 0.000000
0.988053 -0.154113 0.000000 317.451263 0.154113 0.988053 0.000000 31.920876 0.000000 0.000000 1.000000 0.000000
0.989277 -0.146051 0.000000 319.828278 0.146051 0.989277 0.000000 32.301250 0.000000 0.000000 1.000000 0.000000
0.988566 -0.150788 0.000000 322.207642 0.150788 0.988566 0.000000 32.622604 0.000000 0.000000 1.000000 0.000000
0.989818 -0.142339 0.000000 324.780090 0.142339 0.989818 0.000000 32.853203 0.000000 0.000000 1.000000 0.000000
0.990645 -0.136463 0.000000 327.054626 0.136463 0.990645 0.000000 33.171364 0.000000 0.000000 1.000000 0.000000
0.991488 -0.130201 0.000000 329.541718 0.130201 0.991488 0.000000 33.560654 0.000000 0.000000 1.000000 0.000000
0.992724 -0.120411 0.000000 332.045532 0.120411 0.992724 0.000000 33.724022 0.000000 0.000000 1.000000 0.000000
0.993405 -0.114661 0.000000 334.385986 0.114661 0.993405 0.000000 33.940758 0.000000 0.000000 1.000000 0.000000
0.994810 -0.101750 0.000000 336.805267 0.101750 0.994810 0.000000 34.068626 0.000000 0.000000 1.000000 0.000000
0.995441 -0.095376 0.000000 339.253784 0.095376 0.995441 0.000000 34.362896 0.000000 0.000000 1.000000 0.000000
0.995871 -0.090783 0.000000 341.629639 0.090783 0.995871 0.000000 34.513901 0.000000 0.000000 1.000000 0.000000
0.996908 -0.078576 0.000000 343.924683 0.078576 0.996908 0.000000 34.696270 0.000000 0.000000 1.000000 0.000000
0.996690 -0.081295 0.000000 346.447388 0.081295 0.996690 0.000000 34.965687 0.000000 0.000000 1.000000 0.000000
0.997150 -0.075443 0.000000 348.845734 0.075443 0.997150 0.000000 34.943546 0.000000 0.000000 1.000000 0.000000
0.998066 -0.062157 0.000000 351.225067 0.062157 0.998066 0.000000 35.141457 0.000000 0.000000 1.000000 0.000000
0.998126 -0.061187 0.000000 353.538940 0.061187 0.998126 0.000000 35.156605 0.000000 0.000000 1.000000 0.000000
0.998884 -0.047227 0.000000 355.919098 0.047227 0.998884 0.000000 35.200153 0.000000 0.000000 1.000000 0.000000
0.998970 -0.045370 0.000000 358.272949 0.045370 0.998970 0.000000 35.363914 0.000000 0.000000 1.000000 0.000000
0.999160 -0.040970 0.000000 360.774353 0.040970 0.999160 0.000000 35.522816 0.000000 0.000000 1.000000 0.000000
0.999265 -0.038335 0.000000 363.286072 0.038335 0.999265 0.000000 35.420563 0.000000 0.000000 1.000000 0.000000
0.999470 -0.032554 0.000000 365.640991 0.032554 0.999470 0.000000 35.484997 0.000000 0.000000 1.000000 0.000000
0.999499 -0.031659 0.000000 368.018127 0.031659 0.999499 0.000000 35.555107 0.000000 0.000000 1.000000 0.000000
0.999611 -0.027881 0.000000 370.519501 0.027881 0.999611 0.000000 35.612141 0.000000 0.000000 1.000000 0.000000
0.999533 -0.030557 0.000000 372.753052 0.030557 0.999533 0.000000 35.737808 0.000000 0.000000 1.000000 0.000000
0.999538 -0.030405 0.000000 375.253021 0.030405 0.999538 0.000000 35.949886 0.000000 0.000000 1.000000 0.000000
0.999573 -0.029232 0.000000 377.623047 0.029232 0.999573 0.000000 35.710571 0.000000 0.000000 1.000000 0.000000
0.999435 -0.033603 0.000000 380.080231 0.033603 0.999435 0.000000 35.806999 0.000000 0.000000 1.000000 0.000000
0.999443 -0.033358 0.000000 382.628326 0.033358 0.999443 0.000000 35.886395 0.000000 0.000000 1.000000 0.000000
0.999315 -0.037001 0.000000 384.957428 0.037001 0.999315 0.000000 35.897396 0.000000 0.000000 1.000000 0.000000
0.999351 -0.036016 0.000000 387.375519 0.036016 0.999351 0.000000 35.981331 0.000000 0.000000 1.000000 0.000000
0.999109 -0.042205 0.000000 389.811249 0.042205 0.999109 0.000000 36.113514 0.000000 0.000000 1.000000 0.000000
0.998998 -0.044747 0.000000 392.296448 0.044747 0.998998 0.000000 36.107628 0.000000 0.000000 1.000000 0.000000
0.998617 -0.052574 0.000000 394.755005 0.052574 0.998617 0.000000 36.124771 0.000000 0.000000 1.000000 0.000000
0.997847 -0.065578 0.000000 397.191071 0.065578 0.997847 0.000000 36.459030 0.000000 0.000000 1.000000 0.000000
0.997615 -0.069024 0.000000 399.669708 0.069024 0.997615 0.000000 36.522606 0.000000 0.000000 1.000000 0.000000
0.997668 -0.068256 0.000000 402.291504 0.068256 0.997668 0.000000 36.405083 0.000000 0.000000 1.000000 0.000000
0.997293 -0.073531 0.000000 404.732361 0.073531 0.997293 0.000000 36.652939 0.000000 0.000000 1.000000 0.000000
0.996677 -0.081454 0.000000 407.233978 0.081454 0.996677 0.000000 36.932526 0.000000 0.000000 1.000000 0.000000
0.995833 -0.091198 0.000000 409.751495 0.091198 0.995833 0.000000 37.138016 0.000000 0.000000 1.000000 0.000000
0.995329 -0.096544 0.000000 412.208252 0.096544 0.995329 0.000000 37.367386 0.000000 0.000000 1.000000 0.000000
0.994919 -0.100675 0.000000 414.778625 0.100675 0.994919 0.000000 37.443935 0.000000 0.000000 1.000000 0.000000
0.994530 -0.104453 0.000000 417.263519 0.104453 0.994530 0.000000 37.758419 0.000000 0.000000 1.000000 0.000000
0.995029 -0.099584 0.000000 419.788879 0.099584 0.995029 0.000000 38.022804 0.000000 0.000000 1.000000 0.000000
0.994355 -0.106108 0.000000 422.263184 0.106108 0.994355 0.000000 38.339020 0.000000 0.000000 1.000000 0.000000
0.994158 -0.107931 0.000000 424.899292 0.107931 0.994158 0.000000 38.536407 0.000000 0.000000 1.000000 0.000000
0.994360 -0.106059 0.000000 427.407379 0.106059 0.994360 0.000000 38.659065 0.000000 0.000000 1.000000 0.000000
0.994235 -0.107228 0.000000 429.744446 0.107228 0.994235 0.000000 38.936993 0.000000 0.000000 1.000000 0.000000
0.994125 -0.108241 0.000000 432.225739 0.108241 0.994125 0.000000 39.181309 0.000000 0.000000 1.000000 0.000000
0.994246 -0.107120 0.000000 434.497925 0.107120 0.994246 0.000000 39.381844 0.000000 0.000000 1.000000 0.000000
0.994202 -0.107530 0.000000 436.779724 0.107530 0.994202 0.000000 39.646702 0.000000 0.000000 1.000000 0.000000
0.994243 -0.107145 0.000000 439.071106 0.107145 0.994243 0.000000 39.857330 0.000000 0.000000 1.000000 0.000000
0.994329 -0.106350 0.000000 441.190094 0.106350 0.994329 0.000000 40.040005 0.000000 0.000000 1.000000 0.000000
0.994809 -0.101762 0.000000 443.099854 0.101762 0.994809 0.000000 40.188744 0.000000 0.000000 1.000000 0.000000
0.995231 -0.097544 0.000000 445.227417 0.097544 0.995231 0.000000 40.261864 0.000000 0.000000 1.000000 0.000000
0.995354 -0.096282 0.000000 446.936249 0.096282 0.995354 0.000000 40.450172 0.000000 0.000000 1.000000 0.000000
0.996621 -0.082142 0.000000 448.759796 0.082142 0.996621 0.000000 40.537815 0.000000 0.000000 1.000000 0.000000
0.997427 -0.071691 0.000000 450.426392 0.071691 0.997427 0.000000 40.648075 0.000000 0.000000 1.000000 0.000000
0.998412 -0.056340 0.000000 451.970551 0.056340 0.998412 0.000000 40.765339 0.000000 0.000000 1.000000 0.000000
0.999608 -0.027981 0.000000 453.542633 0.027981 0.999608 0.000000 40.712803 0.000000 0.000000 1.000000 0.000000
0.999941 0.010867 0.000000 455.116211 -0.010867 0.999941 -0.000000 40.784641 -0.000000 0.000000 1.000000 0.000000
0.998249 0.059146 0.000000 456.234924 -0.059146 0.998249 -0.000000 40.563011 -0.000000 0.000000 1.000000 0.000000
0.993527 0.113593 0.000000 457.502319 -0.113593 0.993527 -0.000000 40.346436 -0.000000 0.000000 1.000000 0.000000
0.984375 0.176087 0.000000 458.755554 -0.176087 0.984375 -0.000000 40.109379 -0.000000 0.000000 1.000000 0.000000
0.969340 0.245723 0.000000 460.036621 -0.245723 0.969340 -0.000000 39.794651 -0.000000 0.000000 1.000000 0.000000
0.942201 0.335048 0.000000 460.956604 -0.335048 0.942201 -0.000000 39.242237 -0.000000 0.000000 1.000000 0.000000
0.906970 0.421195 0.000000 462.020630 -0.421195 0.906970 -0.000000 38.811897 -0.000000 0.000000 1.000000 0.000000
0.864866 0.502003 0.000000 462.953339 -0.502003 0.864866 -0.000000 38.289745 -0.000000 0.000000 1.000000 0.000000
0.804742 0.593624 0.000000 463.767883 -0.593624 0.804742 -0.000000 37.645550 -0.000000 0.000000 1.000000 0.000000
0.726388 0.687285 0.000000 464.405640 -0.687285 0.726388 -0.000000 36.856827 -0.000000 0.000000 1.000000 0.000000
0.636159 0.771558 0.000000 465.017822 -0.771558 0.636159 -0.000000 36.077427 -0.000000 0.000000 1.000000 0.000000
0.528109 0.849177 0.000000 465.392914 -0.849177 0.528109 -0.000000 35.219017 -0.000000 0.000000 1.000000 0.000000
0.404124 0.914704 0.000000 465.665131 -0.914704 0.404124 -0.000000 34.318089 -0.000000 0.000000 1.000000 0.000000
0.270923 0.962601 0.000000 465.904327 -0.962601 0.270923 -0.000000 33.372265 -0.000000 0.000000 1.000000 0.000000
0.125282 0.992121 0.000000 466.004303 -0.992121 0.125282 -0.000000 32.464252 -0.000000 0.000000 1.000000 0.000000
-0.019879 0.999802 0.000000 465.844238 -0.999802 -0.019879 -0.000000 31.475668 -0.000000 0.000000 1.000000 0.000000
-0.172843 0.984949 0.000000 465.602051 -0.984949 -0.172843 -0.000000 30.467829 -0.000000 0.000000 1.000000 0.000000
-0.324596 0.945853 0.000000 465.050293 -0.945853 -0.324596 -0.000000 29.386309 -0.000000 0.000000 1.000000 0.000000
-0.464137 0.885763 0.000000 464.237305 -0.885763 -0.464137 -0.000000 28.487989 -0.000000 0.000000 1.000000 0.000000
-0.575895 0.817523 0.000000 463.746918 -0.817523 -0.575895 0.000000 27.601866 0.000000 0.000000 1.000000 0.000000
-0.674531 0.738246 0.000000 462.896118 -0.738246 -0.674531 0.000000 26.728535 0.000000 0.000000 1.000000 0.000000
-0.760925 0.648839 0.000000 461.900055 -0.648839 -0.760925 0.000000 25.865101 0.000000 0.000000 1.000000 0.000000
-0.817463 0.575981 0.000000 460.579071 -0.575981 -0.817463 0.000000 24.999104 0.000000 0.000000 1.000000 0.000000
-0.854497 0.519456 0.000000 459.470184 -0.519456 -0.854497 0.000000 24.380211 0.000000 0.000000 1.000000 0.000000
-0.872312 0.488950 0.000000 458.218414 -0.488950 -0.872312 0.000000 23.787621 0.000000 0.000000 1.000000 0.000000
-0.880417 0.474199 0.000000 456.783356 -0.474199 -0.880417 0.000000 23.055334 0.000000 0.000000 1.000000 0.000000
-0.873758 0.486362 0.000000 455.436035 -0.486362 -0.873758 0.000000 22.247458 0.000000 0.000000 1.000000 0.000000
-0.874844 0.484406 0.000000 453.960358 -0.484406 -0.874844 0.000000 21.462248 0.000000 0.000000 1.000000 0.000000
-0.874203 0.485560 0.000000 452.423218 -0.485560 -0.874203 0.000000 20.614199 0.000000 0.000000 1.000000 0.000000
-0.874721 0.484627 0.000000 450.677032 -0.484627 -0.874721 0.000000 19.790361 0.000000 0.000000 1.000000 0.000000
-0.874823 0.484443 0.000000 449.102875 -0.484443 -0.874823 0.000000 18.897129 0.000000 0.000000 1.000000 0.000000
-0.874950 0.484213 0.000000 447.359009 -0.484213 -0.874950 0.000000 18.003992 0.000000 0.000000 1.000000 0.000000
-0.875464 0.483284 0.000000 445.569550 -0.483284 -0.875464 0.000000 17.008892 0.000000 0.000000 1.000000 0.000000
-0.876316 0.481737 0.000000 443.722321 -0.481737 -0.876316 0.000000 15.981341 0.000000 0.000000 1.000000 0.000000
-0.878144 0.478397 0.000000 441.618347 -0.478397 -0.878144 0.000000 14.944259 0.000000 0.000000 1.000000 0.000000
-0.879544 0.475818 0.000000 439.750427 -0.475818 -0.879544 0.000000 13.917910 0.000000 0.000000 1.000000 0.000000
-0.879311 0.476247 0.000000 437.770813 -0.476247 -0.879311 0.000000 12.958500 0.000000 0.000000 1.000000 0.000000
-0.879361 0.476156 0.000000 435.627808 -0.476156 -0.879361 0.000000 11.781725 0.000000 0.000000 1.000000 0.000000
-0.880798 0.473492 0.000000 433.576691 -0.473492 -0.880798 0.000000 10.700274 0.000000 0.000000 1.000000 0.000000
-0.882617 0.470093 0.000000 431.415955 -0.470093 -0.882617 0.000000 9.641537 0.000000 0.000000 1.000000 0.000000
-0.882783 0.469780 0.000000 429.264282 -0.469780 -0.882783 0.000000 8.534363 0.000000 0.000000 1.000000 0.000000
-0.885890 0.463896 0.000000 427.007202 -0.463896 -0.885890 0.000000 7.419014 0.000000 0.000000 1.000000 0.000000
-0.888938 0.458027 0.000000 424.761719 -0.458027 -0.888938 0.000000 6.146373 0.000000 0.000000 1.000000 0.000000
-0.891890 0.452253 0.000000 422.424744 -0.452253 -0.891890 0.000000 5.024934 0.000000 0.000000 1.000000 0.000000
-0.892514 0.451020 0.000000 420.083801 -0.451020 -0.892514 0.000000 3.918767 0.000000 0.000000 1.000000 0.000000
-0.892595 0.450860 0.000000 417.844666 -0.450860 -0.892595 0.000000 2.873480 0.000000 0.000000 1.000000 0.000000
-0.893573 0.448917 0.000000 415.556885 -0.448917 -0.893573 0.000000 1.707828 0.000000 0.000000 1.000000 0.000000
-0.894107 0.447853 0.000000 413.349091 -0.447853 -0.894107 0.000000 0.614997 0.000000 0.000000 1.000000 0.000000
-0.895471 0.445119 0.000000 410.876862 -0.445119 -0.895471 0.000000 -0.512000 0.000000 0.000000 1.000000 0.000000
-0.896679 0.442681 0.000000 408.591431 -0.442681 -0.896679 0.000000 -1.631809 0.000000 0.000000 1.000000 0.000000
-0.897335 0.441350 0.000000 406.353271 -0.441350 -0.897335 0.000000 -2.726114 0.000000 0.000000 1.000000 0.000000
-0.898085 0.439823 0.000000 404.056366 -0.439823 -0.898085 0.000000 -3.861722 0.000000 0.000000 1.000000 0.000000
-0.898473 0.439028 0.000000 401.715485 -0.439028 -0.898473 0.000000 -4.919569 0.000000 0.000000 1.000000 0.000000
-0.898217 0.439552 0.000000 399.322449 -0.439552 -0.898217 0.000000 -6.030753 0.000000 0.000000 1.000000 0.000000
-0.897644 0.440722 0.000000 396.984222 -0.440722 -0.897644 0.000000 -7.214707 0.000000 0.000000 1.000000 0.000000
-0.899337 0.437256 0.000000 394.656708 -0.437256 -0.899337 0.000000 -8.290009 0.000000 0.000000 1.000000 0.000000
-0.900887 0.434054 0.000000 392.371307 -0.434054 -0.900887 0.000000 -9.349936 0.000000 0.000000 1.000000 0.000000
-0.900270 0.435332 0.000000 390.062012 -0.435332 -0.900270 0.000000 -10.433731 0.000000 0.000000 1.000000 0.000000
-0.900647 0.434551 0.000000 387.931183 -0.434551 -0.900647 0.000000 -11.470771 0.000000 0.000000 1.000000 0.000000
-0.901770 0.432216 0.000000 385.449371 -0.432216 -0.901770 0.000000 -12.582802 0.000000 0.000000 1.000000 0.000000
-0.902576 0.430531 0.000000 383.113861 -0.430531 -0.902576 0.000000 -13.673626 0.000000 0.000000 1.000000 0.000000
-0.903466 0.428660 0.000000 380.794861 -0.428660 -0.903466 0.000000 -14.779202 0.000000 0.000000 1.000000 0.000000
-0.904730 0.425986 0.000000 378.596771 -0.425986 -0.904730 0.000000 -15.808500 0.000000 0.000000 1.000000 0.000000
-0.905551 0.424237 0.000000 376.326813 -0.424237 -0.905551 0.000000 -16.788494 0.000000 0.000000 1.000000 0.000000
-0.911025 0.412350 0.000000 373.879913 -0.412350 -0.911025 0.000000 -17.663090 0.000000 0.000000 1.000000 0.000000
-0.913757 0.406261 0.000000 371.507538 -0.406261 -0.913757 0.000000 -18.604485 0.000000 0.000000 1.000000 0.000000
-0.916421 0.400215 0.000000 369.236115 -0.400215 -0.916421 0.000000 -19.583435 0.000000 0.000000 1.000000 0.000000
-0.921938 0.387336 0.000000 366.883148 -0.387336 -0.921938 0.000000 -20.573633 0.000000 0.000000 1.000000 0.000000
-0.924460 0.381280 0.000000 364.611908 -0.381280 -0.924460 0.000000 -21.456263 0.000000 0.000000 1.000000 0.000000
-0.927960 0.372679 0.000000 362.318359 -0.372679 -0.927960 0.000000 -22.397610 0.000000 0.000000 1.000000 0.000000
-0.930748 0.365662 0.000000 359.985565 -0.365662 -0.930748 0.000000 -23.228523 0.000000 0.000000 1.000000 0.000000
-0.933487 0.358611 0.000000 357.639343 -0.358611 -0.933487 0.000000 -23.960039 0.000000 0.000000 1.000000 0.000000
-0.936694 0.350148 0.000000 355.212891 -0.350148 -0.936694 0.000000 -24.966661 0.000000 0.000000 1.000000 0.000000
-0.940046 0.341048 0.000000 352.874420 -0.341048 -0.940046 0.000000 -25.708456 0.000000 0.000000 1.000000 0.000000
-0.943898 0.330238 0.000000 350.461609 -0.330238 -0.943898 0.000000 -26.576880 0.000000 0.000000 1.000000 0.000000
-0.946633 0.322314 0.000000 348.132477 -0.322314 -0.946633 0.000000 -27.325220 0.000000 0.000000 1.000000 0.000000
-0.949467 0.313866 0.000000 345.854645 -0.313866 -0.949467 0.000000 -28.008238 0.000000 0.000000 1.000000 0.000000
-0.950171 0.311730 0.000000 343.445343 -0.311730 -0.950171 0.000000 -28.721729 0.000000 0.000000 1.000000 0.000000
-0.950784 0.309854 0.000000 341.146545 -0.309854 -0.950784 0.000000 -29.593483 0.000000 0.000000 1.000000 0.000000
-0.950692 0.310136 0.000000 338.662476 -0.310136 -0.950692 0.000000 -30.289755 0.000000 0.000000 1.000000 0.000000
-0.951671 0.307121 0.000000 336.152771 -0.307121 -0.951671 0.000000 -31.015165 0.000000 0.000000 1.000000 0.000000
-0.951137 0.308771 0.000000 333.869141 -0.308771 -0.951137 0.000000 -31.713062 0.000000 0.000000 1.000000 0.000000
-0.949597 0.313473 0.000000 331.612854 -0.313473 -0.949597 0.000000 -32.559929 0.000000 0.000000 1.000000 0.000000
