1.000000 0.000007 0.000000 0.001571 -0.000007 1.000000 -0.000000 -0.001797 -0.000000 0.000000 1.000000 0.000000
1.000000 -0.000062 0.000000 0.002139 0.000062 1.000000 0.000000 -0.001188 0.000000 0.000000 1.000000 0.000000
1.000000 0.000011 0.000000 0.001915 -0.000011 1.000000 -0.000000 -0.001342 -0.000000 0.000000 1.000000 0.000000
1.000000 -0.000047 0.000000 0.001668 0.000047 1.000000 0.000000 -0.000710 0.000000 0.000000 1.000000 0.000000
1.000000 0.000005 0.000000 0.001609 -0.000005 1.000000 -0.000000 0.000483 -0.000000 0.000000 1.000000 0.000000
1.000000 -0.000052 0.000000 0.002174 0.000052 1.000000 0.000000 -0.000406 0.000000 0.000000 1.000000 0.000000
1.000000 0.000009 0.000000 0.002003 -0.000009 1.000000 -0.000000 -0.001403 -0.000000 0.000000 1.000000 0.000000
1.000000 -0.000004 0.000000 0.000797 0.000004 1.000000 0.000000 0.000681 0.000000 0.000000 1.000000 0.000000
1.000000 0.000009 0.000000 0.000186 -0.000009 1.000000 -0.000000 0.001326 -0.000000 0.000000 1.000000 0.000000
1.000000 -0.000028 0.000000 0.000219 0.000028 1.000000 0.000000 -0.000039 0.000000 0.000000 1.000000 0.000000
1.000000 -0.000153 0.000000 0.000442 0.000153 1.000000 0.000000 -0.000420 0.000000 0.000000 1.000000 0.000000
1.000000 -0.000040 0.000000 0.000191 0.000040 1.000000 0.000000 0.000414 0.000000 0.000000 1.000000 0.000000
1.000000 -0.000021 0.000000 0.000347 0.000021 1.000000 0.000000 0.000398 0.000000 0.000000 1.000000 0.000000
1.000000 -0.000042 0.000000 0.000638 0.000042 1.000000 0.000000 0.000186 0.000000 0.000000 1.000000 0.000000
1.000000 -0.000044 0.000000 0.001281 0.000044 1.000000 0.000000 0.001240 0.000000 0.000000 1.000000 0.000000
1.000000 -0.000038 0.000000 0.001250 0.000038 1.000000 0.000000 0.000997 0.000000 0.000000 1.000000 0.000000
1.000000 -0.000088 0.000000 0.001729 0.000088 1.000000 0.000000 -0.001996 0.000000 0.000000 1.000000 0.000000
1.000000 0.000014 0.000000 0.001986 -0.000014 1.000000 -0.000000 -0.003910 -0.000000 0.000000 1.000000 0.000000
1.000000 -0.000050 0.000000 0.001070 0.000050 1.000000 0.000000 0.000248 0.000000 0.000000 1.000000 0.000000
1.000000 -0.000131 0.000000 0.000607 0.000131 1.000000 0.000000 0.000124 0.000000 0.000000 1.000000 0.000000
1.000000 -0.000022 0.000000 0.000325 0.000022 1.000000 0.000000 0.000708 0.000000 0.000000 1.000000 0.000000
1.000000 0.000015 0.000000 -0.000063 -0.000015 1.000000 -0.000000 0.000013 -0.000000 0.000000 1.000000 0.000000
1.000000 -0.000047 0.000000 0.000527 0.000047 1.000000 0.000000 -0.000127 0.000000 0.000000 1.000000 0.000000
1.000000 -0.000100 0.000000 0.002413 0.000100 1.000000 0.000000 -0.001650 0.000000 0.000000 1.000000 0.000000
1.000000 -0.000077 0.000000 0.002556 0.000077 1.000000 0.000000 -0.000018 0.000000 0.000000 1.000000 0.000000
1.000000 -0.000018 0.000000 0.003199 0.000018 1.000000 0.000000 -0.001363 0.000000 0.000000 1.000000 0.000000
1.000000 -0.000077 0.000000 0.004272 0.000077 1.000000 0.000000 -0.001065 0.000000 0.000000 1.000000 0.000000
1.000000 -0.000072 0.000000 0.004242 0.000072 1.000000 0.000000 -0.000456 0.000000 0.000000 1.000000 0.000000
1.000000 -0.000066 0.000000 0.003881 0.000066 1.000000 0.000000 -0.001999 0.000000 0.000000 1.000000 0.000000
1.000000 -0.000021 0.000000 0.003381 0.000021 1.000000 0.000000 -0.001805 0.000000 0.000000 1.000000 0.000000
1.000000 -0.000019 0.000000 0.002592 0.000019 1.000000 0.000000 0.000103 0.000000 0.000000 1.000000 0.000000
1.000000 -0.000127 0.000000 0.002468 0.000127 1.000000 0.000000 -0.001736 0.000000 0.000000 1.000000 0.000000
1.000000 -0.000010 0.000000 0.001841 0.000010 1.000000 0.000000 -0.001235 0.000000 0.000000 1.000000 0.000000
1.000000 -0.000055 0.000000 0.001858 0.000055 1.000000 0.000000 -0.001218 0.000000 0.000000 1.000000 0.000000
1.000000 -0.000023 0.000000 0.000892 0.000023 1.000000 0.000000 -0.000554 0.000000 0.000000 1.000000 0.000000
1.000000 0.000018 0.000000 -0.000117 -0.000018 1.000000 -0.000000 -0.001101 -0.000000 0.000000 1.000000 0.000000
1.000000 0.000080 0.000000 -0.000678 -0.000080 1.000000 -0.000000 0.000686 -0.000000 0.000000 1.000000 0.000000
1.000000 0.000064 0.000000 -0.000692 -0.000064 1.000000 -0.000000 0.001775 -0.000000 0.000000 1.000000 0.000000
1.000000 -0.000016 0.000000 -0.000907 0.000016 1.000000 0.000000 -0.001086 0.000000 0.000000 1.000000 0.000000
1.000000 -0.000061 0.000000 -0.001068 0.000061 1.000000 0.000000 0.000432 0.000000 0.000000 1.000000 0.000000
1.000000 -0.000041 0.000000 -0.000670 0.000041 1.000000 0.000000 -0.001036 0.000000 0.000000 1.000000 0.000000
1.000000 -0.000032 0.000000 -0.000076 0.000032 1.000000 0.000000 -0.000635 0.000000 0.000000 1.000000 0.000000
1.000000 -0.000016 0.000000 0.000376 0.000016 1.000000 0.000000 -0.000172 0.000000 0.000000 1.000000 0.000000
1.000000 0.000024 0.000000 0.001509 -0.000024 1.000000 -0.000000 0.001147 -0.000000 0.000000 1.000000 0.000000
1.000000 -0.000059 0.000000 0.003296 0.000059 1.000000 0.000000 -0.001887 0.000000 0.000000 1.000000 0.000000
1.000000 -0.000105 0.000000 0.005247 0.000105 1.000000 0.000000 -0.000483 0.000000 0.000000 1.000000 0.000000
1.000000 0.000035 0.000000 0.008391 -0.000035 1.000000 -0.000000 -0.000230 -0.000000 0.000000 1.000000 0.000000
1.000000 0.000169 0.000000 0.013394 -0.000169 1.000000 -0.000000 0.001092 -0.000000 0.000000 1.000000 0.000000
1.000000 -0.000309 0.000000 0.022983 0.000309 1.000000 0.000000 0.002403 0.000000 0.000000 1.000000 0.000000
0.999999 -0.001069 0.000000 0.035232 0.001069 0.999999 0.000000 0.001426 0.000000 0.000000 1.000000 0.000000
0.999807 -0.019653 0.000000 0.379653 0.019653 0.999807 0.000000 0.019972 0.000000 0.000000 1.000000 0.000000
0.999562 -0.029609 0.000000 0.607268 0.029609 0.999562 0.000000 0.029132 0.000000 0.000000 1.000000 0.000000
0.998335 -0.057678 0.000000 1.235910 0.057678 0.998335 0.000000 0.072936 0.000000 0.000000 1.000000 0.000000
0.995252 -0.097330 0.000000 2.107158 0.097330 0.995252 0.000000 0.167260 0.000000 0.000000 1.000000 0.000000
0.989072 -0.147435 0.000000 3.218008 0.147435 0.989072 0.000000 0.339030 0.000000 0.000000 1.000000 0.000000
0.981173 -0.193130 0.000000 4.598559 0.193130 0.981173 0.000000 0.603155 0.000000 0.000000 1.000000 0.000000
0.979218 -0.202809 0.000000 6.245832 0.202809 0.979218 0.000000 0.937054 0.000000 0.000000 1.000000 0.000000
0.982487 -0.186330 0.000000 8.171915 0.186330 0.982487 0.000000 1.276546 0.000000 0.000000 1.000000 0.000000
0.986921 -0.161206 0.000000 10.358292 0.161206 0.986921 0.000000 1.624225 0.000000 0.000000 1.000000 0.000000
0.995930 -0.090130 0.000000 15.457155 0.090130 0.995930 0.000000 2.166324 0.000000 0.000000 1.000000 0.000000
0.997606 -0.069159 0.000000 16.704978 0.069159 0.997606 0.000000 2.246307 0.000000 0.000000 1.000000 0.000000
0.999163 -0.040917 0.000000 19.309358 0.040917 0.999163 0.000000 2.334405 0.000000 0.000000 1.000000 0.000000
0.999540 -0.030343 0.000000 22.042690 0.030343 0.999540 0.000000 2.397625 0.000000 0.000000 1.000000 0.000000
0.999799 -0.020067 0.000000 24.745961 0.020067 0.999799 0.000000 2.440583 0.000000 0.000000 1.000000 0.000000
0.999950 -0.010019 0.000000 27.482629 0.010019 0.999950 0.000000 2.444815 0.000000 0.000000 1.000000 0.000000
1.000000 -0.000535 0.000000 30.370346 0.000535 1.000000 0.000000 2.419648 0.000000 0.000000 1.000000 0.000000
0.999986 0.005340 0.000000 33.243812 -0.005340 0.999986 -0.000000 2.396634 -0.000000 0.000000 1.000000 0.000000
0.999983 0.005912 0.000000 36.292669 -0.005912 0.999983 -0.000000 2.355433 -0.000000 0.000000 1.000000 0.000000
0.999983 0.005911 0.000000 42.824680 -0.005911 0.999983 -0.000000 2.266831 -0.000000 0.000000 1.000000 0.000000
0.999985 0.005539 0.000000 44.436774 -0.005539 0.999985 -0.000000 2.243567 -0.000000 0.000000 1.000000 0.000000
0.999999 0.001668 0.000000 47.930812 -0.001668 0.999999 -0.000000 2.220190 -0.000000 0.000000 1.000000 0.000000
0.999993 -0.003626 0.000000 51.347785 0.003626 0.999993 0.000000 2.203268 0.000000 0.000000 1.000000 0.000000
0.999955 -0.009526 0.000000 54.661679 0.009526 0.999955 0.000000 2.206023 0.000000 0.000000 1.000000 0.000000
0.999932 -0.011651 0.000000 58.096502 0.011651 0.999932 0.000000 2.224797 0.000000 0.000000 1.000000 0.000000
0.999980 -0.006320 0.000000 61.549380 0.006320 0.999980 0.000000 2.239150 0.000000 0.000000 1.000000 0.000000
0.999999 -0.001668 0.000000 64.958487 0.001668 0.999999 0.000000 2.242190 0.000000 0.000000 1.000000 0.000000
1.000000 0.000603 0.000000 68.404992 -0.000603 1.000000 -0.000000 2.233704 -0.000000 0.000000 1.000000 0.000000
0.999995 0.003119 0.000000 75.797188 -0.003119 0.999995 -0.000000 2.183657 -0.000000 0.000000 1.000000 0.000000
0.999998 0.001792 0.000000 77.642130 -0.001792 0.999998 -0.000000 2.177556 -0.000000 0.000000 1.000000 0.000000
0.999999 0.001716 0.000000 81.045319 -0.001716 0.999999 -0.000000 2.158302 -0.000000 0.000000 1.000000 0.000000
0.999981 0.006235 0.000000 84.444860 -0.006235 0.999981 -0.000000 2.135798 -0.000000 0.000000 1.000000 0.000000
0.999940 0.010956 0.000000 87.841373 -0.010956 0.999940 -0.000000 2.101060 -0.000000 0.000000 1.000000 0.000000
0.999957 0.009243 0.000000 91.168926 -0.009243 0.999957 -0.000000 2.058035 -0.000000 0.000000 1.000000 0.000000
0.999997 0.002343 0.000000 94.650133 -0.002343 0.999997 -0.000000 2.028293 -0.000000 0.000000 1.000000 0.000000
0.999966 -0.008291 0.000000 98.091984 0.008291 0.999966 0.000000 2.038944 0.000000 0.000000 1.000000 0.000000
0.999777 -0.021134 0.000000 101.514738 0.021134 0.999777 0.000000 2.092045 0.000000 0.000000 1.000000 0.000000
0.999103 -0.042352 0.000000 107.889132 0.042352 0.999103 0.000000 2.292472 0.000000 0.000000 1.000000 0.000000
0.998932 -0.046205 0.000000 109.517509 0.046205 0.998932 0.000000 2.363265 0.000000 0.000000 1.000000 0.000000
0.998557 -0.053704 0.000000 112.662583 0.053704 0.998557 0.000000 2.510227 0.000000 0.000000 1.000000 0.000000
0.998118 -0.061318 0.000000 115.716642 0.061318 0.998118 0.000000 2.674173 0.000000 0.000000 1.000000 0.000000
0.997816 -0.066048 0.000000 118.720841 0.066048 0.997816 0.000000 2.868607 0.000000 0.000000 1.000000 0.000000
0.998073 -0.062043 0.000000 121.518770 0.062043 0.998073 0.000000 3.038727 0.000000 0.000000 1.000000 0.000000
0.998696 -0.051044 0.000000 124.350267 0.051044 0.998696 0.000000 3.183475 0.000000 0.000000 1.000000 0.000000
0.999292 -0.037613 0.000000 127.293841 0.037613 0.999292 0.000000 3.292063 0.000000 0.000000 1.000000 0.000000
0.999732 -0.023132 0.000000 130.119743 0.023132 0.999732 0.000000 3.361584 0.000000 0.000000 1.000000 0.000000
0.999990 -0.004396 0.000000 135.992617 0.004396 0.999990 0.000000 3.408575 0.000000 0.000000 1.000000 0.000000
0.999991 -0.004322 0.000000 137.506239 0.004322 0.999991 0.000000 3.419049 0.000000 0.000000 1.000000 0.000000
0.999992 -0.004001 0.000000 140.609030 0.004001 0.999992 0.000000 3.429854 0.000000 0.000000 1.000000 0.000000
0.999981 -0.006171 0.000000 143.652024 0.006171 0.999981 0.000000 3.441733 0.000000 0.000000 1.000000 0.000000
0.999968 -0.007959 0.000000 146.563638 0.007959 0.999968 0.000000 3.466050 0.000000 0.000000 1.000000 0.000000
0.999930 -0.011839 0.000000 149.245226 0.011839 0.999930 0.000000 3.497139 0.000000 0.000000 1.000000 0.000000
0.999902 -0.013972 0.000000 151.849329 0.013972 0.999902 0.000000 3.523142 0.000000 0.000000 1.000000 0.000000
0.999911 -0.013323 0.000000 154.776377 0.013323 0.999911 0.000000 3.550032 0.000000 0.000000 1.000000 0.000000
0.999915 -0.013041 0.000000 157.755584 0.013041 0.999915 0.000000 3.579196 0.000000 0.000000 1.000000 0.000000
0.999886 -0.015086 0.000000 164.000408 0.015086 0.999886 0.000000 3.654528 0.000000 0.000000 1.000000 0.000000
0.999846 -0.017555 0.000000 165.631743 0.017555 0.999846 0.000000 3.674735 0.000000 0.000000 1.000000 0.000000
0.999734 -0.023073 0.000000 168.912243 0.023073 0.999734 0.000000 3.727374 0.000000 0.000000 1.000000 0.000000
0.999672 -0.025595 0.000000 172.314412 0.025595 0.999672 0.000000 3.805645 0.000000 0.000000 1.000000 0.000000
0.999586 -0.028764 0.000000 175.788176 0.028764 0.999586 0.000000 3.887986 0.000000 0.000000 1.000000 0.000000
0.999493 -0.031848 0.000000 179.124979 0.031848 0.999493 0.000000 3.981753 0.000000 0.000000 1.000000 0.000000
0.999389 -0.034945 0.000000 182.841795 0.034945 0.999389 0.000000 4.098468 0.000000 0.000000 1.000000 0.000000
0.999311 -0.037111 0.000000 186.601734 0.037111 0.999311 0.000000 4.225325 0.000000 0.000000 1.000000 0.000000
0.999234 -0.039134 0.000000 190.288083 0.039134 0.999234 0.000000 4.355643 0.000000 0.000000 1.000000 0.000000
0.999029 -0.044067 0.000000 197.474807 0.044067 0.999029 0.000000 4.620763 0.000000 0.000000 1.000000 0.000000
0.998964 -0.045501 0.000000 199.183652 0.045501 0.998964 0.000000 4.682432 0.000000 0.000000 1.000000 0.000000
0.998859 -0.047756 0.000000 202.443616 0.047756 0.998859 0.000000 4.823410 0.000000 0.000000 1.000000 0.000000
0.998612 -0.052678 0.000000 205.557571 0.052678 0.998612 0.000000 4.968358 0.000000 0.000000 1.000000 0.000000
0.998407 -0.056416 0.000000 208.659682 0.056416 0.998407 0.000000 5.141730 0.000000 0.000000 1.000000 0.000000
0.998596 -0.052973 0.000000 211.800262 0.052973 0.998596 0.000000 5.311674 0.000000 0.000000 1.000000 0.000000
0.999030 -0.044024 0.000000 214.993981 0.044024 0.999030 0.000000 5.451538 0.000000 0.000000 1.000000 0.000000
0.999504 -0.031506 0.000000 218.302883 0.031506 0.999504 0.000000 5.559808 0.000000 0.000000 1.000000 0.000000
0.999779 -0.021017 0.000000 221.684629 0.021017 0.999779 0.000000 5.637983 0.000000 0.000000 1.000000 0.000000
0.997948 -0.064025 0.000000 228.620461 0.064025 0.997948 0.000000 5.898986 0.000000 0.000000 1.000000 0.000000
0.996660 -0.081657 0.000000 230.430599 0.081657 0.996660 0.000000 6.043651 0.000000 0.000000 1.000000 0.000000
0.993635 -0.112647 0.000000 234.048533 0.112647 0.993635 0.000000 6.423518 0.000000 0.000000 1.000000 0.000000
0.991930 -0.126784 0.000000 237.270081 0.126784 0.991930 0.000000 6.828895 0.000000 0.000000 1.000000 0.000000
0.990582 -0.136918 0.000000 241.002506 0.136918 0.990582 0.000000 7.329375 0.000000 0.000000 1.000000 0.000000
0.989368 -0.145431 0.000000 244.802429 0.145431 0.989368 0.000000 7.876716 0.000000 0.000000 1.000000 0.000000
0.988556 -0.150854 0.000000 248.719453 0.150854 0.988556 0.000000 8.461058 0.000000 0.000000 1.000000 0.000000
0.989061 -0.147509 0.000000 252.718851 0.147509 0.989061 0.000000 9.055743 0.000000 0.000000 1.000000 0.000000
0.989394 -0.145254 0.000000 256.759348 0.145254 0.989394 0.000000 9.640456 0.000000 0.000000 1.000000 0.000000
0.989694 -0.143198 0.000000 264.849094 0.143198 0.989694 0.000000 10.797052 0.000000 0.000000 1.000000 0.000000
0.989752 -0.142798 0.000000 266.882349 0.142798 0.989752 0.000000 11.081868 0.000000 0.000000 1.000000 0.000000
0.990119 -0.140227 0.000000 270.849786 0.140227 0.990119 0.000000 11.635615 0.000000 0.000000 1.000000 0.000000
0.990349 -0.138599 0.000000 274.751852 0.138599 0.990349 0.000000 12.174955 0.000000 0.000000 1.000000 0.000000
0.990071 -0.140568 0.000000 278.736461 0.140568 0.990071 0.000000 12.726265 0.000000 0.000000 1.000000 0.000000
0.989912 -0.141681 0.000000 282.683004 0.141681 0.989912 0.000000 13.277218 0.000000 0.000000 1.000000 0.000000
0.990035 -0.140821 0.000000 286.602375 0.140821 0.990035 0.000000 13.828754 0.000000 0.000000 1.000000 0.000000
0.990162 -0.139927 0.000000 290.424970 0.139927 0.990162 0.000000 14.355833 0.000000 0.000000 1.000000 0.000000
0.990391 -0.138296 0.000000 294.558814 0.138296 0.990391 0.000000 14.927511 0.000000 0.000000 1.000000 0.000000
0.991167 -0.132619 0.000000 302.767234 0.132619 0.991167 0.000000 16.006846 0.000000 0.000000 1.000000 0.000000
0.991490 -0.130183 0.000000 304.928112 0.130183 0.991490 0.000000 16.282761 0.000000 0.000000 1.000000 0.000000
0.992445 -0.122692 0.000000 309.048462 0.122692 0.992445 0.000000 16.781303 0.000000 0.000000 1.000000 0.000000
0.993337 -0.115247 0.000000 313.213761 0.115247 0.993337 0.000000 17.258553 0.000000 0.000000 1.000000 0.000000
0.994115 -0.108334 0.000000 317.587847 0.108334 0.994115 0.000000 17.737570 0.000000 0.000000 1.000000 0.000000
0.994726 -0.102570 0.000000 321.930147 0.102570 0.994726 0.000000 18.184847 0.000000 0.000000 1.000000 0.000000
0.995059 -0.099284 0.000000 326.389489 0.099284 0.995059 0.000000 18.622218 0.000000 0.000000 1.000000 0.000000
0.995561 -0.094120 0.000000 330.828096 0.094120 0.995561 0.000000 19.042190 0.000000 0.000000 1.000000 0.000000
0.995905 -0.090409 0.000000 335.185408 0.090409 0.995905 0.000000 19.424955 0.000000 0.000000 1.000000 0.000000
0.995953 -0.089873 0.000000 343.821788 0.089873 0.995953 0.000000 20.185849 0.000000 0.000000 1.000000 0.000000
0.995950 -0.089910 0.000000 345.921886 0.089910 0.995950 0.000000 20.368955 0.000000 0.000000 1.000000 0.000000
0.996116 -0.088052 0.000000 350.327746 0.088052 0.996116 0.000000 20.746833 0.000000 0.000000 1.000000 0.000000
0.997061 -0.076617 0.000000 354.762347 0.076617 0.997061 0.000000 21.096513 0.000000 0.000000 1.000000 0.000000
0.998665 -0.051652 0.000000 359.216720 0.051652 0.998665 0.000000 21.359464 0.000000 0.000000 1.000000 0.000000
0.999869 -0.016196 0.000000 363.490772 0.016196 0.999869 0.000000 21.469915 0.000000 0.000000 1.000000 0.000000
0.999769 0.021510 0.000000 367.929649 -0.021510 0.999769 -0.000000 21.425446 -0.000000 0.000000 1.000000 0.000000
0.998650 0.051941 0.000000 372.307303 -0.051941 0.998650 -0.000000 21.235963 -0.000000 0.000000 1.000000 0.000000
0.997486 0.070871 0.000000 376.453580 -0.070871 0.997486 -0.000000 20.936417 -0.000000 0.000000 1.000000 0.000000
0.998313 0.058054 0.000000 384.795908 -0.058054 0.998313 -0.000000 20.327964 -0.000000 0.000000 1.000000 0.000000
0.998706 0.050853 0.000000 386.906193 -0.050853 0.998706 -0.000000 20.216470 -0.000000 0.000000 1.000000 0.000000
0.999454 0.033026 0.000000 391.177040 -0.033026 0.999454 -0.000000 20.038898 -0.000000 0.000000 1.000000 0.000000
0.999863 0.016565 0.000000 395.412019 -0.016565 0.999863 -0.000000 19.934797 -0.000000 0.000000 1.000000 0.000000
0.999994 0.003540 0.000000 399.762885 -0.003540 0.999994 -0.000000 19.893696 -0.000000 0.000000 1.000000 0.000000
0.999980 -0.006264 0.000000 404.018730 0.006264 0.999980 0.000000 19.888680 0.000000 0.000000 1.000000 0.000000
0.999885 -0.015154 0.000000 408.416011 0.015154 0.999885 0.000000 19.919595 0.000000 0.000000 1.000000 0.000000
0.999759 -0.021948 0.000000 412.735161 0.021948 0.999759 0.000000 19.983519 0.000000 0.000000 1.000000 0.000000
0.999596 -0.028433 0.000000 417.099908 0.028433 0.999596 0.000000 20.062675 0.000000 0.000000 1.000000 0.000000
0.999194 -0.040149 0.000000 426.383308 0.040149 0.999194 0.000000 20.314448 0.000000 0.000000 1.000000 0.000000
0.999098 -0.042463 0.000000 428.672084 0.042463 0.999098 0.000000 20.399410 0.000000 0.000000 1.000000 0.000000
0.998912 -0.046625 0.000000 432.952436 0.046625 0.998912 0.000000 20.561769 0.000000 0.000000 1.000000 0.000000
0.998793 -0.049127 0.000000 437.336459 0.049127 0.998793 0.000000 20.744515 0.000000 0.000000 1.000000 0.000000
0.998615 -0.052606 0.000000 441.240613 0.052606 0.998615 0.000000 20.913426 0.000000 0.000000 1.000000 0.000000
0.998364 -0.057180 0.000000 445.248750 0.057180 0.998364 0.000000 21.099788 0.000000 0.000000 1.000000 0.000000
0.998219 -0.059656 0.000000 449.099398 0.059656 0.998219 0.000000 21.294774 0.000000 0.000000 1.000000 0.000000
0.998367 -0.057119 0.000000 452.752752 0.057119 0.998367 0.000000 21.479959 0.000000 0.000000 1.000000 0.000000
0.998697 -0.051028 0.000000 456.064479 0.051028 0.998697 0.000000 21.626577 0.000000 0.000000 1.000000 0.000000
0.999969 0.007916 0.000000 461.761848 -0.007916 0.999969 -0.000000 21.711414 -0.000000 0.000000 1.000000 0.000000
0.999417 0.034128 0.000000 463.023130 -0.034128 0.999417 -0.000000 21.654566 -0.000000 0.000000 1.000000 0.000000
0.994102 0.108446 0.000000 465.310951 -0.108446 0.994102 -0.000000 21.418768 -0.000000 0.000000 1.000000 0.000000
0.979176 0.203015 0.000000 467.367494 -0.203015 0.979176 -0.000000 21.007780 -0.000000 0.000000 1.000000 0.000000
0.949819 0.312801 0.000000 469.239551 -0.312801 0.949819 -0.000000 20.408301 -0.000000 0.000000 1.000000 0.000000
0.893225 0.449610 0.000000 470.917695 -0.449610 0.893225 -0.000000 19.581811 -0.000000 0.000000 1.000000 0.000000
0.792822 0.609453 0.000000 472.399742 -0.609453 0.792822 -0.000000 18.467762 -0.000000 0.000000 1.000000 0.000000
0.635713 0.771926 0.000000 473.588918 -0.771926 0.635713 -0.000000 17.063082 -0.000000 0.000000 1.000000 0.000000
0.422504 0.906361 0.000000 474.387794 -0.906361 0.422504 -0.000000 15.389571 -0.000000 0.000000 1.000000 0.000000
-0.134468 0.990918 0.000000 474.498816 -0.990918 -0.134468 -0.000000 11.552978 -0.000000 0.000000 1.000000 0.000000
-0.277756 0.960652 0.000000 474.160255 -0.960652 -0.277756 -0.000000 10.570428 -0.000000 0.000000 1.000000 0.000000
-0.532084 0.846692 0.000000 473.024852 -0.846692 -0.532084 -0.000000 8.652199 -0.000000 0.000000 1.000000 0.000000
-0.714251 0.699889 0.000000 471.345174 -0.699889 -0.714251 0.000000 6.915100 0.000000 0.000000 1.000000 0.000000
-0.812154 0.583443 0.000000 469.254707 -0.583443 -0.812154 0.000000 5.359647 0.000000 0.000000 1.000000 0.000000
-0.853924 0.520398 0.000000 466.834744 -0.520398 -0.853924 0.000000 3.857552 0.000000 0.000000 1.000000 0.000000
-0.875224 0.483718 0.000000 464.178544 -0.483718 -0.875224 0.000000 2.367878 0.000000 0.000000 1.000000 0.000000
-0.893742 0.448582 0.000000 461.263438 -0.448582 -0.893742 0.000000 0.881465 0.000000 0.000000 1.000000 0.000000
-0.905453 0.424446 0.000000 458.046018 -0.424446 -0.905453 0.000000 -0.635659 0.000000 0.000000 1.000000 0.000000
-0.911389 0.411546 0.000000 450.854391 -0.411546 -0.911389 0.000000 -3.848887 0.000000 0.000000 1.000000 0.000000
-0.911066 0.412259 0.000000 448.999040 -0.412259 -0.911066 0.000000 -4.677234 0.000000 0.000000 1.000000 0.000000
-0.908615 0.417635 0.000000 445.168253 -0.417635 -0.908615 0.000000 -6.406669 0.000000 0.000000 1.000000 0.000000
-0.905735 0.423845 0.000000 441.257999 -0.423845 -0.905735 0.000000 -8.200449 0.000000 0.000000 1.000000 0.000000
-0.904990 0.425432 0.000000 437.508138 -0.425432 -0.904990 0.000000 -9.942906 0.000000 0.000000 1.000000 0.000000
-0.904975 0.425465 0.000000 433.662870 -0.425465 -0.904975 0.000000 -11.726967 0.000000 0.000000 1.000000 0.000000
-0.906317 0.422598 0.000000 429.810907 -0.422598 -0.906317 0.000000 -13.507756 0.000000 0.000000 1.000000 0.000000
-0.907153 0.420801 0.000000 426.066373 -0.420801 -0.907153 0.000000 -15.233538 0.000000 0.000000 1.000000 0.000000
-0.906879 0.421392 0.000000 422.354954 -0.421392 -0.906879 0.000000 -16.935827 0.000000 0.000000 1.000000 0.000000
-0.906803 0.421554 0.000000 415.107352 -0.421554 -0.906803 0.000000 -20.296379 0.000000 0.000000 1.000000 0.000000
-0.907466 0.420125 0.000000 413.355583 -0.420125 -0.907466 0.000000 -21.100990 0.000000 0.000000 1.000000 0.000000
-0.908746 0.417349 0.000000 410.033755 -0.417349 -0.908746 0.000000 -22.620949 0.000000 0.000000 1.000000 0.000000
-0.910385 0.413761 0.000000 406.819260 -0.413761 -0.910385 0.000000 -24.082054 0.000000 0.000000 1.000000 0.000000
-0.911618 0.411039 0.000000 403.925432 -0.411039 -0.911618 0.000000 -25.386173 0.000000 0.000000 1.000000 0.000000
-0.912421 0.409252 0.000000 401.217963 -0.409252 -0.912421 0.000000 -26.593247 0.000000 0.000000 1.000000 0.000000
-0.913521 0.406791 0.000000 398.831979 -0.406791 -0.913521 0.000000 -27.652298 0.000000 0.000000 1.000000 0.000000
-0.914006 0.405700 0.000000 396.696543 -0.405700 -0.914006 0.000000 -28.593289 0.000000 0.000000 1.000000 0.000000
-0.914473 0.404647 0.000000 394.762491 -0.404647 -0.914473 0.000000 -29.444564 0.000000 0.000000 1.000000 0.000000
-0.917148 0.398548 0.000000 391.488753 -0.398548 -0.917148 0.000000 -30.872303 0.000000 0.000000 1.000000 0.000000
-0.918079 0.396398 0.000000 390.796289 -0.396398 -0.918079 0.000000 -31.167197 0.000000 0.000000 1.000000 0.000000
-0.919696 0.392631 0.000000 389.525901 -0.392631 -0.919696 0.000000 -31.703482 0.000000 0.000000 1.000000 0.000000
-0.921065 0.389410 0.000000 388.390944 -0.389410 -0.921065 0.000000 -32.177225 0.000000 0.000000 1.000000 0.000000
-0.922374 0.386299 0.000000 387.385037 -0.386299 -0.922374 0.000000 -32.597062 0.000000 0.000000 1.000000 0.000000
-0.923563 0.383448 0.000000 386.495398 -0.383448 -0.923563 0.000000 -32.959426 0.000000 0.000000 1.000000 0.000000
-0.924250 0.381789 0.000000 385.780961 -0.381789 -0.924250 0.000000 -33.249377 0.000000 0.000000 1.000000 0.000000
-0.924906 0.380196 0.000000 385.221969 -0.380196 -0.924906 0.000000 -33.474384 0.000000 0.000000 1.000000 0.000000
-0.925487 0.378779 0.000000 384.799916 -0.378779 -0.925487 0.000000 -33.643526 0.000000 0.000000 1.000000 0.000000
-0.926093 0.377295 0.000000 384.323543 -0.377295 -0.926093 0.000000 -33.834717 0.000000 0.000000 1.000000 0.000000
-0.926187 0.377065 0.000000 384.249151 -0.377065 -0.926187 0.000000 -33.864459 0.000000 0.000000 1.000000 0.000000
-0.926300 0.376787 0.000000 384.210775 -0.376787 -0.926300 0.000000 -33.880727 0.000000 0.000000 1.000000 0.000000
-0.926320 0.376737 0.000000 384.207378 -0.376737 -0.926320 0.000000 -33.882408 0.000000 0.000000 1.000000 0.000000
-0.926344 0.376679 0.000000 384.204318 -0.376679 -0.926344 0.000000 -33.883909 0.000000 0.000000 1.000000 0.000000
-0.926353 0.376657 0.000000 384.200793 -0.376657 -0.926353 0.000000 -33.885654 0.000000 0.000000 1.000000 0.000000
-0.926358 0.376645 0.000000 384.197341 -0.376645 -0.926358 0.000000 -33.887312 0.000000 0.000000 1.000000 0.000000
-0.926373 0.376607 0.000000 384.194115 -0.376607 -0.926373 0.000000 -33.888855 0.000000 0.000000 1.000000 0.000000
-0.926381 0.376586 0.000000 384.190947 -0.376586 -0.926381 0.000000 -33.890385 0.000000 0.000000 1.000000 0.000000
-0.926405 0.376528 0.000000 384.184329 -0.376528 -0.926405 0.000000 -33.893612 0.000000 0.000000 1.000000 0.000000
-0.926413 0.376509 0.000000 384.182590 -0.376509 -0.926413 0.000000 -33.894480 0.000000 0.000000 1.000000 0.000000
-0.926429 0.376470 0.000000 384.179270 -0.376470 -0.926429 0.000000 -33.896170 0.000000 0.000000 1.000000 0.000000
-0.926436 0.376451 0.000000 384.175917 -0.376451 -0.926436 0.000000 -33.897769 0.000000 0.000000 1.000000 0.000000
-0.926445 0.376431 0.000000 384.172730 -0.376431 -0.926445 0.000000 -33.899290 0.000000 0.000000 1.000000 0.000000
-0.926455 0.376406 0.000000 384.169418 -0.376406 -0.926455 0.000000 -33.900976 0.000000 0.000000 1.000000 0.000000
-0.926464 0.376384 0.000000 384.166136 -0.376384 -0.926464 0.000000 -33.902607 0.000000 0.000000 1.000000 0.000000
-0.926476 0.376353 0.000000 384.162800 -0.376353 -0.926476 0.000000 -33.904225 0.000000 0.000000 1.000000 0.000000
-0.926484 0.376335 0.000000 384.159405 -0.376335 -0.926484 0.000000 -33.905861 0.000000 0.000000 1.000000 0.000000
-0.926505 0.376283 0.000000 384.152668 -0.376283 -0.926505 0.000000 -33.909121 0.000000 0.000000 1.000000 0.000000
-0.926509 0.376273 0.000000 384.150992 -0.376273 -0.926509 0.000000 -33.909959 0.000000 0.000000 1.000000 0.000000
-0.926519 0.376249 0.000000 384.147737 -0.376249 -0.926519 0.000000 -33.911532 0.000000 0.000000 1.000000 0.000000
-0.926527 0.376228 0.000000 384.144453 -0.376228 -0.926527 0.000000 -33.913144 0.000000 0.000000 1.000000 0.000000
-0.926539 0.376198 0.000000 384.141100 -0.376198 -0.926539 0.000000 -33.914785 0.000000 0.000000 1.000000 0.000000
-0.926550 0.376171 0.000000 384.137825 -0.376171 -0.926550 0.000000 -33.916362 0.000000 0.000000 1.000000 0.000000
-0.926563 0.376141 0.000000 384.134560 -0.376141 -0.926563 0.000000 -33.917954 0.000000 0.000000 1.000000 0.000000
-0.926576 0.376107 0.000000 384.131215 -0.376107 -0.926576 0.000000 -33.919599 0.000000 0.000000 1.000000 0.000000
-0.926589 0.376076 0.000000 384.127860 -0.376076 -0.926589 0.000000 -33.921260 0.000000 0.000000 1.000000 0.000000
-0.926623 0.375992 0.000000 384.121136 -0.375992 -0.926623 0.000000 -33.924556 0.000000 0.000000 1.000000 0.000000
-0.926629 0.375976 0.000000 384.119563 -0.375976 -0.926629 0.000000 -33.925306 0.000000 0.000000 1.000000 0.000000
-0.926637 0.375956 0.000000 384.116177 -0.375956 -0.926637 0.000000 -33.926912 0.000000 0.000000 1.000000 0.000000
-0.926648 0.375930 0.000000 384.112872 -0.375930 -0.926648 0.000000 -33.928578 0.000000 0.000000 1.000000 0.000000
-0.926683 0.375844 0.000000 384.108535 -0.375844 -0.926683 0.000000 -33.930745 0.000000 0.000000 1.000000 0.000000
-0.926694 0.375816 0.000000 384.077534 -0.375816 -0.926694 0.000000 -33.942397 0.000000 0.000000 1.000000 0.000000
-0.926978 0.375117 0.000000 383.966399 -0.375117 -0.926978 0.000000 -33.986478 0.000000 0.000000 1.000000 0.000000
-0.927445 0.373959 0.000000 383.621339 -0.373959 -0.927445 0.000000 -34.122017 0.000000 0.000000 1.000000 0.000000
-0.927980 0.372630 0.000000 383.045074 -0.372630 -0.927980 0.000000 -34.349689 0.000000 0.000000 1.000000 0.000000
-0.929939 0.367714 0.000000 381.073236 -0.367714 -0.929939 0.000000 -35.123021 0.000000 0.000000 1.000000 0.000000
-0.930215 0.367016 0.000000 380.384026 -0.367016 -0.930215 0.000000 -35.388789 0.000000 0.000000 1.000000 0.000000
-0.930770 0.365605 0.000000 378.799448 -0.365605 -0.930770 0.000000 -36.000035 0.000000 0.000000 1.000000 0.000000
-0.931379 0.364052 0.000000 376.936289 -0.364052 -0.931379 0.000000 -36.718602 0.000000 0.000000 1.000000 0.000000
-0.932421 0.361374 0.000000 374.801260 -0.361374 -0.932421 0.000000 -37.535544 0.000000 0.000000 1.000000 0.000000
-0.933938 0.357435 0.000000 372.425993 -0.357435 -0.933938 0.000000 -38.431055 0.000000 0.000000 1.000000 0.000000
-0.937737 0.347347 0.000000 369.873572 -0.347347 -0.937737 0.000000 -39.369220 0.000000 0.000000 1.000000 0.000000
-0.941910 0.335866 0.000000 367.070416 -0.335866 -0.941910 0.000000 -40.367214 0.000000 0.000000 1.000000 0.000000
-0.945709 0.325013 0.000000 363.992859 -0.325013 -0.945709 0.000000 -41.421822 0.000000 0.000000 1.000000 0.000000
-0.952290 0.305194 0.000000 357.246250 -0.305194 -0.952290 0.000000 -43.612564 0.000000 0.000000 1.000000 0.000000
-0.953538 0.301273 0.000000 355.458003 -0.301273 -0.953538 0.000000 -44.170198 0.000000 0.000000 1.000000 0.000000
-0.956786 0.290794 0.000000 351.687644 -0.290794 -0.956786 0.000000 -45.311946 0.000000 0.000000 1.000000 0.000000
-0.960243 0.279164 0.000000 347.729782 -0.279164 -0.960243 0.000000 -46.464668 0.000000 0.000000 1.000000 0.000000
-0.963072 0.269244 0.000000 343.551209 -0.269244 -0.963072 0.000000 -47.623877 0.000000 0.000000 1.000000 0.000000
-0.963859 0.266414 0.000000 339.240876 -0.266414 -0.963859 0.000000 -48.804972 0.000000 0.000000 1.000000 0.000000
-0.962059 0.272842 0.000000 334.910062 -0.272842 -0.962059 0.000000 -50.013604 0.000000 0.000000 1.000000 0.000000
-0.959611 0.281331 0.000000 330.519150 -0.281331 -0.959611 0.000000 -51.274543 0.000000 0.000000 1.000000 0.000000
-0.954698 0.297578 0.000000 326.082164 -0.297578 -0.954698 0.000000 -52.613854 0.000000 0.000000 1.000000 0.000000
-0.946950 0.321381 0.000000 316.953856 -0.321381 -0.946950 0.000000 -55.607183 0.000000 0.000000 1.000000 0.000000
-0.946673 0.322196 0.000000 314.634735 -0.322196 -0.946673 0.000000 -56.385829 0.000000 0.000000 1.000000 0.000000
-0.944330 0.329000 0.000000 309.995442 -0.329000 -0.944330 0.000000 -57.967944 0.000000 0.000000 1.000000 0.000000
-0.941495 0.337027 0.000000 305.495599 -0.337027 -0.941495 0.000000 -59.556838 0.000000 0.000000 1.000000 0.000000
-0.937957 0.346752 0.000000 300.920469 -0.346752 -0.937957 0.000000 -61.213426 0.000000 0.000000 1.000000 0.000000
-0.934618 0.355652 0.000000 296.322410 -0.355652 -0.934618 0.000000 -62.926416 0.000000 0.000000 1.000000 0.000000
-0.932216 0.361901 0.000000 291.701745 -0.361901 -0.932216 0.000000 -64.698415 0.000000 0.000000 1.000000 0.000000
-0.932779 0.360449 0.000000 287.148503 -0.360449 -0.932779 0.000000 -66.454400 0.000000 0.000000 1.000000 0.000000
-0.934180 0.356803 0.000000 282.536449 -0.356803 -0.934180 0.000000 -68.209859 0.000000 0.000000 1.000000 0.000000
-0.933090 0.359643 0.000000 273.165188 -0.359643 -0.933090 0.000000 -71.752950 0.000000 0.000000 1.000000 0.000000
-0.932917 0.360092 0.000000 270.829219 -0.360092 -0.932917 0.000000 -72.651779 0.000000 0.000000 1.000000 0.000000
-0.932126 0.362134 0.000000 266.115029 -0.362134 -0.932126 0.000000 -74.467134 0.000000 0.000000 1.000000 0.000000
-0.931024 0.364957 0.000000 261.358492 -0.364957 -0.931024 0.000000 -76.316832 0.000000 0.000000 1.000000 0.000000
-0.929958 0.367665 0.000000 256.523223 -0.367665 -0.929958 0.000000 -78.201857 0.000000 0.000000 1.000000 0.000000
-0.928039 0.372483 0.000000 251.633168 -0.372483 -0.928039 0.000000 -80.130183 0.000000 0.000000 1.000000 0.000000
-0.925458 0.378849 0.000000 246.733325 -0.378849 -0.925458 0.000000 -82.089700 0.000000 0.000000 1.000000 0.000000
-0.923303 0.384073 0.000000 241.858462 -0.384073 -0.923303 0.000000 -84.072063 0.000000 0.000000 1.000000 0.000000
-0.922288 0.386504 0.000000 236.971707 -0.386504 -0.922288 0.000000 -86.090402 0.000000 0.000000 1.000000 0.000000
-0.923480 0.383646 0.000000 227.165664 -0.383646 -0.923480 0.000000 -90.153212 0.000000 0.000000 1.000000 0.000000
-0.924334 0.381584 0.000000 224.739202 -0.381584 -0.924334 0.000000 -91.145021 0.000000 0.000000 1.000000 0.000000
-0.925783 0.378056 0.000000 219.890913 -0.378056 -0.925783 0.000000 -93.100820 0.000000 0.000000 1.000000 0.000000
-0.926191 0.377054 0.000000 215.028918 -0.377054 -0.926191 0.000000 -95.036597 0.000000 0.000000 1.000000 0.000000
-0.926276 0.376846 0.000000 210.140553 -0.376846 -0.926276 0.000000 -96.993023 0.000000 0.000000 1.000000 0.000000
-0.926402 0.376535 0.000000 205.457127 -0.376535 -0.926402 0.000000 -98.859977 0.000000 0.000000 1.000000 0.000000
-0.926867 0.375389 0.000000 200.879091 -0.375389 -0.926867 0.000000 -100.674145 0.000000 0.000000 1.000000 0.000000
-0.927918 0.372785 0.000000 196.309361 -0.372785 -0.927918 0.000000 -102.487904 0.000000 0.000000 1.000000 0.000000
-0.930155 0.367168 0.000000 191.683365 -0.367168 -0.930155 0.000000 -104.297137 0.000000 0.000000 1.000000 0.000000
-0.937782 0.347224 0.000000 182.494251 -0.347224 -0.937782 0.000000 -107.759340 0.000000 0.000000 1.000000 0.000000
-0.939614 0.342237 0.000000 180.154424 -0.342237 -0.939614 0.000000 -108.602625 0.000000 0.000000 1.000000 0.000000
-0.941764 0.336274 0.000000 175.376191 -0.336274 -0.941764 0.000000 -110.290742 0.000000 0.000000 1.000000 0.000000
-0.943073 0.332584 0.000000 170.574227 -0.332584 -0.943073 0.000000 -111.961520 0.000000 0.000000 1.000000 0.000000
-0.942564 0.334025 0.000000 165.731585 -0.334025 -0.942564 0.000000 -113.650313 0.000000 0.000000 1.000000 0.000000
-0.941013 0.338370 0.000000 161.019989 -0.338370 -0.941013 0.000000 -115.313071 0.000000 0.000000 1.000000 0.000000
-0.938194 0.346109 0.000000 156.257814 -0.346109 -0.938194 0.000000 -117.035905 0.000000 0.000000 1.000000 0.000000
-0.935720 0.352744 0.000000 151.684598 -0.352744 -0.935720 0.000000 -118.734547 0.000000 0.000000 1.000000 0.000000
-0.933842 0.357685 0.000000 147.008416 -0.357685 -0.933842 0.000000 -120.491575 0.000000 0.000000 1.000000 0.000000
-0.938063 0.346465 0.000000 138.049432 -0.346465 -0.938063 0.000000 -123.824293 0.000000 0.000000 1.000000 0.000000
-0.939442 0.342708 0.000000 135.924636 -0.342708 -0.939442 0.000000 -124.591105 0.000000 0.000000 1.000000 0.000000
-0.942553 0.334058 0.000000 131.840446 -0.334058 -0.942553 0.000000 -126.046476 0.000000 0.000000 1.000000 0.000000
-0.946318 0.323238 0.000000 128.191963 -0.323238 -0.946318 0.000000 -127.292629 0.000000 0.000000 1.000000 0.000000
-0.949301 0.314368 0.000000 124.826596 -0.314368 -0.949301 0.000000 -128.396549 0.000000 0.000000 1.000000 0.000000
-0.951051 0.309034 0.000000 121.802050 -0.309034 -0.951051 0.000000 -129.372223 0.000000 0.000000 1.000000 0.000000
-0.952504 0.304525 0.000000 119.099827 -0.304525 -0.952504 0.000000 -130.227661 0.000000 0.000000 1.000000 0.000000
-0.953560 0.301205 0.000000 116.873083 -0.301205 -0.953560 0.000000 -130.925634 0.000000 0.000000 1.000000 0.000000
-0.954345 0.298707 0.000000 114.998265 -0.298707 -0.954345 0.000000 -131.505096 0.000000 0.000000 1.000000 0.000000
-0.956896 0.290429 0.000000 112.305817 -0.290429 -0.956896 0.000000 -132.312561 0.000000 0.000000 1.000000 0.000000
-0.957395 0.288780 0.000000 111.836821 -0.288780 -0.957395 0.000000 -132.448839 0.000000 0.000000 1.000000 0.000000
-0.958188 0.286139 0.000000 111.195718 -0.286139 -0.958188 0.000000 -132.636485 0.000000 0.000000 1.000000 0.000000
-0.958697 0.284429 0.000000 110.810670 -0.284429 -0.958697 0.000000 -132.747673 0.000000 0.000000 1.000000 0.000000
-0.958982 0.283467 0.000000 110.466213 -0.283467 -0.958982 0.000000 -132.846805 0.000000 0.000000 1.000000 0.000000
-0.959071 0.283165 0.000000 110.358414 -0.283165 -0.959071 0.000000 -132.877839 0.000000 0.000000 1.000000 0.000000
-0.959071 0.283166 0.000000 110.348285 -0.283166 -0.959071 0.000000 -132.880918 0.000000 0.000000 1.000000 0.000000
-0.959083 0.283127 0.000000 110.364959 -0.283127 -0.959083 0.000000 -132.875565 0.000000 0.000000 1.000000 0.000000
-0.959094 0.283088 0.000000 110.350965 -0.283088 -0.959094 0.000000 -132.880718 0.000000 0.000000 1.000000 0.000000
-0.959085 0.283117 0.000000 110.354748 -0.283117 -0.959085 0.000000 -132.879242 0.000000 0.000000 1.000000 0.000000
-0.959083 0.283126 0.000000 110.353763 -0.283126 -0.959083 0.000000 -132.879374 0.000000 0.000000 1.000000 0.000000
-0.959084 0.283121 0.000000 110.346838 -0.283121 -0.959084 0.000000 -132.881494 0.000000 0.000000 1.000000 0.000000
-0.959060 0.283202 0.000000 110.343239 -0.283202 -0.959060 0.000000 -132.881850 0.000000 0.000000 1.000000 0.000000
-0.959068 0.283178 0.000000 110.346189 -0.283178 -0.959068 0.000000 -132.881467 0.000000 0.000000 1.000000 0.000000
-0.959080 0.283136 0.000000 110.347629 -0.283136 -0.959080 0.000000 -132.881138 0.000000 0.000000 1.000000 0.000000
-0.959098 0.283076 0.000000 110.355612 -0.283076 -0.959098 0.000000 -132.879418 0.000000 0.000000 1.000000 0.000000
-0.959092 0.283095 0.000000 110.351631 -0.283095 -0.959092 0.000000 -132.880738 0.000000 0.000000 1.000000 0.000000
-0.959085 0.283119 0.000000 110.354031 -0.283119 -0.959085 0.000000 -132.879395 0.000000 0.000000 1.000000 0.000000
-0.959095 0.283084 0.000000 110.360964 -0.283084 -0.959095 0.000000 -132.877951 0.000000 0.000000 1.000000 0.000000
-0.959088 0.283107 0.000000 110.352443 -0.283107 -0.959088 0.000000 -132.880291 0.000000 0.000000 1.000000 0.000000
-0.959068 0.283176 0.000000 110.346386 -0.283176 -0.959068 0.000000 -132.881306 0.000000 0.000000 1.000000 0.000000
-0.959079 0.283137 0.000000 110.362563 -0.283137 -0.959079 0.000000 -132.876662 0.000000 0.000000 1.000000 0.000000
-0.959075 0.283154 0.000000 110.354869 -0.283154 -0.959075 0.000000 -132.878866 0.000000 0.000000 1.000000 0.000000
-0.959068 0.283176 0.000000 110.345982 -0.283176 -0.959068 0.000000 -132.881280 0.000000 0.000000 1.000000 0.000000
-0.959092 0.283094 0.000000 110.353220 -0.283094 -0.959092 0.000000 -132.879871 0.000000 0.000000 1.000000 0.000000
-0.959093 0.283092 0.000000 110.357820 -0.283092 -0.959093 0.000000 -132.878675 0.000000 0.000000 1.000000 0.000000
-0.959078 0.283143 0.000000 110.351728 -0.283143 -0.959078 0.000000 -132.880045 0.000000 0.000000 1.000000 0.000000
-0.959077 0.283145 0.000000 110.343717 -0.283145 -0.959077 0.000000 -132.882038 0.000000 0.000000 1.000000 0.000000
-0.959045 0.283253 0.000000 110.342121 -0.283253 -0.959045 0.000000 -132.881488 0.000000 0.000000 1.000000 0.000000
-0.959076 0.283148 0.000000 110.351649 -0.283148 -0.959076 0.000000 -132.879445 0.000000 0.000000 1.000000 0.000000
-0.959080 0.283134 0.000000 110.349580 -0.283134 -0.959080 0.000000 -132.880190 0.000000 0.000000 1.000000 0.000000
-0.959060 0.283204 0.000000 110.342966 -0.283204 -0.959060 0.000000 -132.881741 0.000000 0.000000 1.000000 0.000000
-0.959072 0.283161 0.000000 110.345364 -0.283161 -0.959072 0.000000 -132.881584 0.000000 0.000000 1.000000 0.000000
