1.000000 0.000004 0.000000 0.000969 -0.000004 1.000000 -0.000000 -0.000220 -0.000000 0.000000 1.000000 0.000000
1.000000 0.000005 0.000000 0.001212 -0.000005 1.000000 -0.000000 -0.000276 -0.000000 0.000000 1.000000 0.000000
1.000000 0.000005 0.000000 0.001454 -0.000005 1.000000 -0.000000 -0.000331 -0.000000 0.000000 1.000000 0.000000
1.000000 -0.000250 0.000000 0.015236 0.000250 1.000000 0.000000 0.000768 0.000000 0.000000 1.000000 0.000000
1.000000 -0.000001 0.000000 0.000670 0.000001 1.000000 0.000000 -0.001470 0.000000 0.000000 1.000000 0.000000
1.000000 0.000099 0.000000 0.002934 -0.000099 1.000000 -0.000000 -0.001235 -0.000000 0.000000 1.000000 0.000000
1.000000 0.000218 0.000000 0.006876 -0.000218 1.000000 -0.000000 0.002732 -0.000000 0.000000 1.000000 0.000000
1.000000 0.000140 0.000000 0.004164 -0.000140 1.000000 -0.000000 -0.002315 -0.000000 0.000000 1.000000 0.000000
1.000000 0.000187 0.000000 0.003831 -0.000187 1.000000 -0.000000 -0.002991 -0.000000 0.000000 1.000000 0.000000
1.000000 0.000131 0.000000 0.005022 -0.000131 1.000000 -0.000000 0.001245 -0.000000 0.000000 1.000000 0.000000
1.000000 0.000134 0.000000 0.003981 -0.000134 1.000000 -0.000000 -0.000277 -0.000000 0.000000 1.000000 0.000000
1.000000 0.000102 0.000000 0.003645 -0.000102 1.000000 -0.000000 0.004220 -0.000000 0.000000 1.000000 0.000000
1.000000 0.000188 0.000000 -0.003146 -0.000188 1.000000 -0.000000 0.000842 -0.000000 0.000000 1.000000 0.000000
1.000000 0.000136 0.000000 0.005064 -0.000136 1.000000 -0.000000 -0.002112 -0.000000 0.000000 1.000000 0.000000
1.000000 0.000090 0.000000 0.002510 -0.000090 1.000000 -0.000000 -0.003622 -0.000000 0.000000 1.000000 0.000000
1.000000 -0.000003 0.000000 -0.006738 0.000003 1.000000 0.000000 -0.000624 0.000000 0.000000 1.000000 0.000000
1.000000 0.000091 0.000000 -0.003075 -0.000091 1.000000 -0.000000 -0.001660 -0.000000 0.000000 1.000000 0.000000
1.000000 0.000116 0.000000 -0.003519 -0.000116 1.000000 -0.000000 0.003099 -0.000000 0.000000 1.000000 0.000000
1.000000 0.000219 0.000000 0.001937 -0.000219 1.000000 -0.000000 -0.003728 -0.000000 0.000000 1.000000 0.000000
1.000000 0.000449 0.000000 -0.013401 -0.000449 1.000000 -0.000000 0.008126 -0.000000 0.000000 1.000000 0.000000
1.000000 0.000209 0.000000 -0.003009 -0.000209 1.000000 -0.000000 -0.004820 -0.000000 0.000000 1.000000 0.000000
1.000000 0.000292 0.000000 0.000670 -0.000292 1.000000 -0.000000 -0.001582 -0.000000 0.000000 1.000000 0.000000
1.000000 0.000311 0.000000 -0.000819 -0.000311 1.000000 -0.000000 0.001027 -0.000000 0.000000 1.000000 0.000000
1.000000 0.000400 0.000000 -0.000991 -0.000400 1.000000 -0.000000 -0.002622 -0.000000 0.000000 1.000000 0.000000
1.000000 0.000429 0.000000 -0.004422 -0.000429 1.000000 -0.000000 0.000597 -0.000000 0.000000 1.000000 0.000000
1.000000 0.000431 0.000000 -0.005527 -0.000431 1.000000 -0.000000 0.002487 -0.000000 0.000000 1.000000 0.000000
1.000000 0.000422 0.000000 -0.008523 -0.000422 1.000000 -0.000000 0.001053 -0.000000 0.000000 1.000000 0.000000
1.000000 0.000412 0.000000 -0.018669 -0.000412 1.000000 -0.000000 0.004498 -0.000000 0.000000 1.000000 0.000000
1.000000 0.000612 0.000000 0.000130 -0.000612 1.000000 -0.000000 0.000241 -0.000000 0.000000 1.000000 0.000000
1.000000 0.000600 0.000000 -0.004909 -0.000600 1.000000 -0.000000 -0.001956 -0.000000 0.000000 1.000000 0.000000
1.000000 0.000449 0.000000 -0.011349 -0.000449 1.000000 -0.000000 -0.000987 -0.000000 0.000000 1.000000 0.000000
1.000000 0.000610 0.000000 -0.005578 -0.000610 1.000000 -0.000000 -0.005012 -0.000000 0.000000 1.000000 0.000000
1.000000 0.000547 0.000000 -0.010051 -0.000547 1.000000 -0.000000 -0.002269 -0.000000 0.000000 1.000000 0.000000
1.000000 0.000606 0.000000 -0.010687 -0.000606 1.000000 -0.000000 -0.005497 -0.000000 0.000000 1.000000 0.000000
1.000000 0.000627 0.000000 -0.014490 -0.000627 1.000000 -0.000000 -0.002032 -0.000000 0.000000 1.000000 0.000000
1.000000 0.000620 0.000000 -0.010649 -0.000620 1.000000 -0.000000 -0.002852 -0.000000 0.000000 1.000000 0.000000
1.000000 0.000618 0.000000 -0.014440 -0.000618 1.000000 -0.000000 -0.002747 -0.000000 0.000000 1.000000 0.000000
1.000000 0.000729 0.000000 -0.017310 -0.000729 1.000000 -0.000000 -0.004288 -0.000000 0.000000 1.000000 0.000000
1.000000 0.000943 0.000000 -0.005778 -0.000943 1.000000 -0.000000 -0.011780 -0.000000 0.000000 1.000000 0.000000
1.000000 0.000838 0.000000 -0.011399 -0.000838 1.000000 -0.000000 -0.005349 -0.000000 0.000000 1.000000 0.000000
0.999999 0.001073 0.000000 0.005193 -0.001073 0.999999 -0.000000 -0.002343 -0.000000 0.000000 1.000000 0.000000
0.999981 -0.006185 0.000000 0.334776 0.006185 0.999981 0.000000 0.039375 0.000000 0.000000 1.000000 0.000000
0.999892 -0.014715 0.000000 0.565964 0.014715 0.999892 0.000000 0.035267 0.000000 0.000000 1.000000 0.000000
0.998745 -0.050093 0.000000 1.197094 0.050093 0.998745 0.000000 0.187878 0.000000 0.000000 1.000000 0.000000
0.994548 -0.104278 0.000000 2.659516 0.104278 0.994548 0.000000 0.238800 0.000000 0.000000 1.000000 0.000000
0.990436 -0.137973 0.000000 3.243783 0.137973 0.990436 0.000000 0.485838 0.000000 0.000000 1.000000 0.000000
0.985840 -0.167689 0.000000 5.135883 0.167689 0.985840 0.000000 0.630109 0.000000 0.000000 1.000000 0.000000
0.986303 -0.164941 0.000000 7.223582 0.164941 0.986303 0.000000 0.942456 0.000000 0.000000 1.000000 0.000000
0.984866 -0.173318 0.000000 9.859968 0.173318 0.984866 0.000000 1.391661 0.000000 0.000000 1.000000 0.000000
0.987685 -0.156453 0.000000 12.452485 0.156453 0.987685 0.000000 1.791239 0.000000 0.000000 1.000000 0.000000
0.995125 -0.098627 0.000000 18.639728 0.098627 0.995125 0.000000 2.530940 0.000000 0.000000 1.000000 0.000000
0.996576 -0.082685 0.000000 20.373176 0.082685 0.996576 0.000000 2.612230 0.000000 0.000000 1.000000 0.000000
0.998772 -0.049535 0.000000 24.080377 0.049535 0.998772 0.000000 2.883272 0.000000 0.000000 1.000000 0.000000
0.999488 -0.031988 0.000000 27.482157 0.031988 0.999488 0.000000 2.898479 0.000000 0.000000 1.000000 0.000000
0.999893 -0.014602 0.000000 31.052530 0.014602 0.999893 0.000000 2.963115 0.000000 0.000000 1.000000 0.000000
0.999903 -0.013961 0.000000 34.641259 0.013961 0.999903 0.000000 3.006476 0.000000 0.000000 1.000000 0.000000
0.999934 -0.011451 0.000000 38.312394 0.011451 0.999934 0.000000 3.043250 0.000000 0.000000 1.000000 0.000000
0.999939 -0.011031 0.000000 42.082989 0.011031 0.999939 0.000000 3.106906 0.000000 0.000000 1.000000 0.000000
0.999909 -0.013492 0.000000 45.775147 0.013492 0.999909 0.000000 3.075972 0.000000 0.000000 1.000000 0.000000
0.999863 -0.016548 0.000000 53.278300 0.016548 0.999863 0.000000 3.125068 0.000000 0.000000 1.000000 0.000000
0.999922 -0.012459 0.000000 55.112695 0.012459 0.999922 0.000000 3.185745 0.000000 0.000000 1.000000 0.000000
0.999960 -0.008955 0.000000 58.920933 0.008955 0.999960 0.000000 3.131109 0.000000 0.000000 1.000000 0.000000
0.999987 -0.005196 0.000000 62.634901 0.005196 0.999987 0.000000 3.145711 0.000000 0.000000 1.000000 0.000000
0.999978 -0.006606 0.000000 66.274014 0.006606 0.999978 0.000000 3.150928 0.000000 0.000000 1.000000 0.000000
0.999979 -0.006448 0.000000 69.936047 0.006448 0.999979 0.000000 3.190763 0.000000 0.000000 1.000000 0.000000
0.999984 -0.005710 0.000000 73.440012 0.005710 0.999984 0.000000 3.187145 0.000000 0.000000 1.000000 0.000000
1.000000 -0.000612 0.000000 77.137865 0.000612 1.000000 0.000000 3.116617 0.000000 0.000000 1.000000 0.000000
1.000000 -0.000587 0.000000 80.568127 0.000587 1.000000 0.000000 3.067757 0.000000 0.000000 1.000000 0.000000
0.999974 0.007254 0.000000 87.741166 -0.007254 0.999974 -0.000000 3.031022 -0.000000 0.000000 1.000000 0.000000
0.999912 0.013242 0.000000 89.541554 -0.013242 0.999912 -0.000000 2.957122 -0.000000 0.000000 1.000000 0.000000
0.999910 0.013390 0.000000 93.143040 -0.013390 0.999910 -0.000000 2.835309 -0.000000 0.000000 1.000000 0.000000
0.999996 0.002907 0.000000 96.766575 -0.002907 0.999996 -0.000000 2.842041 -0.000000 0.000000 1.000000 0.000000
0.999941 -0.010902 0.000000 100.378036 0.010902 0.999941 0.000000 2.782772 0.000000 0.000000 1.000000 0.000000
0.999674 -0.025535 0.000000 104.105022 0.025535 0.999674 0.000000 2.853713 0.000000 0.000000 1.000000 0.000000
0.999110 -0.042174 0.000000 108.057350 0.042174 0.999110 0.000000 2.928281 0.000000 0.000000 1.000000 0.000000
0.998288 -0.058488 0.000000 111.765971 0.058488 0.998288 0.000000 3.159417 0.000000 0.000000 1.000000 0.000000
0.997409 -0.071937 0.000000 115.778560 0.071937 0.997409 0.000000 3.407276 0.000000 0.000000 1.000000 0.000000
0.997674 -0.068168 0.000000 123.461628 0.068168 0.997674 0.000000 3.819866 0.000000 0.000000 1.000000 0.000000
0.997825 -0.065918 0.000000 125.440601 0.065918 0.997825 0.000000 3.898645 0.000000 0.000000 1.000000 0.000000
0.998045 -0.062497 0.000000 129.341005 0.062497 0.998045 0.000000 4.124187 0.000000 0.000000 1.000000 0.000000
0.998275 -0.058716 0.000000 133.228026 0.058716 0.998275 0.000000 4.267470 0.000000 0.000000 1.000000 0.000000
0.998416 -0.056263 0.000000 137.112325 0.056263 0.998416 0.000000 4.590654 0.000000 0.000000 1.000000 0.000000
0.998873 -0.047464 0.000000 141.194114 0.047464 0.998873 0.000000 4.734089 0.000000 0.000000 1.000000 0.000000
0.998875 -0.047426 0.000000 145.096734 0.047426 0.998875 0.000000 4.881599 0.000000 0.000000 1.000000 0.000000
0.998940 -0.046035 0.000000 149.129163 0.046035 0.998940 0.000000 5.037370 0.000000 0.000000 1.000000 0.000000
0.998937 -0.046099 0.000000 153.065574 0.046099 0.998937 0.000000 5.203733 0.000000 0.000000 1.000000 0.000000
0.999103 -0.042338 0.000000 161.284993 0.042338 0.999103 0.000000 5.463415 0.000000 0.000000 1.000000 0.000000
0.999079 -0.042899 0.000000 163.418129 0.042899 0.999079 0.000000 5.521582 0.000000 0.000000 1.000000 0.000000
0.999182 -0.040441 0.000000 167.577998 0.040441 0.999182 0.000000 5.635974 0.000000 0.000000 1.000000 0.000000
0.999169 -0.040766 0.000000 171.770677 0.040766 0.999169 0.000000 5.796261 0.000000 0.000000 1.000000 0.000000
0.998777 -0.049449 0.000000 175.946607 0.049449 0.998777 0.000000 5.990623 0.000000 0.000000 1.000000 0.000000
0.998423 -0.056144 0.000000 179.979417 0.056144 0.998423 0.000000 6.129052 0.000000 0.000000 1.000000 0.000000
0.998021 -0.062888 0.000000 183.978723 0.062888 0.998021 0.000000 6.352392 0.000000 0.000000 1.000000 0.000000
0.998510 -0.054573 0.000000 187.761111 0.054573 0.998510 0.000000 6.514405 0.000000 0.000000 1.000000 0.000000
0.998249 -0.059155 0.000000 191.419740 0.059155 0.998249 0.000000 6.735400 0.000000 0.000000 1.000000 0.000000
0.998137 -0.061017 0.000000 198.527758 0.061017 0.998137 0.000000 7.109954 0.000000 0.000000 1.000000 0.000000
0.998085 -0.061858 0.000000 200.227368 0.061858 0.998085 0.000000 7.233228 0.000000 0.000000 1.000000 0.000000
0.998203 -0.059924 0.000000 203.714870 0.059924 0.998203 0.000000 7.481111 0.000000 0.000000 1.000000 0.000000
0.998213 -0.059749 0.000000 206.851413 0.059749 0.998213 0.000000 7.662615 0.000000 0.000000 1.000000 0.000000
0.998554 -0.053766 0.000000 209.970158 0.053766 0.998554 0.000000 7.859438 0.000000 0.000000 1.000000 0.000000
0.998814 -0.048682 0.000000 212.973409 0.048682 0.998814 0.000000 7.983161 0.000000 0.000000 1.000000 0.000000
0.998792 -0.049133 0.000000 215.852456 0.049133 0.998792 0.000000 8.080176 0.000000 0.000000 1.000000 0.000000
0.998943 -0.045959 0.000000 218.487038 0.045959 0.998943 0.000000 8.142675 0.000000 0.000000 1.000000 0.000000
0.998775 -0.049476 0.000000 221.422298 0.049476 0.998775 0.000000 8.337736 0.000000 0.000000 1.000000 0.000000
0.997322 -0.073136 0.000000 226.883940 0.073136 0.997322 0.000000 8.606796 0.000000 0.000000 1.000000 0.000000
0.996423 -0.084501 0.000000 228.291356 0.084501 0.996423 0.000000 8.707925 0.000000 0.000000 1.000000 0.000000
0.993092 -0.117335 0.000000 230.994409 0.117335 0.993092 0.000000 9.089523 0.000000 0.000000 1.000000 0.000000
0.988564 -0.150801 0.000000 233.785119 0.150801 0.988564 0.000000 9.401684 0.000000 0.000000 1.000000 0.000000
0.985113 -0.171906 0.000000 236.852057 0.171906 0.985113 0.000000 9.887396 0.000000 0.000000 1.000000 0.000000
0.983870 -0.178886 0.000000 240.093453 0.178886 0.983870 0.000000 10.516272 0.000000 0.000000 1.000000 0.000000
0.982629 -0.185579 0.000000 243.348642 0.185579 0.982629 0.000000 11.162069 0.000000 0.000000 1.000000 0.000000
0.982055 -0.188595 0.000000 246.887709 0.188595 0.982055 0.000000 11.797142 0.000000 0.000000 1.000000 0.000000
0.981043 -0.193789 0.000000 250.457641 0.193789 0.981043 0.000000 12.509907 0.000000 0.000000 1.000000 0.000000
0.982625 -0.185602 0.000000 257.798260 0.185602 0.982625 0.000000 13.907188 0.000000 0.000000 1.000000 0.000000
0.983497 -0.180924 0.000000 259.670903 0.180924 0.983497 0.000000 14.240986 0.000000 0.000000 1.000000 0.000000
0.985238 -0.171191 0.000000 263.466819 0.171191 0.985238 0.000000 14.866116 0.000000 0.000000 1.000000 0.000000
0.986476 -0.163907 0.000000 267.273170 0.163907 0.986476 0.000000 15.559128 0.000000 0.000000 1.000000 0.000000
0.987181 -0.159602 0.000000 271.300453 0.159602 0.987181 0.000000 16.131824 0.000000 0.000000 1.000000 0.000000
0.987126 -0.159945 0.000000 275.246835 0.159945 0.987126 0.000000 16.784284 0.000000 0.000000 1.000000 0.000000
0.987015 -0.160628 0.000000 279.185458 0.160628 0.987015 0.000000 17.341198 0.000000 0.000000 1.000000 0.000000
0.986934 -0.161122 0.000000 282.999962 0.161122 0.986934 0.000000 17.975332 0.000000 0.000000 1.000000 0.000000
0.988195 -0.153199 0.000000 286.894137 0.153199 0.988195 0.000000 18.539975 0.000000 0.000000 1.000000 0.000000
0.990626 -0.136605 0.000000 294.896164 0.136605 0.990626 0.000000 19.491372 0.000000 0.000000 1.000000 0.000000
0.991476 -0.130292 0.000000 296.886109 0.130292 0.991476 0.000000 19.753996 0.000000 0.000000 1.000000 0.000000
0.990146 -0.140040 0.000000 300.743704 0.140040 0.990146 0.000000 20.165103 0.000000 0.000000 1.000000 0.000000
0.988700 -0.149906 0.000000 304.708631 0.149906 0.988700 0.000000 20.738196 0.000000 0.000000 1.000000 0.000000
0.986640 -0.162915 0.000000 308.518487 0.162915 0.986640 0.000000 21.281293 0.000000 0.000000 1.000000 0.000000
0.984481 -0.175490 0.000000 312.604085 0.175490 0.984481 0.000000 22.017390 0.000000 0.000000 1.000000 0.000000
0.982454 -0.186505 0.000000 316.387098 0.186505 0.982454 0.000000 22.732245 0.000000 0.000000 1.000000 0.000000
0.982395 -0.186814 0.000000 320.468671 0.186814 0.982395 0.000000 23.356535 0.000000 0.000000 1.000000 0.000000
0.983382 -0.181549 0.000000 324.570681 0.181549 0.983382 0.000000 24.114043 0.000000 0.000000 1.000000 0.000000
0.985690 -0.168566 0.000000 332.078204 0.168566 0.985690 0.000000 25.416675 0.000000 0.000000 1.000000 0.000000
0.986187 -0.165639 0.000000 333.972711 0.165639 0.986187 0.000000 25.725010 0.000000 0.000000 1.000000 0.000000
0.990928 -0.134392 0.000000 337.835874 0.134392 0.990928 0.000000 26.298141 0.000000 0.000000 1.000000 0.000000
0.995317 -0.096669 0.000000 341.903507 0.096669 0.995317 0.000000 26.750033 0.000000 0.000000 1.000000 0.000000
0.998815 -0.048665 0.000000 345.768916 0.048665 0.998815 0.000000 26.993337 0.000000 0.000000 1.000000 0.000000
0.999933 -0.011546 0.000000 349.818763 0.011546 0.999933 0.000000 27.067938 0.000000 0.000000 1.000000 0.000000
0.999950 0.010048 0.000000 353.949671 -0.010048 0.999950 -0.000000 26.892618 -0.000000 0.000000 1.000000 0.000000
0.999967 0.008075 0.000000 358.172326 -0.008075 0.999967 -0.000000 26.801291 -0.000000 0.000000 1.000000 0.000000
0.999962 0.008669 0.000000 362.168361 -0.008669 0.999962 -0.000000 26.685158 -0.000000 0.000000 1.000000 0.000000
0.999999 0.001397 0.000000 370.465021 -0.001397 0.999999 -0.000000 26.691148 -0.000000 0.000000 1.000000 0.000000
0.999998 -0.001877 0.000000 372.563326 0.001877 0.999998 0.000000 26.694784 0.000000 0.000000 1.000000 0.000000
0.999956 -0.009355 0.000000 376.753016 0.009355 0.999956 0.000000 26.765128 0.000000 0.000000 1.000000 0.000000
0.999950 -0.010044 0.000000 380.773368 0.010044 0.999950 0.000000 26.687808 0.000000 0.000000 1.000000 0.000000
0.999893 -0.014614 0.000000 385.126185 0.014614 0.999893 0.000000 26.821525 0.000000 0.000000 1.000000 0.000000
0.999949 -0.010098 0.000000 389.207576 0.010098 0.999949 0.000000 26.821635 0.000000 0.000000 1.000000 0.000000
0.999845 -0.017599 0.000000 393.606604 0.017599 0.999845 0.000000 26.915734 0.000000 0.000000 1.000000 0.000000
0.999725 -0.023434 0.000000 397.790324 0.023434 0.999725 0.000000 26.909170 0.000000 0.000000 1.000000 0.000000
0.999573 -0.029228 0.000000 402.104601 0.029228 0.999573 0.000000 26.960835 0.000000 0.000000 1.000000 0.000000
0.998464 -0.055398 0.000000 410.521695 0.055398 0.998464 0.000000 27.259807 0.000000 0.000000 1.000000 0.000000
0.998174 -0.060410 0.000000 412.644807 0.060410 0.998174 0.000000 27.388748 0.000000 0.000000 1.000000 0.000000
0.998150 -0.060794 0.000000 416.926818 0.060794 0.998150 0.000000 27.546068 0.000000 0.000000 1.000000 0.000000
0.997924 -0.064396 0.000000 421.147603 0.064396 0.997924 0.000000 27.805148 0.000000 0.000000 1.000000 0.000000
0.997434 -0.071593 0.000000 425.359309 0.071593 0.997434 0.000000 28.128278 0.000000 0.000000 1.000000 0.000000
0.997533 -0.070193 0.000000 429.470391 0.070193 0.997533 0.000000 28.359066 0.000000 0.000000 1.000000 0.000000
0.997273 -0.073805 0.000000 433.627032 0.073805 0.997273 0.000000 28.670557 0.000000 0.000000 1.000000 0.000000
0.996955 -0.077980 0.000000 437.759061 0.077980 0.996955 0.000000 28.873163 0.000000 0.000000 1.000000 0.000000
0.996109 -0.088125 0.000000 441.784070 0.088125 0.996109 0.000000 29.264839 0.000000 0.000000 1.000000 0.000000
0.995390 -0.095910 0.000000 449.591335 0.095910 0.995390 0.000000 29.918571 0.000000 0.000000 1.000000 0.000000
0.995620 -0.093497 0.000000 451.417917 0.093497 0.995620 0.000000 30.036511 0.000000 0.000000 1.000000 0.000000
0.995867 -0.090824 0.000000 455.048062 0.090824 0.995867 0.000000 30.434243 0.000000 0.000000 1.000000 0.000000
0.997419 -0.071796 0.000000 458.222142 0.071796 0.997419 0.000000 30.469790 0.000000 0.000000 1.000000 0.000000
0.999011 -0.044459 0.000000 461.339312 0.044459 0.999011 0.000000 30.694630 0.000000 0.000000 1.000000 0.000000
0.999951 0.009942 0.000000 463.897796 -0.009942 0.999951 -0.000000 30.667442 -0.000000 0.000000 1.000000 0.000000
0.996128 0.087911 0.000000 466.484571 -0.087911 0.996128 -0.000000 30.357559 -0.000000 0.000000 1.000000 0.000000
0.980013 0.198933 0.000000 468.701515 -0.198933 0.980013 -0.000000 30.073196 -0.000000 0.000000 1.000000 0.000000
0.944597 0.328233 0.000000 470.695706 -0.328233 0.944597 -0.000000 29.335273 -0.000000 0.000000 1.000000 0.000000
0.779632 0.626238 0.000000 473.647189 -0.626238 0.779632 -0.000000 27.230807 -0.000000 0.000000 1.000000 0.000000
0.711418 0.702769 0.000000 474.228140 -0.702769 0.711418 -0.000000 26.498219 -0.000000 0.000000 1.000000 0.000000
0.518526 0.855062 0.000000 475.225061 -0.855062 0.518526 -0.000000 24.904988 -0.000000 0.000000 1.000000 0.000000
0.256678 0.966497 0.000000 475.668661 -0.966497 0.256678 -0.000000 23.002089 -0.000000 0.000000 1.000000 0.000000
-0.030370 0.999539 0.000000 475.558931 -0.999539 -0.030370 -0.000000 21.043975 -0.000000 0.000000 1.000000 0.000000
-0.337800 0.941218 0.000000 474.836496 -0.941218 -0.337800 -0.000000 18.926869 -0.000000 0.000000 1.000000 0.000000
-0.601673 0.798743 0.000000 473.391693 -0.798743 -0.601673 -0.000000 17.127790 -0.000000 0.000000 1.000000 0.000000
-0.794423 0.607365 0.000000 471.392340 -0.607365 -0.794423 -0.000000 15.575469 -0.000000 0.000000 1.000000 0.000000
-0.882405 0.470491 0.000000 469.034281 -0.470491 -0.882405 -0.000000 14.114649 -0.000000 0.000000 1.000000 0.000000
-0.895505 0.445052 0.000000 463.452210 -0.445052 -0.895505 -0.000000 11.515101 -0.000000 0.000000 1.000000 0.000000
-0.892172 0.451695 0.000000 461.888882 -0.451695 -0.892172 -0.000000 10.756275 -0.000000 0.000000 1.000000 0.000000
-0.889472 0.456990 0.000000 458.732180 -0.456990 -0.889472 -0.000000 9.166195 -0.000000 0.000000 1.000000 0.000000
-0.894754 0.446559 0.000000 455.276114 -0.446559 -0.894754 -0.000000 7.454674 -0.000000 0.000000 1.000000 0.000000
-0.894529 0.447009 0.000000 451.672222 -0.447009 -0.894529 -0.000000 5.691618 -0.000000 0.000000 1.000000 0.000000
-0.897470 0.441075 0.000000 447.732503 -0.441075 -0.897470 -0.000000 3.807873 -0.000000 0.000000 1.000000 0.000000
-0.896025 0.444004 0.000000 443.902808 -0.444004 -0.896025 -0.000000 1.919052 -0.000000 0.000000 1.000000 0.000000
-0.900446 0.434968 0.000000 439.847006 -0.434968 -0.900446 -0.000000 0.006518 -0.000000 0.000000 1.000000 0.000000
-0.899351 0.437228 0.000000 435.948890 -0.437228 -0.899351 -0.000000 -1.782117 -0.000000 0.000000 1.000000 0.000000
-0.901977 0.431785 0.000000 427.956549 -0.431785 -0.901977 -0.000000 -5.657143 -0.000000 0.000000 1.000000 0.000000
-0.901771 0.432215 0.000000 425.904286 -0.432215 -0.901771 -0.000000 -6.637871 -0.000000 0.000000 1.000000 0.000000
-0.902829 0.429999 0.000000 421.960285 -0.429999 -0.902829 -0.000000 -8.512936 -0.000000 0.000000 1.000000 0.000000
-0.902095 0.431538 0.000000 418.148164 -0.431538 -0.902095 -0.000000 -10.390593 -0.000000 0.000000 1.000000 0.000000
-0.903558 0.428467 0.000000 414.346390 -0.428467 -0.903558 -0.000000 -12.019614 -0.000000 0.000000 1.000000 0.000000
-0.903412 0.428774 0.000000 410.787703 -0.428774 -0.903412 -0.000000 -13.834633 -0.000000 0.000000 1.000000 0.000000
-0.909650 0.415376 0.000000 407.077294 -0.415376 -0.909650 -0.000000 -15.388556 -0.000000 0.000000 1.000000 0.000000
-0.908389 0.418127 0.000000 404.097635 -0.418127 -0.908389 -0.000000 -16.852714 -0.000000 0.000000 1.000000 0.000000
-0.910231 0.414101 0.000000 401.306099 -0.414101 -0.910231 -0.000000 -18.093314 -0.000000 0.000000 1.000000 0.000000
-0.912483 0.409115 0.000000 396.716353 -0.409115 -0.912483 -0.000000 -20.042425 -0.000000 0.000000 1.000000 0.000000
-0.911580 0.411123 0.000000 395.741509 -0.411123 -0.911580 -0.000000 -20.504446 -0.000000 0.000000 1.000000 0.000000
-0.911837 0.410553 0.000000 394.054545 -0.410553 -0.911837 -0.000000 -21.288635 -0.000000 0.000000 1.000000 0.000000
-0.913870 0.406007 0.000000 392.583614 -0.406007 -0.913870 -0.000000 -21.833906 -0.000000 0.000000 1.000000 0.000000
-0.912146 0.409865 0.000000 391.470533 -0.409865 -0.912146 -0.000000 -22.406679 -0.000000 0.000000 1.000000 0.000000
-0.910582 0.413328 0.000000 390.469166 -0.413328 -0.910582 -0.000000 -22.860882 -0.000000 0.000000 1.000000 0.000000
-0.910208 0.414151 0.000000 389.765288 -0.414151 -0.910208 -0.000000 -23.156762 -0.000000 0.000000 1.000000 0.000000
-0.909984 0.414643 0.000000 389.443856 -0.414643 -0.909984 -0.000000 -23.309892 -0.000000 0.000000 1.000000 0.000000
-0.909100 0.416577 0.000000 389.094716 -0.416577 -0.909100 -0.000000 -23.452185 -0.000000 0.000000 1.000000 0.000000
-0.908243 0.418443 0.000000 388.472981 -0.418443 -0.908243 -0.000000 -23.753180 -0.000000 0.000000 1.000000 0.000000
-0.907787 0.419430 0.000000 388.350536 -0.419430 -0.907787 -0.000000 -23.827051 -0.000000 0.000000 1.000000 0.000000
-0.907545 0.419956 0.000000 388.053490 -0.419956 -0.907545 -0.000000 -23.932557 -0.000000 0.000000 1.000000 0.000000
-0.908257 0.418413 0.000000 387.704636 -0.418413 -0.908257 -0.000000 -24.068518 -0.000000 0.000000 1.000000 0.000000
-0.907498 0.420056 0.000000 387.078230 -0.420056 -0.907498 -0.000000 -24.354417 -0.000000 0.000000 1.000000 0.000000
-0.908944 0.416918 0.000000 386.455475 -0.416918 -0.908944 -0.000000 -24.629065 -0.000000 0.000000 1.000000 0.000000
-0.908702 0.417446 0.000000 385.423561 -0.417446 -0.908702 -0.000000 -25.079886 -0.000000 0.000000 1.000000 0.000000
-0.910627 0.413229 0.000000 384.039606 -0.413229 -0.910627 -0.000000 -25.708836 -0.000000 0.000000 1.000000 0.000000
-0.910564 0.413368 0.000000 382.574446 -0.413368 -0.910564 -0.000000 -26.403127 -0.000000 0.000000 1.000000 0.000000
-0.910911 0.412602 0.000000 378.810227 -0.412602 -0.910911 -0.000000 -28.042583 -0.000000 0.000000 1.000000 0.000000
-0.910739 0.412983 0.000000 377.826004 -0.412983 -0.910739 -0.000000 -28.509486 -0.000000 0.000000 1.000000 0.000000
-0.909087 0.416606 0.000000 375.374805 -0.416606 -0.909087 -0.000000 -29.567828 -0.000000 0.000000 1.000000 0.000000
-0.911056 0.412283 0.000000 372.938037 -0.412283 -0.911056 -0.000000 -30.688202 -0.000000 0.000000 1.000000 0.000000
-0.911179 0.412011 0.000000 370.443085 -0.412011 -0.911179 -0.000000 -31.805677 -0.000000 0.000000 1.000000 0.000000
-0.913467 0.406912 0.000000 367.509805 -0.406912 -0.913467 -0.000000 -33.028394 -0.000000 0.000000 1.000000 0.000000
-0.915216 0.402963 0.000000 364.734285 -0.402963 -0.915216 -0.000000 -34.195727 -0.000000 0.000000 1.000000 0.000000
-0.922061 0.387045 0.000000 361.849878 -0.387045 -0.922061 -0.000000 -35.427119 -0.000000 0.000000 1.000000 0.000000
-0.931868 0.362797 0.000000 358.756264 -0.362797 -0.931868 -0.000000 -36.750608 -0.000000 0.000000 1.000000 0.000000
-0.957409 0.288736 0.000000 351.623194 -0.288736 -0.957409 -0.000000 -39.006965 -0.000000 0.000000 1.000000 0.000000
-0.958625 0.284673 0.000000 349.694164 -0.284673 -0.958625 -0.000000 -39.553305 -0.000000 0.000000 1.000000 0.000000
-0.962464 0.271408 0.000000 345.659987 -0.271408 -0.962464 -0.000000 -40.635283 -0.000000 0.000000 1.000000 0.000000
-0.965598 0.260039 0.000000 341.405900 -0.260039 -0.965598 -0.000000 -41.809031 -0.000000 0.000000 1.000000 0.000000
-0.966636 0.256153 0.000000 337.077334 -0.256153 -0.966636 -0.000000 -42.886793 -0.000000 0.000000 1.000000 0.000000
-0.964145 0.265375 0.000000 333.055540 -0.265375 -0.964145 -0.000000 -44.043689 -0.000000 0.000000 1.000000 0.000000
-0.961837 0.273623 0.000000 329.007214 -0.273623 -0.961837 -0.000000 -45.086237 -0.000000 0.000000 1.000000 0.000000
-0.954920 0.296862 0.000000 325.109301 -0.296862 -0.954920 -0.000000 -46.323732 -0.000000 0.000000 1.000000 0.000000
-0.950377 0.311102 0.000000 321.207791 -0.311102 -0.950377 -0.000000 -47.490924 -0.000000 0.000000 1.000000 0.000000
-0.935595 0.353074 0.000000 313.358569 -0.353074 -0.935595 -0.000000 -50.233887 -0.000000 0.000000 1.000000 0.000000
-0.932811 0.360365 0.000000 311.412380 -0.360365 -0.932811 -0.000000 -51.054792 -0.000000 0.000000 1.000000 0.000000
-0.929908 0.367791 0.000000 307.558807 -0.367791 -0.929908 -0.000000 -52.526229 -0.000000 0.000000 1.000000 0.000000
-0.930069 0.367384 0.000000 303.556143 -0.367384 -0.930069 -0.000000 -54.105154 -0.000000 0.000000 1.000000 0.000000
-0.932160 0.362046 0.000000 299.543578 -0.362046 -0.932160 -0.000000 -55.629646 -0.000000 0.000000 1.000000 0.000000
-0.930859 0.365380 0.000000 295.473046 -0.365380 -0.930859 -0.000000 -57.179894 -0.000000 0.000000 1.000000 0.000000
-0.929529 0.368748 0.000000 291.308123 -0.368748 -0.929529 -0.000000 -58.751476 -0.000000 0.000000 1.000000 0.000000
-0.929051 0.369953 0.000000 287.188375 -0.369953 -0.929051 -0.000000 -60.383937 -0.000000 0.000000 1.000000 0.000000
-0.931214 0.364472 0.000000 282.872157 -0.364472 -0.931214 -0.000000 -62.070701 -0.000000 0.000000 1.000000 0.000000
-0.935074 0.354453 0.000000 274.243237 -0.354453 -0.935074 -0.000000 -65.191717 -0.000000 0.000000 1.000000 0.000000
-0.934726 0.355369 0.000000 272.071318 -0.355369 -0.934726 -0.000000 -66.001759 -0.000000 0.000000 1.000000 0.000000
-0.928954 0.370196 0.000000 267.716081 -0.370196 -0.928954 -0.000000 -67.627649 -0.000000 0.000000 1.000000 0.000000
-0.927321 0.374267 0.000000 263.494849 -0.374267 -0.927321 -0.000000 -69.371752 -0.000000 0.000000 1.000000 0.000000
-0.922956 0.384904 0.000000 259.138699 -0.384904 -0.922956 -0.000000 -71.026195 -0.000000 0.000000 1.000000 0.000000
-0.919655 0.392728 0.000000 254.889616 -0.392728 -0.919655 -0.000000 -72.889946 -0.000000 0.000000 1.000000 0.000000
-0.917706 0.397261 0.000000 250.775521 -0.397261 -0.917706 -0.000000 -74.702897 -0.000000 0.000000 1.000000 0.000000
-0.917239 0.398338 0.000000 246.541990 -0.398338 -0.917239 -0.000000 -76.421742 -0.000000 0.000000 1.000000 0.000000
-0.916860 0.399209 0.000000 242.230692 -0.399209 -0.916860 -0.000000 -78.358880 -0.000000 0.000000 1.000000 0.000000
-0.914965 0.403533 0.000000 233.651525 -0.403533 -0.914965 -0.000000 -82.250206 -0.000000 0.000000 1.000000 0.000000
-0.915299 0.402775 0.000000 231.510600 -0.402775 -0.915299 -0.000000 -83.215683 -0.000000 0.000000 1.000000 0.000000
-0.915904 0.401396 0.000000 227.222195 -0.401396 -0.915904 -0.000000 -85.113308 -0.000000 0.000000 1.000000 0.000000
-0.917958 0.396678 0.000000 222.936829 -0.396678 -0.917958 -0.000000 -86.975816 -0.000000 0.000000 1.000000 0.000000
-0.919033 0.394180 0.000000 218.490532 -0.394180 -0.919033 -0.000000 -88.899580 -0.000000 0.000000 1.000000 0.000000
-0.921151 0.389206 0.000000 214.069378 -0.389206 -0.921151 -0.000000 -90.655193 -0.000000 0.000000 1.000000 0.000000
-0.923198 0.384324 0.000000 209.691729 -0.384324 -0.923198 -0.000000 -92.474037 -0.000000 0.000000 1.000000 0.000000
-0.924495 0.381194 0.000000 205.024649 -0.381194 -0.924495 -0.000000 -94.334406 -0.000000 0.000000 1.000000 0.000000
-0.924454 0.381295 0.000000 200.483347 -0.381295 -0.924454 -0.000000 -96.118016 -0.000000 0.000000 1.000000 0.000000
-0.929079 0.369881 0.000000 191.848937 -0.369881 -0.929079 -0.000000 -99.640316 -0.000000 0.000000 1.000000 0.000000
-0.930426 0.366480 0.000000 189.659476 -0.366480 -0.930426 -0.000000 -100.501655 -0.000000 0.000000 1.000000 0.000000
-0.927811 0.373052 0.000000 185.376553 -0.373052 -0.927811 -0.000000 -102.177703 -0.000000 0.000000 1.000000 0.000000
-0.928710 0.370807 0.000000 180.918287 -0.370807 -0.928710 -0.000000 -103.825831 -0.000000 0.000000 1.000000 0.000000
-0.926312 0.376757 0.000000 176.820855 -0.376757 -0.926312 -0.000000 -105.447532 -0.000000 0.000000 1.000000 0.000000
-0.921913 0.387397 0.000000 172.727755 -0.387397 -0.921913 -0.000000 -107.195033 -0.000000 0.000000 1.000000 0.000000
-0.912282 0.409563 0.000000 168.894517 -0.409563 -0.912282 -0.000000 -108.796171 -0.000000 0.000000 1.000000 0.000000
-0.904854 0.425723 0.000000 165.284735 -0.425723 -0.904854 -0.000000 -110.403567 -0.000000 0.000000 1.000000 0.000000
-0.904018 0.427494 0.000000 161.693530 -0.427494 -0.904018 -0.000000 -112.133172 -0.000000 0.000000 1.000000 0.000000
-0.903055 0.429526 0.000000 155.240971 -0.429526 -0.903055 -0.000000 -115.290535 -0.000000 0.000000 1.000000 0.000000
-0.907753 0.419505 0.000000 153.523175 -0.419505 -0.907753 -0.000000 -116.057809 -0.000000 0.000000 1.000000 0.000000
-0.920849 0.389919 0.000000 150.232472 -0.389919 -0.920849 -0.000000 -117.454516 -0.000000 0.000000 1.000000 0.000000
-0.934634 0.355611 0.000000 146.916548 -0.355611 -0.934634 -0.000000 -118.744746 -0.000000 0.000000 1.000000 0.000000
-0.945136 0.326676 0.000000 143.745417 -0.326676 -0.945136 -0.000000 -119.844553 -0.000000 0.000000 1.000000 0.000000
-0.949800 0.312859 0.000000 140.755082 -0.312859 -0.949800 -0.000000 -120.736518 -0.000000 0.000000 1.000000 0.000000
-0.949927 0.312472 0.000000 138.107161 -0.312472 -0.949927 -0.000000 -121.602565 -0.000000 0.000000 1.000000 0.000000
-0.947902 0.318563 0.000000 135.668668 -0.318563 -0.947902 -0.000000 -122.422544 -0.000000 0.000000 1.000000 0.000000
-0.946134 0.323774 0.000000 133.212003 -0.323774 -0.946134 -0.000000 -123.210397 -0.000000 0.000000 1.000000 0.000000
-0.937888 0.346939 0.000000 128.646504 -0.346939 -0.937888 -0.000000 -124.769719 -0.000000 0.000000 1.000000 0.000000
-0.937630 0.347635 0.000000 127.629550 -0.347635 -0.937630 -0.000000 -125.118341 -0.000000 0.000000 1.000000 0.000000
-0.934179 0.356805 0.000000 125.447011 -0.356805 -0.934179 -0.000000 -125.944760 -0.000000 0.000000 1.000000 0.000000
-0.935009 0.354623 0.000000 123.486027 -0.354623 -0.935009 -0.000000 -126.660473 -0.000000 0.000000 1.000000 0.000000
-0.935635 0.352968 0.000000 121.711542 -0.352968 -0.935635 -0.000000 -127.290751 -0.000000 0.000000 1.000000 0.000000
-0.936696 0.350143 0.000000 120.259775 -0.350143 -0.936696 -0.000000 -127.830612 -0.000000 0.000000 1.000000 0.000000
-0.938739 0.344629 0.000000 118.948493 -0.344629 -0.938739 -0.000000 -128.291188 -0.000000 0.000000 1.000000 0.000000
-0.942756 0.333483 0.000000 117.761955 -0.333483 -0.942756 -0.000000 -128.748373 -0.000000 0.000000 1.000000 0.000000
-0.942746 0.333511 0.000000 116.945554 -0.333511 -0.942746 -0.000000 -129.055294 -0.000000 0.000000 1.000000 0.000000
-0.945160 0.326608 0.000000 115.734321 -0.326608 -0.945160 -0.000000 -129.438182 -0.000000 0.000000 1.000000 0.000000
-0.944626 0.328148 0.000000 115.571014 -0.328148 -0.944626 -0.000000 -129.508311 -0.000000 0.000000 1.000000 0.000000
-0.945542 0.325502 0.000000 115.430832 -0.325502 -0.945542 -0.000000 -129.523495 -0.000000 0.000000 1.000000 0.000000
-0.944697 0.327944 0.000000 115.432829 -0.327944 -0.944697 -0.000000 -129.576823 -0.000000 0.000000 1.000000 0.000000
-0.944739 0.327822 0.000000 115.411838 -0.327822 -0.944739 -0.000000 -129.542496 -0.000000 0.000000 1.000000 0.000000
-0.945206 0.326473 0.000000 115.425187 -0.326473 -0.945206 -0.000000 -129.535061 -0.000000 0.000000 1.000000 0.000000
-0.944708 0.327912 0.000000 115.420542 -0.327912 -0.944708 -0.000000 -129.544680 -0.000000 0.000000 1.000000 0.000000
-0.945048 0.326932 0.000000 115.423725 -0.326932 -0.945048 -0.000000 -129.553456 -0.000000 0.000000 1.000000 0.000000
-0.944542 0.328392 0.000000 115.427279 -0.328392 -0.944542 -0.000000 -129.561685 -0.000000 0.000000 1.000000 0.000000
-0.944546 0.328380 0.000000 115.436282 -0.328380 -0.944546 -0.000000 -129.555213 -0.000000 0.000000 1.000000 0.000000
-0.944486 0.328552 0.000000 115.431104 -0.328552 -0.944486 -0.000000 -129.558506 -0.000000 0.000000 1.000000 0.000000
-0.944485 0.328555 0.000000 115.431458 -0.328555 -0.944485 -0.000000 -129.551498 -0.000000 0.000000 1.000000 0.000000
-0.944396 0.328811 0.000000 115.429090 -0.328811 -0.944396 -0.000000 -129.560114 -0.000000 0.000000 1.000000 0.000000
-0.944364 0.328902 0.000000 115.432409 -0.328902 -0.944364 -0.000000 -129.557822 -0.000000 0.000000 1.000000 0.000000
-0.944344 0.328960 0.000000 115.438042 -0.328960 -0.944344 -0.000000 -129.553336 -0.000000 0.000000 1.000000 0.000000
-0.944312 0.329050 0.000000 115.430127 -0.329050 -0.944312 -0.000000 -129.550687 -0.000000 0.000000 1.000000 0.000000
-0.944228 0.329291 0.000000 115.427622 -0.329291 -0.944228 -0.000000 -129.562368 -0.000000 0.000000 1.000000 0.000000
-0.944182 0.329423 0.000000 115.426795 -0.329423 -0.944182 -0.000000 -129.561674 -0.000000 0.000000 1.000000 0.000000
-0.944444 0.328672 0.000000 115.423302 -0.328672 -0.944444 -0.000000 -129.544943 -0.000000 0.000000 1.000000 0.000000
-0.944668 0.328028 0.000000 115.408320 -0.328028 -0.944668 -0.000000 -129.540220 -0.000000 0.000000 1.000000 0.000000
-0.944586 0.328265 0.000000 115.421311 -0.328265 -0.944586 -0.000000 -129.541123 -0.000000 0.000000 1.000000 0.000000
-0.944568 0.328316 0.000000 115.413311 -0.328316 -0.944568 -0.000000 -129.538555 -0.000000 0.000000 1.000000 0.000000
-0.944490 0.328541 0.000000 115.403717 -0.328541 -0.944490 -0.000000 -129.544215 -0.000000 0.000000 1.000000 0.000000
-0.944309 0.329061 0.000000 115.394526 -0.329061 -0.944309 -0.000000 -129.556520 -0.000000 0.000000 1.000000 0.000000
-0.944399 0.328800 0.000000 115.404303 -0.328800 -0.944399 -0.000000 -129.547982 -0.000000 0.000000 1.000000 0.000000
-0.944415 0.328755 0.000000 115.409911 -0.328755 -0.944415 -0.000000 -129.533880 -0.000000 0.000000 1.000000 0.000000
-0.944087 0.329695 0.000000 115.405185 -0.329695 -0.944087 -0.000000 -129.547219 -0.000000 0.000000 1.000000 0.000000
-0.944350 0.328941 0.000000 115.408117 -0.328941 -0.944350 -0.000000 -129.529080 -0.000000 0.000000 1.000000 0.000000
-0.944358 0.328921 0.000000 115.402684 -0.328921 -0.944358 -0.000000 -129.525516 -0.000000 0.000000 1.000000 0.000000
-0.944288 0.329120 0.000000 115.398532 -0.329120 -0.944288 -0.000000 -129.526294 -0.000000 0.000000 1.000000 0.000000
-0.944590 0.328252 0.000000 115.389484 -0.328252 -0.944590 -0.000000 -129.518204 -0.000000 0.000000 1.000000 0.000000
-0.944598 0.328231 0.000000 115.398756 -0.328231 -0.944598 -0.000000 -129.535375 -0.000000 0.000000 1.000000 0.000000
-0.944235 0.329272 0.000000 115.404833 -0.329272 -0.944235 -0.000000 -129.511538 -0.000000 0.000000 1.000000 0.000000
-0.944200 0.329372 0.000000 115.401061 -0.329372 -0.944200 -0.000000 -129.522454 -0.000000 0.000000 1.000000 0.000000
-0.944079 0.329718 0.000000 115.398316 -0.329718 -0.944079 -0.000000 -129.526575 -0.000000 0.000000 1.000000 0.000000
-0.943988 0.329980 0.000000 115.400245 -0.329980 -0.943988 -0.000000 -129.537050 -0.000000 0.000000 1.000000 0.000000
-0.943986 0.329986 0.000000 115.405759 -0.329986 -0.943986 -0.000000 -129.527392 -0.000000 0.000000 1.000000 0.000000
-0.943941 0.330114 0.000000 115.403650 -0.330114 -0.943941 -0.000000 -129.528268 -0.000000 0.000000 1.000000 0.000000
-0.943959 0.330062 0.000000 115.393771 -0.330062 -0.943959 -0.000000 -129.535047 -0.000000 0.000000 1.000000 0.000000
-0.943907 0.330212 0.000000 115.405852 -0.330212 -0.943907 -0.000000 -129.527578 -0.000000 0.000000 1.000000 0.000000
-0.943814 0.330476 0.000000 115.400815 -0.330476 -0.943814 -0.000000 -129.529454 -0.000000 0.000000 1.000000 0.000000
-0.943771 0.330601 0.000000 115.401876 -0.330601 -0.943771 -0.000000 -129.529605 -0.000000 0.000000 1.000000 0.000000
-0.943686 0.330842 0.000000 115.416991 -0.330842 -0.943686 -0.000000 -129.530380 -0.000000 0.000000 1.000000 0.000000
-0.943848 0.330381 0.000000 115.398807 -0.330381 -0.943848 -0.000000 -129.526773 -0.000000 0.000000 1.000000 0.000000
-0.943643 0.330964 0.000000 115.405594 -0.330964 -0.943643 -0.000000 -129.529536 -0.000000 0.000000 1.000000 0.000000
-0.943573 0.331164 0.000000 115.408408 -0.331164 -0.943573 -0.000000 -129.538711 -0.000000 0.000000 1.000000 0.000000
-0.943521 0.331312 0.000000 115.412695 -0.331312 -0.943521 -0.000000 -129.541963 -0.000000 0.000000 1.000000 0.000000
-0.943488 0.331407 0.000000 115.407830 -0.331407 -0.943488 -0.000000 -129.540759 -0.000000 0.000000 1.000000 0.000000
-0.943455 0.331502 0.000000 115.413008 -0.331502 -0.943455 -0.000000 -129.537892 -0.000000 0.000000 1.000000 0.000000
-0.943457 0.331495 0.000000 115.399762 -0.331495 -0.943457 -0.000000 -129.539263 -0.000000 0.000000 1.000000 0.000000
-0.943421 0.331597 0.000000 115.407563 -0.331597 -0.943421 -0.000000 -129.536442 -0.000000 0.000000 1.000000 0.000000
-0.943326 0.331866 0.000000 115.413518 -0.331866 -0.943326 -0.000000 -129.538051 -0.000000 0.000000 1.000000 0.000000
-0.943308 0.331917 0.000000 115.419654 -0.331917 -0.943308 -0.000000 -129.531632 -0.000000 0.000000 1.000000 0.000000
-0.943485 0.331416 0.000000 115.402338 -0.331416 -0.943485 -0.000000 -129.525882 -0.000000 0.000000 1.000000 0.000000
-0.943214 0.332185 0.000000 115.410892 -0.332185 -0.943214 -0.000000 -129.535554 -0.000000 0.000000 1.000000 0.000000
-0.943208 0.332203 0.000000 115.402919 -0.332203 -0.943208 -0.000000 -129.530931 -0.000000 0.000000 1.000000 0.000000
-0.943144 0.332383 0.000000 115.406936 -0.332383 -0.943144 -0.000000 -129.534884 -0.000000 0.000000 1.000000 0.000000
-0.943109 0.332483 0.000000 115.413385 -0.332483 -0.943109 -0.000000 -129.531931 -0.000000 0.000000 1.000000 0.000000
-0.943053 0.332642 0.000000 115.412883 -0.332642 -0.943053 -0.000000 -129.533125 -0.000000 0.000000 1.000000 0.000000
-0.943043 0.332670 0.000000 115.408469 -0.332670 -0.943043 -0.000000 -129.530226 -0.000000 0.000000 1.000000 0.000000
-0.942957 0.332913 0.000000 115.405709 -0.332913 -0.942957 -0.000000 -129.538219 -0.000000 0.000000 1.000000 0.000000
-0.942941 0.332959 0.000000 115.392289 -0.332959 -0.942941 -0.000000 -129.536047 -0.000000 0.000000 1.000000 0.000000
-0.942907 0.333056 0.000000 115.415046 -0.333056 -0.942907 -0.000000 -129.535159 -0.000000 0.000000 1.000000 0.000000
-0.942856 0.333201 0.000000 115.405134 -0.333201 -0.942856 -0.000000 -129.533231 -0.000000 0.000000 1.000000 0.000000
-0.942830 0.333273 0.000000 115.400594 -0.333273 -0.942830 -0.000000 -129.530767 -0.000000 0.000000 1.000000 0.000000
