1.000000 -0.000020 0.000000 0.000015 0.000020 1.000000 0.000000 -0.000017 0.000000 0.000000 1.000000 0.000000
1.000000 0.000000 0.000000 -0.000010 -0.000000 1.000000 -0.000000 0.000284 -0.000000 0.000000 1.000000 0.000000
1.000000 0.000016 0.000000 0.000501 -0.000016 1.000000 -0.000000 0.000359 -0.000000 0.000000 1.000000 0.000000
1.000000 -0.000011 0.000000 0.000110 0.000011 1.000000 0.000000 0.000006 0.000000 0.000000 1.000000 0.000000
1.000000 0.000034 0.000000 0.000080 -0.000034 1.000000 -0.000000 0.000322 -0.000000 0.000000 1.000000 0.000000
1.000000 0.000000 0.000000 0.000347 -0.000000 1.000000 -0.000000 0.000437 -0.000000 0.000000 1.000000 0.000000
1.000000 0.000006 0.000000 0.000458 -0.000006 1.000000 -0.000000 -0.000017 -0.000000 0.000000 1.000000 0.000000
1.000000 -0.000020 0.000000 -0.001223 0.000020 1.000000 0.000000 0.000242 0.000000 0.000000 1.000000 0.000000
1.000000 -0.000013 0.000000 -0.000386 0.000013 1.000000 0.000000 0.000148 0.000000 0.000000 1.000000 0.000000
1.000000 0.000016 0.000000 0.000357 -0.000016 1.000000 -0.000000 0.000404 -0.000000 0.000000 1.000000 0.000000
1.000000 0.000005 0.000000 0.001195 -0.000005 1.000000 -0.000000 0.000458 -0.000000 0.000000 1.000000 0.000000
1.000000 -0.000024 0.000000 0.001651 0.000024 1.000000 0.000000 0.000007 0.000000 0.000000 1.000000 0.000000
1.000000 -0.000010 0.000000 0.001479 0.000010 1.000000 0.000000 0.000043 0.000000 0.000000 1.000000 0.000000
1.000000 -0.000021 0.000000 0.000582 0.000021 1.000000 0.000000 0.000179 0.000000 0.000000 1.000000 0.000000
1.000000 -0.000037 0.000000 0.001220 0.000037 1.000000 0.000000 -0.000041 0.000000 0.000000 1.000000 0.000000
1.000000 -0.000171 0.000000 0.000109 0.000171 1.000000 0.000000 -0.000288 0.000000 0.000000 1.000000 0.000000
1.000000 -0.000120 0.000000 0.000695 0.000120 1.000000 0.000000 -0.000190 0.000000 0.000000 1.000000 0.000000
1.000000 -0.000086 0.000000 0.000080 0.000086 1.000000 0.000000 0.000161 0.000000 0.000000 1.000000 0.000000
1.000000 -0.000059 0.000000 0.000490 0.000059 1.000000 0.000000 0.000171 0.000000 0.000000 1.000000 0.000000
1.000000 -0.000060 0.000000 -0.000634 0.000060 1.000000 0.000000 -0.000162 0.000000 0.000000 1.000000 0.000000
1.000000 -0.000035 0.000000 -0.000589 0.000035 1.000000 0.000000 0.000082 0.000000 0.000000 1.000000 0.000000
1.000000 -0.000052 0.000000 -0.001458 0.000052 1.000000 0.000000 0.000285 0.000000 0.000000 1.000000 0.000000
1.000000 -0.000153 0.000000 -0.000609 0.000153 1.000000 0.000000 -0.000370 0.000000 0.000000 1.000000 0.000000
1.000000 -0.000118 0.000000 -0.000296 0.000118 1.000000 0.000000 0.000273 0.000000 0.000000 1.000000 0.000000
1.000000 -0.000094 0.000000 0.000598 0.000094 1.000000 0.000000 0.000423 0.000000 0.000000 1.000000 0.000000
1.000000 -0.000101 0.000000 0.000726 0.000101 1.000000 0.000000 0.000401 0.000000 0.000000 1.000000 0.000000
1.000000 -0.000079 0.000000 0.000838 0.000079 1.000000 0.000000 0.000297 0.000000 0.000000 1.000000 0.000000
1.000000 -0.000068 0.000000 0.000772 0.000068 1.000000 0.000000 0.000146 0.000000 0.000000 1.000000 0.000000
1.000000 -0.000071 0.000000 0.000794 0.000071 1.000000 0.000000 0.000071 0.000000 0.000000 1.000000 0.000000
1.000000 -0.000078 0.000000 0.000881 0.000078 1.000000 0.000000 0.000046 0.000000 0.000000 1.000000 0.000000
1.000000 -0.000082 0.000000 0.000238 0.000082 1.000000 0.000000 -0.000170 0.000000 0.000000 1.000000 0.000000
1.000000 -0.000077 0.000000 0.000336 0.000077 1.000000 0.000000 -0.000247 0.000000 0.000000 1.000000 0.000000
1.000000 -0.000079 0.000000 0.001408 0.000079 1.000000 0.000000 -0.000277 0.000000 0.000000 1.000000 0.000000
1.000000 -0.000077 0.000000 0.001463 0.000077 1.000000 0.000000 -0.000029 0.000000 0.000000 1.000000 0.000000
1.000000 -0.000069 0.000000 0.001069 0.000069 1.000000 0.000000 0.000119 0.000000 0.000000 1.000000 0.000000
1.000000 -0.000064 0.000000 0.001264 0.000064 1.000000 0.000000 0.000356 0.000000 0.000000 1.000000 0.000000
1.000000 -0.000049 0.000000 0.001865 0.000049 1.000000 0.000000 0.000122 0.000000 0.000000 1.000000 0.000000
1.000000 -0.000045 0.000000 0.001262 0.000045 1.000000 0.000000 -0.000147 0.000000 0.000000 1.000000 0.000000
1.000000 -0.000042 0.000000 0.001785 0.000042 1.000000 0.000000 -0.000545 0.000000 0.000000 1.000000 0.000000
1.000000 -0.000048 0.000000 0.001784 0.000048 1.000000 0.000000 -0.000828 0.000000 0.000000 1.000000 0.000000
1.000000 -0.000026 0.000000 -0.000233 0.000026 1.000000 0.000000 -0.000185 0.000000 0.000000 1.000000 0.000000
1.000000 -0.000036 0.000000 0.000233 0.000036 1.000000 0.000000 -0.000262 0.000000 0.000000 1.000000 0.000000
1.000000 0.000007 0.000000 0.000675 -0.000007 1.000000 -0.000000 -0.000298 -0.000000 0.000000 1.000000 0.000000
1.000000 0.000002 0.000000 0.000961 -0.000002 1.000000 -0.000000 -0.000926 -0.000000 0.000000 1.000000 0.000000
1.000000 0.000005 0.000000 -0.000462 -0.000005 1.000000 -0.000000 -0.000433 -0.000000 0.000000 1.000000 0.000000
1.000000 -0.000005 0.000000 0.000292 0.000005 1.000000 0.000000 -0.000122 0.000000 0.000000 1.000000 0.000000
1.000000 -0.000007 0.000000 0.000703 0.000007 1.000000 0.000000 -0.000053 0.000000 0.000000 1.000000 0.000000
1.000000 0.000011 0.000000 0.000734 -0.000011 1.000000 -0.000000 0.000165 -0.000000 0.000000 1.000000 0.000000
1.000000 -0.000006 0.000000 0.001262 0.000006 1.000000 0.000000 -0.000020 0.000000 0.000000 1.000000 0.000000
1.000000 -0.000021 0.000000 0.000289 0.000021 1.000000 0.000000 0.000058 0.000000 0.000000 1.000000 0.000000
1.000000 0.000006 0.000000 0.000011 -0.000006 1.000000 -0.000000 0.000216 -0.000000 0.000000 1.000000 0.000000
1.000000 0.000051 0.000000 0.004644 -0.000051 1.000000 -0.000000 0.000327 -0.000000 0.000000 1.000000 0.000000
1.000000 0.000118 0.000000 0.008521 -0.000118 1.000000 -0.000000 0.000738 -0.000000 0.000000 1.000000 0.000000
1.000000 -0.000713 0.000000 0.045009 0.000713 1.000000 0.000000 0.001821 0.000000 0.000000 1.000000 0.000000
0.999996 -0.002807 0.000000 0.155573 0.002807 0.999996 0.000000 0.003114 0.000000 0.000000 1.000000 0.000000
0.999962 -0.008665 0.000000 0.300985 0.008665 0.999962 0.000000 0.005431 0.000000 0.000000 1.000000 0.000000
0.999562 -0.029584 0.000000 0.678334 0.029584 0.999562 0.000000 0.028625 0.000000 0.000000 1.000000 0.000000
0.997619 -0.068965 0.000000 1.395095 0.068965 0.997619 0.000000 0.093041 0.000000 0.000000 1.000000 0.000000
0.993002 -0.118095 0.000000 2.458427 0.118095 0.993002 0.000000 0.229313 0.000000 0.000000 1.000000 0.000000
0.986911 -0.161268 0.000000 3.812548 0.161268 0.986911 0.000000 0.454720 0.000000 0.000000 1.000000 0.000000
0.981301 -0.192481 0.000000 7.743296 0.192481 0.981301 0.000000 1.200753 0.000000 0.000000 1.000000 0.000000
0.981922 -0.189285 0.000000 8.934170 0.189285 0.981922 0.000000 1.426113 0.000000 0.000000 1.000000 0.000000
0.982944 -0.183904 0.000000 11.546697 0.183904 0.982944 0.000000 1.898615 0.000000 0.000000 1.000000 0.000000
0.984250 -0.176784 0.000000 14.479452 0.176784 0.984250 0.000000 2.404293 0.000000 0.000000 1.000000 0.000000
0.986555 -0.163430 0.000000 17.554462 0.163430 0.986555 0.000000 2.904623 0.000000 0.000000 1.000000 0.000000
0.989475 -0.144703 0.000000 20.953487 0.144703 0.989475 0.000000 3.398004 0.000000 0.000000 1.000000 0.000000
0.993194 -0.116470 0.000000 24.369433 0.116470 0.993194 0.000000 3.810365 0.000000 0.000000 1.000000 0.000000
0.996156 -0.087595 0.000000 27.971649 0.087595 0.996156 0.000000 4.134983 0.000000 0.000000 1.000000 0.000000
0.998262 -0.058929 0.000000 31.697676 0.058929 0.998262 0.000000 4.371593 0.000000 0.000000 1.000000 0.000000
0.999989 -0.004632 0.000000 39.371955 0.004632 0.999989 0.000000 4.533332 0.000000 0.000000 1.000000 0.000000
0.999991 0.004296 0.000000 41.336888 -0.004296 0.999991 -0.000000 4.521900 -0.000000 0.000000 1.000000 0.000000
0.999916 0.012989 0.000000 45.445700 -0.012989 0.999916 -0.000000 4.461044 -0.000000 0.000000 1.000000 0.000000
0.999777 0.021107 0.000000 49.646178 -0.021107 0.999777 -0.000000 4.361228 -0.000000 0.000000 1.000000 0.000000
0.999263 0.038377 0.000000 53.759433 -0.038377 0.999263 -0.000000 4.222892 -0.000000 0.000000 1.000000 0.000000
0.999179 0.040514 0.000000 57.884677 -0.040514 0.999179 -0.000000 4.033766 -0.000000 0.000000 1.000000 0.000000
0.999637 0.026924 0.000000 62.103977 -0.026924 0.999637 -0.000000 3.892085 -0.000000 0.000000 1.000000 0.000000
0.999997 -0.002246 0.000000 66.347612 0.002246 0.999997 0.000000 3.848083 0.000000 0.000000 1.000000 0.000000
0.999299 -0.037424 0.000000 70.614758 0.037424 0.999299 0.000000 3.944334 0.000000 0.000000 1.000000 0.000000
0.996199 -0.087107 0.000000 79.136354 0.087107 0.996199 0.000000 4.556700 0.000000 0.000000 1.000000 0.000000
0.995864 -0.090857 0.000000 81.297563 0.090857 0.995864 0.000000 4.756949 0.000000 0.000000 1.000000 0.000000
0.995791 -0.091650 0.000000 85.603110 0.091650 0.995791 0.000000 5.155319 0.000000 0.000000 1.000000 0.000000
0.996227 -0.086789 0.000000 89.964716 0.086789 0.996227 0.000000 5.524307 0.000000 0.000000 1.000000 0.000000
0.996925 -0.078358 0.000000 94.392446 0.078358 0.996925 0.000000 5.850580 0.000000 0.000000 1.000000 0.000000
0.996833 -0.079529 0.000000 98.818443 0.079529 0.996833 0.000000 6.178126 0.000000 0.000000 1.000000 0.000000
0.997958 -0.063875 0.000000 103.254170 0.063875 0.997958 0.000000 6.478893 0.000000 0.000000 1.000000 0.000000
0.999304 -0.037304 0.000000 107.813482 0.037304 0.999304 0.000000 6.678570 0.000000 0.000000 1.000000 0.000000
0.999902 -0.013979 0.000000 112.619346 0.013979 0.999902 0.000000 6.811828 0.000000 0.000000 1.000000 0.000000
0.999980 -0.006355 0.000000 122.718847 0.006355 0.999980 0.000000 6.881973 0.000000 0.000000 1.000000 0.000000
0.999973 -0.007353 0.000000 125.308220 0.007353 0.999973 0.000000 6.881421 0.000000 0.000000 1.000000 0.000000
0.999911 -0.013360 0.000000 130.415176 0.013360 0.999911 0.000000 6.930474 0.000000 0.000000 1.000000 0.000000
0.999833 -0.018285 0.000000 135.302233 0.018285 0.999833 0.000000 7.007097 0.000000 0.000000 1.000000 0.000000
0.999751 -0.022329 0.000000 139.984295 0.022329 0.999751 0.000000 7.094440 0.000000 0.000000 1.000000 0.000000
0.999637 -0.026925 0.000000 144.743229 0.026925 0.999637 0.000000 7.191497 0.000000 0.000000 1.000000 0.000000
0.999615 -0.027740 0.000000 149.587516 0.027740 0.999615 0.000000 7.312047 0.000000 0.000000 1.000000 0.000000
0.999610 -0.027937 0.000000 154.492270 0.027937 0.999610 0.000000 7.426814 0.000000 0.000000 1.000000 0.000000
0.999546 -0.030133 0.000000 159.470472 0.030133 0.999546 0.000000 7.555408 0.000000 0.000000 1.000000 0.000000
0.998986 -0.045029 0.000000 168.387919 0.045029 0.998986 0.000000 7.892078 0.000000 0.000000 1.000000 0.000000
0.998829 -0.048379 0.000000 170.459414 0.048379 0.998829 0.000000 7.996772 0.000000 0.000000 1.000000 0.000000
0.998509 -0.054587 0.000000 174.605569 0.054587 0.998509 0.000000 8.215428 0.000000 0.000000 1.000000 0.000000
0.998131 -0.061117 0.000000 178.701242 0.061117 0.998131 0.000000 8.463171 0.000000 0.000000 1.000000 0.000000
0.997885 -0.065007 0.000000 182.855736 0.065007 0.997885 0.000000 8.737295 0.000000 0.000000 1.000000 0.000000
0.997539 -0.070114 0.000000 186.983375 0.070114 0.997539 0.000000 9.023542 0.000000 0.000000 1.000000 0.000000
0.996797 -0.079975 0.000000 191.173336 0.079975 0.996797 0.000000 9.348889 0.000000 0.000000 1.000000 0.000000
0.995587 -0.093843 0.000000 195.367191 0.093843 0.995587 0.000000 9.720595 0.000000 0.000000 1.000000 0.000000
0.994214 -0.107418 0.000000 199.568639 0.107418 0.994214 0.000000 10.156402 0.000000 0.000000 1.000000 0.000000
0.991279 -0.131783 0.000000 208.093045 0.131783 0.991279 0.000000 11.184461 0.000000 0.000000 1.000000 0.000000
0.990653 -0.136408 0.000000 210.279569 0.136408 0.990653 0.000000 11.474561 0.000000 0.000000 1.000000 0.000000
0.990574 -0.136980 0.000000 214.712554 0.136980 0.990574 0.000000 12.071064 0.000000 0.000000 1.000000 0.000000
0.990503 -0.137494 0.000000 219.281397 0.137494 0.990503 0.000000 12.679397 0.000000 0.000000 1.000000 0.000000
0.989817 -0.142348 0.000000 223.843132 0.142348 0.989817 0.000000 13.298142 0.000000 0.000000 1.000000 0.000000
0.988708 -0.149856 0.000000 228.267316 0.149856 0.988708 0.000000 13.928148 0.000000 0.000000 1.000000 0.000000
0.988092 -0.153863 0.000000 232.336358 0.153863 0.988092 0.000000 14.536195 0.000000 0.000000 1.000000 0.000000
0.986413 -0.164284 0.000000 236.112542 0.164284 0.986413 0.000000 15.137408 0.000000 0.000000 1.000000 0.000000
0.984439 -0.175725 0.000000 239.579017 0.175725 0.984439 0.000000 15.748965 0.000000 0.000000 1.000000 0.000000
0.982026 -0.188747 0.000000 246.510374 0.188747 0.982026 0.000000 17.063165 0.000000 0.000000 1.000000 0.000000
0.981600 -0.190948 0.000000 248.254675 0.190948 0.981600 0.000000 17.407098 0.000000 0.000000 1.000000 0.000000
0.980749 -0.195270 0.000000 251.777350 0.195270 0.980749 0.000000 18.098451 0.000000 0.000000 1.000000 0.000000
0.980736 -0.195337 0.000000 255.379858 0.195337 0.980736 0.000000 18.811651 0.000000 0.000000 1.000000 0.000000
0.980944 -0.194292 0.000000 258.940227 0.194292 0.980944 0.000000 19.516664 0.000000 0.000000 1.000000 0.000000
0.981283 -0.192570 0.000000 262.511260 0.192570 0.981283 0.000000 20.209019 0.000000 0.000000 1.000000 0.000000
0.982529 -0.186111 0.000000 266.117928 0.186111 0.982529 0.000000 20.889868 0.000000 0.000000 1.000000 0.000000
0.984551 -0.175098 0.000000 269.798816 0.175098 0.984551 0.000000 21.539559 0.000000 0.000000 1.000000 0.000000
0.986757 -0.162207 0.000000 273.524608 0.162207 0.986757 0.000000 22.140185 0.000000 0.000000 1.000000 0.000000
0.990410 -0.138157 0.000000 281.209117 0.138157 0.990410 0.000000 23.231124 0.000000 0.000000 1.000000 0.000000
0.991116 -0.133004 0.000000 283.173095 0.133004 0.991116 0.000000 23.483356 0.000000 0.000000 1.000000 0.000000
0.992293 -0.123918 0.000000 287.151081 0.123918 0.992293 0.000000 23.965027 0.000000 0.000000 1.000000 0.000000
0.993360 -0.115047 0.000000 291.140967 0.115047 0.993360 0.000000 24.412504 0.000000 0.000000 1.000000 0.000000
0.994465 -0.105071 0.000000 295.333317 0.105071 0.994465 0.000000 24.851206 0.000000 0.000000 1.000000 0.000000
0.995196 -0.097907 0.000000 299.683538 0.097907 0.995196 0.000000 25.260164 0.000000 0.000000 1.000000 0.000000
0.995489 -0.094879 0.000000 304.079201 0.094879 0.995489 0.000000 25.659882 0.000000 0.000000 1.000000 0.000000
0.995454 -0.095240 0.000000 308.283091 0.095240 0.995454 0.000000 26.033829 0.000000 0.000000 1.000000 0.000000
0.995308 -0.096760 0.000000 312.381722 0.096760 0.995308 0.000000 26.422609 0.000000 0.000000 1.000000 0.000000
0.996162 -0.087533 0.000000 320.604823 0.087533 0.996162 0.000000 27.150235 0.000000 0.000000 1.000000 0.000000
0.996682 -0.081394 0.000000 322.661514 0.081394 0.996682 0.000000 27.314107 0.000000 0.000000 1.000000 0.000000
0.997947 -0.064045 0.000000 326.791677 0.064045 0.997947 0.000000 27.590403 0.000000 0.000000 1.000000 0.000000
0.999149 -0.041236 0.000000 331.004340 0.041236 0.999149 0.000000 27.784979 0.000000 0.000000 1.000000 0.000000
0.999801 -0.019959 0.000000 335.236463 0.019959 0.999801 0.000000 27.884605 0.000000 0.000000 1.000000 0.000000
0.999996 -0.002675 0.000000 339.503244 0.002675 0.999996 0.000000 27.906882 0.000000 0.000000 1.000000 0.000000
0.999971 0.007579 0.000000 343.833210 -0.007579 0.999971 -0.000000 27.882998 -0.000000 0.000000 1.000000 0.000000
0.999944 0.010616 0.000000 347.946306 -0.010616 0.999944 -0.000000 27.823247 -0.000000 0.000000 1.000000 0.000000
0.999937 0.011248 0.000000 352.068708 -0.011248 0.999937 -0.000000 27.769027 -0.000000 0.000000 1.000000 0.000000
0.999989 0.004748 0.000000 360.418099 -0.004748 0.999989 -0.000000 27.688434 -0.000000 0.000000 1.000000 0.000000
1.000000 0.000348 0.000000 362.522822 -0.000348 1.000000 -0.000000 27.683355 -0.000000 0.000000 1.000000 0.000000
0.999960 -0.008990 0.000000 366.796643 0.008990 0.999960 0.000000 27.695491 0.000000 0.000000 1.000000 0.000000
0.999823 -0.018840 0.000000 371.003729 0.018840 0.999823 0.000000 27.751635 0.000000 0.000000 1.000000 0.000000
0.999594 -0.028480 0.000000 375.283106 0.028480 0.999594 0.000000 27.837386 0.000000 0.000000 1.000000 0.000000
0.999302 -0.037357 0.000000 379.491469 0.037357 0.999302 0.000000 27.960560 0.000000 0.000000 1.000000 0.000000
0.999126 -0.041810 0.000000 383.650573 0.041810 0.999126 0.000000 28.099542 0.000000 0.000000 1.000000 0.000000
0.999085 -0.042764 0.000000 387.771526 0.042764 0.999085 0.000000 28.245465 0.000000 0.000000 1.000000 0.000000
0.999038 -0.043844 0.000000 392.122427 0.043844 0.999038 0.000000 28.400494 0.000000 0.000000 1.000000 0.000000
0.998568 -0.053495 0.000000 400.765202 0.053495 0.998568 0.000000 28.748655 0.000000 0.000000 1.000000 0.000000
0.998401 -0.056525 0.000000 402.838694 0.056525 0.998401 0.000000 28.848333 0.000000 0.000000 1.000000 0.000000
0.998104 -0.061549 0.000000 406.854988 0.061549 0.998104 0.000000 29.048752 0.000000 0.000000 1.000000 0.000000
0.997886 -0.064990 0.000000 410.927523 0.064990 0.997886 0.000000 29.277220 0.000000 0.000000 1.000000 0.000000
0.997740 -0.067187 0.000000 414.660331 0.067187 0.997740 0.000000 29.492546 0.000000 0.000000 1.000000 0.000000
0.997730 -0.067337 0.000000 418.429979 0.067337 0.997730 0.000000 29.710596 0.000000 0.000000 1.000000 0.000000
0.997864 -0.065320 0.000000 421.970262 0.065320 0.997864 0.000000 29.919647 0.000000 0.000000 1.000000 0.000000
0.997650 -0.068512 0.000000 425.270347 0.068512 0.997650 0.000000 30.115461 0.000000 0.000000 1.000000 0.000000
0.997536 -0.070162 0.000000 428.323707 0.070162 0.997536 0.000000 30.305262 0.000000 0.000000 1.000000 0.000000
0.998551 -0.053807 0.000000 433.515951 0.053807 0.998551 0.000000 30.595601 0.000000 0.000000 1.000000 0.000000
0.999013 -0.044416 0.000000 434.639795 0.044416 0.999013 0.000000 30.630237 0.000000 0.000000 1.000000 0.000000
0.999981 0.006179 0.000000 436.719511 -0.006179 0.999981 -0.000000 30.616984 -0.000000 0.000000 1.000000 0.000000
0.996068 0.088590 0.000000 438.698214 -0.088590 0.996068 -0.000000 30.441565 -0.000000 0.000000 1.000000 0.000000
0.979656 0.200682 0.000000 440.592107 -0.200682 0.979656 -0.000000 30.064895 -0.000000 0.000000 1.000000 0.000000
0.942213 0.335014 0.000000 442.363511 -0.335014 0.942213 -0.000000 29.449480 -0.000000 0.000000 1.000000 0.000000
0.881210 0.472725 0.000000 444.012725 -0.472725 0.881210 -0.000000 28.575114 -0.000000 0.000000 1.000000 0.000000
0.803134 0.595798 0.000000 445.393797 -0.595798 0.803134 -0.000000 27.557318 -0.000000 0.000000 1.000000 0.000000
0.716193 0.697903 0.000000 446.378411 -0.697903 0.716193 -0.000000 26.566585 -0.000000 0.000000 1.000000 0.000000
0.583876 0.811843 0.000000 447.294675 -0.811843 0.583876 -0.000000 25.262883 -0.000000 0.000000 1.000000 0.000000
0.567651 0.823269 0.000000 447.379465 -0.823269 0.567651 -0.000000 25.098532 -0.000000 0.000000 1.000000 0.000000
0.548181 0.836360 0.000000 447.475558 -0.836360 0.548181 -0.000000 24.927641 -0.000000 0.000000 1.000000 0.000000
0.539975 0.841681 0.000000 447.514318 -0.841681 0.539975 -0.000000 24.850530 -0.000000 0.000000 1.000000 0.000000
0.537280 0.843404 0.000000 447.528189 -0.843404 0.537280 -0.000000 24.816944 -0.000000 0.000000 1.000000 0.000000
0.537208 0.843450 0.000000 447.526693 -0.843450 0.537208 -0.000000 24.817312 -0.000000 0.000000 1.000000 0.000000
0.537188 0.843463 0.000000 447.528948 -0.843463 0.537188 -0.000000 24.815721 -0.000000 0.000000 1.000000 0.000000
0.537124 0.843503 0.000000 447.529301 -0.843503 0.537124 -0.000000 24.814947 -0.000000 0.000000 1.000000 0.000000
0.533958 0.845511 0.000000 447.541943 -0.845511 0.533958 -0.000000 24.788472 -0.000000 0.000000 1.000000 0.000000
0.495271 0.868739 0.000000 447.691753 -0.868739 0.495271 -0.000000 24.457044 -0.000000 0.000000 1.000000 0.000000
0.476567 0.879138 0.000000 447.749567 -0.879138 0.476567 -0.000000 24.316287 -0.000000 0.000000 1.000000 0.000000
0.422128 0.906536 0.000000 447.889159 -0.906536 0.422128 -0.000000 23.915355 -0.000000 0.000000 1.000000 0.000000
0.330951 0.943648 0.000000 448.044006 -0.943648 0.330951 -0.000000 23.300304 -0.000000 0.000000 1.000000 0.000000
0.191220 0.981547 0.000000 448.169338 -0.981547 0.191220 -0.000000 22.374696 -0.000000 0.000000 1.000000 0.000000
0.011071 0.999939 0.000000 448.139163 -0.999939 0.011071 -0.000000 21.185051 -0.000000 0.000000 1.000000 0.000000
-0.193146 0.981170 0.000000 447.833962 -0.981170 -0.193146 -0.000000 19.843129 -0.000000 0.000000 1.000000 0.000000
-0.395155 0.918614 0.000000 447.167844 -0.918614 -0.395155 -0.000000 18.325926 -0.000000 0.000000 1.000000 0.000000
-0.571903 0.820321 0.000000 446.052294 -0.820321 -0.571903 -0.000000 16.710103 -0.000000 0.000000 1.000000 0.000000
-0.798976 0.601364 0.000000 442.504405 -0.601364 -0.798976 0.000000 13.551581 0.000000 0.000000 1.000000 0.000000
-0.827780 0.561052 0.000000 441.330098 -0.561052 -0.827780 0.000000 12.764836 0.000000 0.000000 1.000000 0.000000
-0.859705 0.510791 0.000000 438.798740 -0.510791 -0.859705 0.000000 11.237931 0.000000 0.000000 1.000000 0.000000
-0.874909 0.484287 0.000000 436.140209 -0.484287 -0.874909 0.000000 9.764645 0.000000 0.000000 1.000000 0.000000
-0.885785 0.464096 0.000000 433.124701 -0.464096 -0.885785 0.000000 8.183604 0.000000 0.000000 1.000000 0.000000
-0.889434 0.457064 0.000000 429.941729 -0.457064 -0.889434 0.000000 6.566688 0.000000 0.000000 1.000000 0.000000
-0.890227 0.455518 0.000000 426.530206 -0.455518 -0.890227 0.000000 4.843750 0.000000 0.000000 1.000000 0.000000
-0.890475 0.455032 0.000000 422.990855 -0.455032 -0.890475 0.000000 3.070276 0.000000 0.000000 1.000000 0.000000
-0.891141 0.453727 0.000000 419.358735 -0.453727 -0.891141 0.000000 1.237316 0.000000 0.000000 1.000000 0.000000
-0.897748 0.440509 0.000000 412.060132 -0.440509 -0.897748 0.000000 -2.337467 0.000000 0.000000 1.000000 0.000000
-0.899562 0.436793 0.000000 410.222819 -0.436793 -0.899562 0.000000 -3.222629 0.000000 0.000000 1.000000 0.000000
-0.902695 0.430281 0.000000 406.531630 -0.430281 -0.902695 0.000000 -4.968779 0.000000 0.000000 1.000000 0.000000
-0.903124 0.429380 0.000000 402.967917 -0.429380 -0.903124 0.000000 -6.642652 0.000000 0.000000 1.000000 0.000000
-0.900710 0.434420 0.000000 399.459600 -0.434420 -0.900710 0.000000 -8.310712 0.000000 0.000000 1.000000 0.000000
-0.898561 0.438849 0.000000 396.157240 -0.438849 -0.898561 0.000000 -9.898172 0.000000 0.000000 1.000000 0.000000
-0.897836 0.440330 0.000000 393.101752 -0.440330 -0.897836 0.000000 -11.378366 0.000000 0.000000 1.000000 0.000000
-0.897553 0.440907 0.000000 390.278450 -0.440907 -0.897553 0.000000 -12.755684 0.000000 0.000000 1.000000 0.000000
-0.897915 0.440168 0.000000 387.714714 -0.440168 -0.897915 0.000000 -14.004480 0.000000 0.000000 1.000000 0.000000
-0.899795 0.436313 0.000000 383.559988 -0.436313 -0.899795 0.000000 -16.007566 0.000000 0.000000 1.000000 0.000000
-0.900634 0.434578 0.000000 382.680110 -0.434578 -0.900634 0.000000 -16.427245 0.000000 0.000000 1.000000 0.000000
-0.901387 0.433015 0.000000 381.182586 -0.433015 -0.901387 0.000000 -17.140541 0.000000 0.000000 1.000000 0.000000
-0.902892 0.429868 0.000000 379.952992 -0.429868 -0.902892 0.000000 -17.722367 0.000000 0.000000 1.000000 0.000000
-0.904348 0.426797 0.000000 378.843131 -0.426797 -0.904348 0.000000 -18.243068 0.000000 0.000000 1.000000 0.000000
-0.905463 0.424425 0.000000 377.825502 -0.424425 -0.905463 0.000000 -18.713978 0.000000 0.000000 1.000000 0.000000
-0.906512 0.422180 0.000000 376.864499 -0.422180 -0.906512 0.000000 -19.157978 0.000000 0.000000 1.000000 0.000000
-0.907638 0.419753 0.000000 375.787602 -0.419753 -0.907638 0.000000 -19.651290 0.000000 0.000000 1.000000 0.000000
-0.908810 0.417210 0.000000 374.535906 -0.417210 -0.908810 0.000000 -20.221376 0.000000 0.000000 1.000000 0.000000
-0.911503 0.411293 0.000000 371.456410 -0.411293 -0.911503 0.000000 -21.604983 0.000000 0.000000 1.000000 0.000000
-0.912164 0.409824 0.000000 370.588541 -0.409824 -0.912164 0.000000 -21.993948 0.000000 0.000000 1.000000 0.000000
-0.913352 0.407170 0.000000 368.595120 -0.407170 -0.913352 0.000000 -22.876177 0.000000 0.000000 1.000000 0.000000
-0.914545 0.404483 0.000000 366.434616 -0.404483 -0.914545 0.000000 -23.824879 0.000000 0.000000 1.000000 0.000000
-0.916078 0.401000 0.000000 364.091226 -0.401000 -0.916078 0.000000 -24.840862 0.000000 0.000000 1.000000 0.000000
-0.917368 0.398039 0.000000 361.504825 -0.398039 -0.917368 0.000000 -25.962558 0.000000 0.000000 1.000000 0.000000
-0.919044 0.394154 0.000000 358.713575 -0.394154 -0.919044 0.000000 -27.152491 0.000000 0.000000 1.000000 0.000000
-0.920584 0.390545 0.000000 355.755752 -0.390545 -0.920584 0.000000 -28.395754 0.000000 0.000000 1.000000 0.000000
-0.922029 0.387120 0.000000 352.606283 -0.387120 -0.922029 0.000000 -29.690378 0.000000 0.000000 1.000000 0.000000
-0.928546 0.371217 0.000000 345.862477 -0.371217 -0.928546 0.000000 -32.420657 0.000000 0.000000 1.000000 0.000000
-0.931072 0.364835 0.000000 344.141431 -0.364835 -0.931072 0.000000 -33.086364 0.000000 0.000000 1.000000 0.000000
-0.936437 0.350835 0.000000 340.561580 -0.350835 -0.936437 0.000000 -34.429065 0.000000 0.000000 1.000000 0.000000
-0.942156 0.335176 0.000000 336.709867 -0.335176 -0.942156 0.000000 -35.820110 0.000000 0.000000 1.000000 0.000000
-0.947206 0.320624 0.000000 332.932027 -0.320624 -0.947206 0.000000 -37.102409 0.000000 0.000000 1.000000 0.000000
-0.951748 0.306881 0.000000 328.842819 -0.306881 -0.951748 0.000000 -38.418111 0.000000 0.000000 1.000000 0.000000
-0.952962 0.303090 0.000000 324.864840 -0.303090 -0.952962 0.000000 -39.663596 0.000000 0.000000 1.000000 0.000000
-0.952656 0.304050 0.000000 320.713292 -0.304050 -0.952656 0.000000 -40.965483 0.000000 0.000000 1.000000 0.000000
-0.953458 0.301526 0.000000 316.515917 -0.301526 -0.953458 0.000000 -42.276032 0.000000 0.000000 1.000000 0.000000
-0.951292 0.308291 0.000000 308.089828 -0.308291 -0.951292 0.000000 -44.952578 0.000000 0.000000 1.000000 0.000000
-0.950328 0.311251 0.000000 306.017466 -0.311251 -0.950328 0.000000 -45.621917 0.000000 0.000000 1.000000 0.000000
-0.948567 0.316577 0.000000 301.731545 -0.316577 -0.948567 0.000000 -47.031960 0.000000 0.000000 1.000000 0.000000
-0.946079 0.323935 0.000000 297.442393 -0.323935 -0.946079 0.000000 -48.473187 0.000000 0.000000 1.000000 0.000000
-0.943167 0.332318 0.000000 293.128502 -0.332318 -0.943167 0.000000 -49.960418 0.000000 0.000000 1.000000 0.000000
-0.940347 0.340217 0.000000 288.508835 -0.340217 -0.940347 0.000000 -51.604651 0.000000 0.000000 1.000000 0.000000
-0.938154 0.346218 0.000000 284.026697 -0.346218 -0.938154 0.000000 -53.241308 0.000000 0.000000 1.000000 0.000000
-0.936797 0.349872 0.000000 279.600103 -0.349872 -0.936797 0.000000 -54.857860 0.000000 0.000000 1.000000 0.000000
-0.934513 0.355928 0.000000 275.022701 -0.355928 -0.934513 0.000000 -56.582833 0.000000 0.000000 1.000000 0.000000
-0.929915 0.367774 0.000000 265.656466 -0.367774 -0.929915 0.000000 -60.211426 0.000000 0.000000 1.000000 0.000000
-0.929127 0.369761 0.000000 263.282910 -0.369761 -0.929127 0.000000 -61.148168 0.000000 0.000000 1.000000 0.000000
-0.927556 0.373683 0.000000 258.460785 -0.373683 -0.927556 0.000000 -63.067362 0.000000 0.000000 1.000000 0.000000
-0.925005 0.379956 0.000000 253.755385 -0.379956 -0.925005 0.000000 -64.951948 0.000000 0.000000 1.000000 0.000000
-0.924171 0.381979 0.000000 249.153833 -0.381979 -0.924171 0.000000 -66.831806 0.000000 0.000000 1.000000 0.000000
-0.923130 0.384488 0.000000 244.626716 -0.384488 -0.923130 0.000000 -68.696401 0.000000 0.000000 1.000000 0.000000
-0.919466 0.393170 0.000000 240.215439 -0.393170 -0.919466 0.000000 -70.545501 0.000000 0.000000 1.000000 0.000000
-0.917112 0.398629 0.000000 235.944077 -0.398629 -0.917112 0.000000 -72.378184 0.000000 0.000000 1.000000 0.000000
-0.917476 0.397792 0.000000 231.556272 -0.397792 -0.917476 0.000000 -74.278350 0.000000 0.000000 1.000000 0.000000
-0.919671 0.392689 0.000000 222.984641 -0.392689 -0.919671 0.000000 -77.915395 0.000000 0.000000 1.000000 0.000000
-0.920724 0.390214 0.000000 220.888448 -0.390214 -0.920724 0.000000 -78.797127 0.000000 0.000000 1.000000 0.000000
-0.922952 0.384916 0.000000 216.672599 -0.384916 -0.922952 0.000000 -80.542690 0.000000 0.000000 1.000000 0.000000
-0.923912 0.382605 0.000000 212.460976 -0.382605 -0.923912 0.000000 -82.269885 0.000000 0.000000 1.000000 0.000000
-0.924857 0.380315 0.000000 208.243957 -0.380315 -0.924857 0.000000 -83.981557 0.000000 0.000000 1.000000 0.000000
-0.924949 0.380091 0.000000 203.932884 -0.380091 -0.924949 0.000000 -85.731371 0.000000 0.000000 1.000000 0.000000
-0.924660 0.380794 0.000000 199.642468 -0.380794 -0.924660 0.000000 -87.473689 0.000000 0.000000 1.000000 0.000000
-0.925544 0.378641 0.000000 195.368594 -0.378641 -0.925544 0.000000 -89.203858 0.000000 0.000000 1.000000 0.000000
-0.926235 0.376948 0.000000 191.185091 -0.376948 -0.926235 0.000000 -90.882332 0.000000 0.000000 1.000000 0.000000
-0.925940 0.377670 0.000000 182.491014 -0.377670 -0.925940 0.000000 -94.356874 0.000000 0.000000 1.000000 0.000000
-0.925676 0.378317 0.000000 180.490298 -0.378317 -0.925676 0.000000 -95.159495 0.000000 0.000000 1.000000 0.000000
-0.924569 0.381016 0.000000 176.372482 -0.381016 -0.924569 0.000000 -96.804535 0.000000 0.000000 1.000000 0.000000
-0.921857 0.387529 0.000000 172.295530 -0.387529 -0.921857 0.000000 -98.479615 0.000000 0.000000 1.000000 0.000000
-0.918729 0.394889 0.000000 168.269388 -0.394889 -0.918729 0.000000 -100.172471 0.000000 0.000000 1.000000 0.000000
-0.917789 0.397070 0.000000 164.331198 -0.397070 -0.917789 0.000000 -101.858667 0.000000 0.000000 1.000000 0.000000
-0.917815 0.397009 0.000000 160.533306 -0.397009 -0.917815 0.000000 -103.475127 0.000000 0.000000 1.000000 0.000000
-0.918797 0.394730 0.000000 156.779904 -0.394730 -0.918797 0.000000 -105.066922 0.000000 0.000000 1.000000 0.000000
-0.919802 0.392383 0.000000 153.234163 -0.392383 -0.919802 0.000000 -106.572797 0.000000 0.000000 1.000000 0.000000
-0.923451 0.383718 0.000000 146.514287 -0.383718 -0.923451 0.000000 -109.353741 0.000000 0.000000 1.000000 0.000000
-0.924689 0.380724 0.000000 144.935182 -0.380724 -0.924689 0.000000 -109.998496 0.000000 0.000000 1.000000 0.000000
-0.926456 0.376402 0.000000 141.877337 -0.376402 -0.926456 0.000000 -111.239787 0.000000 0.000000 1.000000 0.000000
-0.926584 0.376089 0.000000 138.884903 -0.376089 -0.926584 0.000000 -112.442630 0.000000 0.000000 1.000000 0.000000
-0.926495 0.376308 0.000000 135.961558 -0.376308 -0.926495 0.000000 -113.615702 0.000000 0.000000 1.000000 0.000000
-0.924543 0.381077 0.000000 133.078630 -0.381077 -0.924543 0.000000 -114.790003 0.000000 0.000000 1.000000 0.000000
-0.920357 0.391080 0.000000 130.247450 -0.391080 -0.920357 0.000000 -115.963101 0.000000 0.000000 1.000000 0.000000
-0.914236 0.405183 0.000000 127.495763 -0.405183 -0.914236 0.000000 -117.153045 0.000000 0.000000 1.000000 0.000000
-0.912820 0.408362 0.000000 124.813509 -0.408362 -0.912820 0.000000 -118.339808 0.000000 0.000000 1.000000 0.000000
-0.920295 0.391224 0.000000 119.546507 -0.391224 -0.920295 0.000000 -120.593517 0.000000 0.000000 1.000000 0.000000
-0.922818 0.385235 0.000000 118.258479 -0.385235 -0.922818 0.000000 -121.123366 0.000000 0.000000 1.000000 0.000000
-0.928123 0.372273 0.000000 115.723422 -0.372273 -0.928123 0.000000 -122.140331 0.000000 0.000000 1.000000 0.000000
-0.934545 0.355845 0.000000 113.243097 -0.355845 -0.934545 0.000000 -123.091514 0.000000 0.000000 1.000000 0.000000
-0.941869 0.335980 0.000000 110.785697 -0.335980 -0.941869 0.000000 -123.973679 0.000000 0.000000 1.000000 0.000000
-0.949733 0.313062 0.000000 108.388198 -0.313062 -0.949733 0.000000 -124.769029 0.000000 0.000000 1.000000 0.000000
-0.955139 0.296158 0.000000 106.018284 -0.296158 -0.955139 0.000000 -125.502202 0.000000 0.000000 1.000000 0.000000
-0.956387 0.292104 0.000000 103.816730 -0.292104 -0.956387 0.000000 -126.160812 0.000000 0.000000 1.000000 0.000000
-0.956273 0.292476 0.000000 101.901109 -0.292476 -0.956273 0.000000 -126.735193 0.000000 0.000000 1.000000 0.000000
-0.954159 0.299301 0.000000 98.775503 -0.299301 -0.954159 0.000000 -127.687004 0.000000 0.000000 1.000000 0.000000
-0.953770 0.300538 0.000000 98.169956 -0.300538 -0.953770 0.000000 -127.879103 0.000000 0.000000 1.000000 0.000000
-0.953197 0.302350 0.000000 97.272162 -0.302350 -0.953197 0.000000 -128.161490 0.000000 0.000000 1.000000 0.000000
-0.953069 0.302755 0.000000 96.755284 -0.302755 -0.953069 0.000000 -128.322605 0.000000 0.000000 1.000000 0.000000
-0.952946 0.303141 0.000000 96.478484 -0.303141 -0.952946 0.000000 -128.409852 0.000000 0.000000 1.000000 0.000000
-0.952873 0.303369 0.000000 96.366918 -0.303369 -0.952873 0.000000 -128.446282 0.000000 0.000000 1.000000 0.000000
-0.952795 0.303615 0.000000 96.235058 -0.303615 -0.952795 0.000000 -128.487912 0.000000 0.000000 1.000000 0.000000
-0.952783 0.303653 0.000000 96.042055 -0.303653 -0.952783 0.000000 -128.548681 0.000000 0.000000 1.000000 0.000000
-0.952755 0.303739 0.000000 95.792674 -0.303739 -0.952755 0.000000 -128.628188 0.000000 0.000000 1.000000 0.000000
-0.952500 0.304539 0.000000 95.397314 -0.304539 -0.952500 0.000000 -128.753840 0.000000 0.000000 1.000000 0.000000
-0.952470 0.304633 0.000000 95.320506 -0.304633 -0.952470 0.000000 -128.778310 0.000000 0.000000 1.000000 0.000000
-0.952535 0.304431 0.000000 95.141049 -0.304431 -0.952535 0.000000 -128.836186 0.000000 0.000000 1.000000 0.000000
-0.952203 0.305467 0.000000 95.041497 -0.305467 -0.952203 0.000000 -128.866898 0.000000 0.000000 1.000000 0.000000
-0.952115 0.305740 0.000000 94.910550 -0.305740 -0.952115 0.000000 -128.908523 0.000000 0.000000 1.000000 0.000000
-0.952037 0.305982 0.000000 94.824923 -0.305982 -0.952037 0.000000 -128.936354 0.000000 0.000000 1.000000 0.000000
-0.952042 0.305968 0.000000 94.767990 -0.305968 -0.952042 0.000000 -128.955888 0.000000 0.000000 1.000000 0.000000
-0.952046 0.305955 0.000000 94.758630 -0.305955 -0.952046 0.000000 -128.958931 0.000000 0.000000 1.000000 0.000000
-0.952065 0.305897 0.000000 94.753839 -0.305897 -0.952065 0.000000 -128.960381 0.000000 0.000000 1.000000 0.000000
-0.952103 0.305778 0.000000 94.743849 -0.305778 -0.952103 0.000000 -128.963575 0.000000 0.000000 1.000000 0.000000
-0.952105 0.305772 0.000000 94.741288 -0.305772 -0.952105 0.000000 -128.964357 0.000000 0.000000 1.000000 0.000000
-0.952117 0.305735 0.000000 94.736463 -0.305735 -0.952117 0.000000 -128.965949 0.000000 0.000000 1.000000 0.000000
-0.952130 0.305694 0.000000 94.731373 -0.305694 -0.952130 0.000000 -128.967543 0.000000 0.000000 1.000000 0.000000
-0.952135 0.305677 0.000000 94.726291 -0.305677 -0.952135 0.000000 -128.969017 0.000000 0.000000 1.000000 0.000000
-0.952145 0.305647 0.000000 94.721071 -0.305647 -0.952145 0.000000 -128.970511 0.000000 0.000000 1.000000 0.000000
-0.952159 0.305604 0.000000 94.715954 -0.305604 -0.952159 0.000000 -128.972079 0.000000 0.000000 1.000000 0.000000
-0.952174 0.305556 0.000000 94.710933 -0.305556 -0.952174 0.000000 -128.973672 0.000000 0.000000 1.000000 0.000000
-0.952189 0.305510 0.000000 94.705891 -0.305510 -0.952189 0.000000 -128.975232 0.000000 0.000000 1.000000 0.000000
-0.952217 0.305423 0.000000 94.695450 -0.305423 -0.952217 0.000000 -128.978392 0.000000 0.000000 1.000000 0.000000
-0.952225 0.305396 0.000000 94.692828 -0.305396 -0.952225 0.000000 -128.979210 0.000000 0.000000 1.000000 0.000000
-0.952242 0.305343 0.000000 94.687671 -0.305343 -0.952242 0.000000 -128.980808 0.000000 0.000000 1.000000 0.000000
-0.952254 0.305306 0.000000 94.682665 -0.305306 -0.952254 0.000000 -128.982348 0.000000 0.000000 1.000000 0.000000
-0.952276 0.305238 0.000000 94.677442 -0.305238 -0.952276 0.000000 -128.983954 0.000000 0.000000 1.000000 0.000000
-0.952292 0.305188 0.000000 94.672380 -0.305188 -0.952292 0.000000 -128.985562 0.000000 0.000000 1.000000 0.000000
-0.952305 0.305149 0.000000 94.667397 -0.305149 -0.952305 0.000000 -128.987116 0.000000 0.000000 1.000000 0.000000
-0.952318 0.305106 0.000000 94.662281 -0.305106 -0.952318 0.000000 -128.988706 0.000000 0.000000 1.000000 0.000000
-0.952329 0.305073 0.000000 94.657205 -0.305073 -0.952329 0.000000 -128.990283 0.000000 0.000000 1.000000 0.000000
-0.952369 0.304947 0.000000 94.646914 -0.304947 -0.952369 0.000000 -128.993529 0.000000 0.000000 1.000000 0.000000
-0.952373 0.304935 0.000000 94.644260 -0.304935 -0.952373 0.000000 -128.994309 0.000000 0.000000 1.000000 0.000000
-0.952390 0.304882 0.000000 94.638423 -0.304882 -0.952390 0.000000 -128.996082 0.000000 0.000000 1.000000 0.000000
-0.952410 0.304820 0.000000 94.633496 -0.304820 -0.952410 0.000000 -128.997640 0.000000 0.000000 1.000000 0.000000
-0.952420 0.304788 0.000000 94.628391 -0.304788 -0.952420 0.000000 -128.999239 0.000000 0.000000 1.000000 0.000000
-0.952438 0.304732 0.000000 94.623335 -0.304732 -0.952438 0.000000 -129.000753 0.000000 0.000000 1.000000 0.000000
-0.952455 0.304678 0.000000 94.618230 -0.304678 -0.952455 0.000000 -129.002336 0.000000 0.000000 1.000000 0.000000
-0.952462 0.304656 0.000000 94.612953 -0.304656 -0.952462 0.000000 -129.003923 0.000000 0.000000 1.000000 0.000000
-0.952477 0.304612 0.000000 94.607925 -0.304612 -0.952477 0.000000 -129.005375 0.000000 0.000000 1.000000 0.000000
-0.952497 0.304547 0.000000 94.597856 -0.304547 -0.952497 0.000000 -129.008280 0.000000 0.000000 1.000000 0.000000
-0.952512 0.304501 0.000000 94.595413 -0.304501 -0.952512 0.000000 -129.008985 0.000000 0.000000 1.000000 0.000000
-0.952532 0.304439 0.000000 94.590447 -0.304439 -0.952532 0.000000 -129.010296 0.000000 0.000000 1.000000 0.000000
-0.952559 0.304354 0.000000 94.585657 -0.304354 -0.952559 0.000000 -129.011789 0.000000 0.000000 1.000000 0.000000
-0.952578 0.304293 0.000000 94.581335 -0.304293 -0.952578 0.000000 -129.012993 0.000000 0.000000 1.000000 0.000000
-0.952599 0.304228 0.000000 94.576091 -0.304228 -0.952599 0.000000 -129.014564 0.000000 0.000000 1.000000 0.000000
-0.952619 0.304166 0.000000 94.570911 -0.304166 -0.952619 0.000000 -129.016009 0.000000 0.000000 1.000000 0.000000
-0.952631 0.304129 0.000000 94.565758 -0.304129 -0.952631 0.000000 -129.017476 0.000000 0.000000 1.000000 0.000000
-0.952646 0.304081 0.000000 94.560682 -0.304081 -0.952646 0.000000 -129.018826 0.000000 0.000000 1.000000 0.000000
-0.952682 0.303970 0.000000 94.550752 -0.303970 -0.952682 0.000000 -129.021824 0.000000 0.000000 1.000000 0.000000
-0.952691 0.303939 0.000000 94.548430 -0.303939 -0.952691 0.000000 -129.022577 0.000000 0.000000 1.000000 0.000000
-0.952702 0.303905 0.000000 94.543300 -0.303905 -0.952702 0.000000 -129.024137 0.000000 0.000000 1.000000 0.000000
-0.952711 0.303877 0.000000 94.538206 -0.303877 -0.952711 0.000000 -129.025588 0.000000 0.000000 1.000000 0.000000
-0.952719 0.303853 0.000000 94.533268 -0.303853 -0.952719 0.000000 -129.026917 0.000000 0.000000 1.000000 0.000000
-0.952732 0.303810 0.000000 94.528235 -0.303810 -0.952732 0.000000 -129.028442 0.000000 0.000000 1.000000 0.000000
-0.952743 0.303776 0.000000 94.523296 -0.303776 -0.952743 0.000000 -129.029978 0.000000 0.000000 1.000000 0.000000
-0.952747 0.303764 0.000000 94.521604 -0.303764 -0.952747 0.000000 -129.030785 0.000000 0.000000 1.000000 0.000000
-0.952743 0.303776 0.000000 94.520802 -0.303776 -0.952743 0.000000 -129.031226 0.000000 0.000000 1.000000 0.000000
-0.952741 0.303785 0.000000 94.519201 -0.303785 -0.952741 0.000000 -129.031985 0.000000 0.000000 1.000000 0.000000
-0.952743 0.303779 0.000000 94.518789 -0.303779 -0.952743 0.000000 -129.032215 0.000000 0.000000 1.000000 0.000000
-0.952749 0.303757 0.000000 94.518114 -0.303757 -0.952749 0.000000 -129.032718 0.000000 0.000000 1.000000 0.000000
-0.952753 0.303747 0.000000 94.517261 -0.303747 -0.952753 0.000000 -129.033095 0.000000 0.000000 1.000000 0.000000
-0.952754 0.303743 0.000000 94.516476 -0.303743 -0.952754 0.000000 -129.033612 0.000000 0.000000 1.000000 0.000000
