1.000000 -0.000008 0.000000 0.000533 0.000008 1.000000 0.000000 0.000212 0.000000 0.000000 1.000000 0.000000
1.000000 -0.000015 0.000000 0.000679 0.000015 1.000000 0.000000 0.000288 0.000000 0.000000 1.000000 0.000000
1.000000 -0.000026 0.000000 0.000723 0.000026 1.000000 0.000000 0.000329 0.000000 0.000000 1.000000 0.000000
1.000000 -0.000034 0.000000 0.000730 0.000034 1.000000 0.000000 0.000299 0.000000 0.000000 1.000000 0.000000
1.000000 -0.000034 0.000000 0.001098 0.000034 1.000000 0.000000 0.000333 0.000000 0.000000 1.000000 0.000000
1.000000 -0.000030 0.000000 0.001045 0.000030 1.000000 0.000000 0.000352 0.000000 0.000000 1.000000 0.000000
1.000000 -0.000028 0.000000 0.001318 0.000028 1.000000 0.000000 0.000349 0.000000 0.000000 1.000000 0.000000
1.000000 -0.000041 0.000000 0.001442 0.000041 1.000000 0.000000 0.000355 0.000000 0.000000 1.000000 0.000000
1.000000 -0.000053 0.000000 0.001190 0.000053 1.000000 0.000000 0.000422 0.000000 0.000000 1.000000 0.000000
1.000000 -0.000067 0.000000 0.001316 0.000067 1.000000 0.000000 0.000456 0.000000 0.000000 1.000000 0.000000
1.000000 -0.000066 0.000000 0.001582 0.000066 1.000000 0.000000 0.000551 0.000000 0.000000 1.000000 0.000000
1.000000 -0.000072 0.000000 0.001736 0.000072 1.000000 0.000000 0.000606 0.000000 0.000000 1.000000 0.000000
1.000000 -0.000080 0.000000 0.001937 0.000080 1.000000 0.000000 0.000592 0.000000 0.000000 1.000000 0.000000
1.000000 -0.000081 0.000000 0.002114 0.000081 1.000000 0.000000 0.000600 0.000000 0.000000 1.000000 0.000000
1.000000 -0.000079 0.000000 0.002269 0.000079 1.000000 0.000000 0.000706 0.000000 0.000000 1.000000 0.000000
1.000000 -0.000087 0.000000 0.002661 0.000087 1.000000 0.000000 0.000748 0.000000 0.000000 1.000000 0.000000
1.000000 -0.000102 0.000000 0.002710 0.000102 1.000000 0.000000 0.000757 0.000000 0.000000 1.000000 0.000000
1.000000 -0.000109 0.000000 0.002644 0.000109 1.000000 0.000000 0.000851 0.000000 0.000000 1.000000 0.000000
1.000000 -0.000120 0.000000 0.002614 0.000120 1.000000 0.000000 0.000855 0.000000 0.000000 1.000000 0.000000
1.000000 -0.000121 0.000000 0.002576 0.000121 1.000000 0.000000 0.000881 0.000000 0.000000 1.000000 0.000000
1.000000 -0.000122 0.000000 0.002592 0.000122 1.000000 0.000000 0.000941 0.000000 0.000000 1.000000 0.000000
1.000000 -0.000130 0.000000 0.002664 0.000130 1.000000 0.000000 0.000942 0.000000 0.000000 1.000000 0.000000
1.000000 -0.000131 0.000000 0.002850 0.000131 1.000000 0.000000 0.000954 0.000000 0.000000 1.000000 0.000000
1.000000 -0.000134 0.000000 0.002894 0.000134 1.000000 0.000000 0.001003 0.000000 0.000000 1.000000 0.000000
1.000000 -0.000148 0.000000 0.002971 0.000148 1.000000 0.000000 0.000982 0.000000 0.000000 1.000000 0.000000
1.000000 -0.000155 0.000000 0.002983 0.000155 1.000000 0.000000 0.000994 0.000000 0.000000 1.000000 0.000000
1.000000 -0.000163 0.000000 0.003098 0.000163 1.000000 0.000000 0.001022 0.000000 0.000000 1.000000 0.000000
1.000000 -0.000166 0.000000 0.003083 0.000166 1.000000 0.000000 0.001079 0.000000 0.000000 1.000000 0.000000
1.000000 -0.000168 0.000000 0.003241 0.000168 1.000000 0.000000 0.001104 0.000000 0.000000 1.000000 0.000000
1.000000 -0.000172 0.000000 0.003107 0.000172 1.000000 0.000000 0.001199 0.000000 0.000000 1.000000 0.000000
1.000000 -0.000178 0.000000 0.003008 0.000178 1.000000 0.000000 0.001246 0.000000 0.000000 1.000000 0.000000
1.000000 -0.000169 0.000000 0.002640 0.000169 1.000000 0.000000 0.001636 0.000000 0.000000 1.000000 0.000000
1.000000 -0.000171 0.000000 0.002737 0.000171 1.000000 0.000000 0.001660 0.000000 0.000000 1.000000 0.000000
1.000000 -0.000177 0.000000 0.002895 0.000177 1.000000 0.000000 0.001695 0.000000 0.000000 1.000000 0.000000
1.000000 -0.000188 0.000000 0.002939 0.000188 1.000000 0.000000 0.001709 0.000000 0.000000 1.000000 0.000000
1.000000 -0.000198 0.000000 0.003031 0.000198 1.000000 0.000000 0.001716 0.000000 0.000000 1.000000 0.000000
1.000000 -0.000197 0.000000 0.003077 0.000197 1.000000 0.000000 0.001750 0.000000 0.000000 1.000000 0.000000
1.000000 -0.000208 0.000000 0.002902 0.000208 1.000000 0.000000 0.001752 0.000000 0.000000 1.000000 0.000000
1.000000 -0.000219 0.000000 0.003089 0.000219 1.000000 0.000000 0.001774 0.000000 0.000000 1.000000 0.000000
1.000000 -0.000226 0.000000 0.003005 0.000226 1.000000 0.000000 0.001780 0.000000 0.000000 1.000000 0.000000
1.000000 -0.000230 0.000000 0.003200 0.000230 1.000000 0.000000 0.001765 0.000000 0.000000 1.000000 0.000000
1.000000 -0.000228 0.000000 0.004145 0.000228 1.000000 0.000000 0.001617 0.000000 0.000000 1.000000 0.000000
1.000000 -0.000229 0.000000 0.004249 0.000229 1.000000 0.000000 0.001639 0.000000 0.000000 1.000000 0.000000
1.000000 -0.000237 0.000000 0.004290 0.000237 1.000000 0.000000 0.001655 0.000000 0.000000 1.000000 0.000000
1.000000 -0.000245 0.000000 0.004522 0.000245 1.000000 0.000000 0.001664 0.000000 0.000000 1.000000 0.000000
1.000000 -0.000244 0.000000 0.004647 0.000244 1.000000 0.000000 0.001715 0.000000 0.000000 1.000000 0.000000
1.000000 -0.000243 0.000000 0.004778 0.000243 1.000000 0.000000 0.001751 0.000000 0.000000 1.000000 0.000000
1.000000 -0.000247 0.000000 0.004830 0.000247 1.000000 0.000000 0.001815 0.000000 0.000000 1.000000 0.000000
1.000000 -0.000259 0.000000 0.004936 0.000259 1.000000 0.000000 0.001835 0.000000 0.000000 1.000000 0.000000
1.000000 -0.000282 0.000000 0.005159 0.000282 1.000000 0.000000 0.001835 0.000000 0.000000 1.000000 0.000000
1.000000 -0.000293 0.000000 0.005242 0.000293 1.000000 0.000000 0.001881 0.000000 0.000000 1.000000 0.000000
1.000000 -0.000289 0.000000 0.005283 0.000289 1.000000 0.000000 0.001962 0.000000 0.000000 1.000000 0.000000
1.000000 -0.000280 0.000000 0.005398 0.000280 1.000000 0.000000 0.002065 0.000000 0.000000 1.000000 0.000000
1.000000 -0.000292 0.000000 0.005403 0.000292 1.000000 0.000000 0.002098 0.000000 0.000000 1.000000 0.000000
1.000000 -0.000301 0.000000 0.005492 0.000301 1.000000 0.000000 0.002118 0.000000 0.000000 1.000000 0.000000
1.000000 -0.000317 0.000000 0.005519 0.000317 1.000000 0.000000 0.002092 0.000000 0.000000 1.000000 0.000000
1.000000 -0.000317 0.000000 0.005608 0.000317 1.000000 0.000000 0.002138 0.000000 0.000000 1.000000 0.000000
1.000000 -0.000320 0.000000 0.005792 0.000320 1.000000 0.000000 0.002157 0.000000 0.000000 1.000000 0.000000
1.000000 -0.000325 0.000000 0.005787 0.000325 1.000000 0.000000 0.002220 0.000000 0.000000 1.000000 0.000000
1.000000 -0.000331 0.000000 0.005871 0.000331 1.000000 0.000000 0.002241 0.000000 0.000000 1.000000 0.000000
1.000000 -0.000346 0.000000 0.005956 0.000346 1.000000 0.000000 0.002191 0.000000 0.000000 1.000000 0.000000
1.000000 -0.000346 0.000000 0.005925 0.000346 1.000000 0.000000 0.002222 0.000000 0.000000 1.000000 0.000000
1.000000 -0.000344 0.000000 0.006131 0.000344 1.000000 0.000000 0.002259 0.000000 0.000000 1.000000 0.000000
1.000000 -0.000351 0.000000 0.006219 0.000351 1.000000 0.000000 0.002292 0.000000 0.000000 1.000000 0.000000
1.000000 -0.000350 0.000000 0.006198 0.000350 1.000000 0.000000 0.002349 0.000000 0.000000 1.000000 0.000000
1.000000 -0.000357 0.000000 0.006291 0.000357 1.000000 0.000000 0.002376 0.000000 0.000000 1.000000 0.000000
1.000000 -0.000369 0.000000 0.006378 0.000369 1.000000 0.000000 0.002401 0.000000 0.000000 1.000000 0.000000
1.000000 -0.000375 0.000000 0.006449 0.000375 1.000000 0.000000 0.002449 0.000000 0.000000 1.000000 0.000000
1.000000 -0.000388 0.000000 0.006611 0.000388 1.000000 0.000000 0.002480 0.000000 0.000000 1.000000 0.000000
1.000000 -0.000390 0.000000 0.006749 0.000390 1.000000 0.000000 0.002496 0.000000 0.000000 1.000000 0.000000
1.000000 -0.000392 0.000000 0.006884 0.000392 1.000000 0.000000 0.002509 0.000000 0.000000 1.000000 0.000000
1.000000 -0.000399 0.000000 0.007285 0.000399 1.000000 0.000000 0.002493 0.000000 0.000000 1.000000 0.000000
1.000000 -0.000404 0.000000 0.007222 0.000404 1.000000 0.000000 0.002572 0.000000 0.000000 1.000000 0.000000
1.000000 -0.000408 0.000000 0.007197 0.000408 1.000000 0.000000 0.002583 0.000000 0.000000 1.000000 0.000000
1.000000 -0.000417 0.000000 0.007258 0.000417 1.000000 0.000000 0.002630 0.000000 0.000000 1.000000 0.000000
1.000000 -0.000430 0.000000 0.007280 0.000430 1.000000 0.000000 0.002638 0.000000 0.000000 1.000000 0.000000
1.000000 -0.000442 0.000000 0.007361 0.000442 1.000000 0.000000 0.002691 0.000000 0.000000 1.000000 0.000000
1.000000 -0.000449 0.000000 0.007388 0.000449 1.000000 0.000000 0.002741 0.000000 0.000000 1.000000 0.000000
1.000000 -0.000454 0.000000 0.007376 0.000454 1.000000 0.000000 0.002759 0.000000 0.000000 1.000000 0.000000
1.000000 -0.000458 0.000000 0.007425 0.000458 1.000000 0.000000 0.002795 0.000000 0.000000 1.000000 0.000000
1.000000 -0.000472 0.000000 0.007284 0.000472 1.000000 0.000000 0.002839 0.000000 0.000000 1.000000 0.000000
1.000000 -0.000479 0.000000 0.007425 0.000479 1.000000 0.000000 0.002883 0.000000 0.000000 1.000000 0.000000
1.000000 -0.000495 0.000000 0.007443 0.000495 1.000000 0.000000 0.002893 0.000000 0.000000 1.000000 0.000000
1.000000 -0.000506 0.000000 0.007437 0.000506 1.000000 0.000000 0.002929 0.000000 0.000000 1.000000 0.000000
1.000000 -0.000514 0.000000 0.007306 0.000514 1.000000 0.000000 0.002992 0.000000 0.000000 1.000000 0.000000
1.000000 -0.000520 0.000000 0.007349 0.000520 1.000000 0.000000 0.003021 0.000000 0.000000 1.000000 0.000000
1.000000 -0.000527 0.000000 0.007251 0.000527 1.000000 0.000000 0.003051 0.000000 0.000000 1.000000 0.000000
1.000000 -0.000529 0.000000 0.007306 0.000529 1.000000 0.000000 0.003124 0.000000 0.000000 1.000000 0.000000
1.000000 -0.000533 0.000000 0.007387 0.000533 1.000000 0.000000 0.003179 0.000000 0.000000 1.000000 0.000000
1.000000 -0.000539 0.000000 0.007334 0.000539 1.000000 0.000000 0.003217 0.000000 0.000000 1.000000 0.000000
1.000000 -0.000559 0.000000 0.007551 0.000559 1.000000 0.000000 0.003005 0.000000 0.000000 1.000000 0.000000
1.000000 -0.000556 0.000000 0.007589 0.000556 1.000000 0.000000 0.003073 0.000000 0.000000 1.000000 0.000000
1.000000 -0.000561 0.000000 0.007524 0.000561 1.000000 0.000000 0.003089 0.000000 0.000000 1.000000 0.000000
1.000000 -0.000568 0.000000 0.007582 0.000568 1.000000 0.000000 0.003149 0.000000 0.000000 1.000000 0.000000
1.000000 -0.000571 0.000000 0.007652 0.000571 1.000000 0.000000 0.003182 0.000000 0.000000 1.000000 0.000000
1.000000 -0.000568 0.000000 0.007582 0.000568 1.000000 0.000000 0.003266 0.000000 0.000000 1.000000 0.000000
1.000000 -0.000568 0.000000 0.007584 0.000568 1.000000 0.000000 0.003378 0.000000 0.000000 1.000000 0.000000
1.000000 -0.000567 0.000000 0.007621 0.000567 1.000000 0.000000 0.003443 0.000000 0.000000 1.000000 0.000000
1.000000 -0.000564 0.000000 0.007816 0.000564 1.000000 0.000000 0.003463 0.000000 0.000000 1.000000 0.000000
1.000000 -0.000572 0.000000 0.007571 0.000572 1.000000 0.000000 0.003495 0.000000 0.000000 1.000000 0.000000
1.000000 -0.000587 0.000000 0.007642 0.000587 1.000000 0.000000 0.003519 0.000000 0.000000 1.000000 0.000000
1.000000 -0.000591 0.000000 0.007643 0.000591 1.000000 0.000000 0.003540 0.000000 0.000000 1.000000 0.000000
1.000000 -0.000584 0.000000 0.007800 0.000584 1.000000 0.000000 0.003580 0.000000 0.000000 1.000000 0.000000
1.000000 -0.000590 0.000000 0.007816 0.000590 1.000000 0.000000 0.003617 0.000000 0.000000 1.000000 0.000000
1.000000 -0.000608 0.000000 0.007782 0.000608 1.000000 0.000000 0.003589 0.000000 0.000000 1.000000 0.000000
1.000000 -0.000605 0.000000 0.007871 0.000605 1.000000 0.000000 0.003663 0.000000 0.000000 1.000000 0.000000
1.000000 -0.000614 0.000000 0.007900 0.000614 1.000000 0.000000 0.003685 0.000000 0.000000 1.000000 0.000000
1.000000 -0.000613 0.000000 0.007971 0.000613 1.000000 0.000000 0.003742 0.000000 0.000000 1.000000 0.000000
1.000000 -0.000626 0.000000 0.007860 0.000626 1.000000 0.000000 0.003776 0.000000 0.000000 1.000000 0.000000
1.000000 -0.000635 0.000000 0.007961 0.000635 1.000000 0.000000 0.003820 0.000000 0.000000 1.000000 0.000000
1.000000 -0.000651 0.000000 0.008030 0.000651 1.000000 0.000000 0.003839 0.000000 0.000000 1.000000 0.000000
1.000000 -0.000658 0.000000 0.008116 0.000658 1.000000 0.000000 0.003877 0.000000 0.000000 1.000000 0.000000
1.000000 -0.000669 0.000000 0.008240 0.000669 1.000000 0.000000 0.003906 0.000000 0.000000 1.000000 0.000000
1.000000 -0.000678 0.000000 0.008405 0.000678 1.000000 0.000000 0.003904 0.000000 0.000000 1.000000 0.000000
1.000000 -0.000684 0.000000 0.008458 0.000684 1.000000 0.000000 0.003939 0.000000 0.000000 1.000000 0.000000
1.000000 -0.000693 0.000000 0.008631 0.000693 1.000000 0.000000 0.003963 0.000000 0.000000 1.000000 0.000000
1.000000 -0.000702 0.000000 0.008567 0.000702 1.000000 0.000000 0.003974 0.000000 0.000000 1.000000 0.000000
1.000000 -0.000700 0.000000 0.008610 0.000700 1.000000 0.000000 0.004010 0.000000 0.000000 1.000000 0.000000
1.000000 -0.000712 0.000000 0.008705 0.000712 1.000000 0.000000 0.004042 0.000000 0.000000 1.000000 0.000000
1.000000 -0.000725 0.000000 0.008826 0.000725 1.000000 0.000000 0.004057 0.000000 0.000000 1.000000 0.000000
1.000000 -0.000735 0.000000 0.008931 0.000735 1.000000 0.000000 0.004121 0.000000 0.000000 1.000000 0.000000
1.000000 -0.000742 0.000000 0.009035 0.000742 1.000000 0.000000 0.004178 0.000000 0.000000 1.000000 0.000000
1.000000 -0.000747 0.000000 0.008931 0.000747 1.000000 0.000000 0.004265 0.000000 0.000000 1.000000 0.000000
1.000000 -0.000756 0.000000 0.009150 0.000756 1.000000 0.000000 0.004270 0.000000 0.000000 1.000000 0.000000
1.000000 -0.000774 0.000000 0.009274 0.000774 1.000000 0.000000 0.004309 0.000000 0.000000 1.000000 0.000000
1.000000 -0.000783 0.000000 0.009305 0.000783 1.000000 0.000000 0.004340 0.000000 0.000000 1.000000 0.000000
1.000000 -0.000785 0.000000 0.009473 0.000785 1.000000 0.000000 0.004371 0.000000 0.000000 1.000000 0.000000
1.000000 -0.000796 0.000000 0.009554 0.000796 1.000000 0.000000 0.004375 0.000000 0.000000 1.000000 0.000000
1.000000 -0.000799 0.000000 0.009717 0.000799 1.000000 0.000000 0.004422 0.000000 0.000000 1.000000 0.000000
1.000000 -0.000800 0.000000 0.009684 0.000800 1.000000 0.000000 0.004502 0.000000 0.000000 1.000000 0.000000
1.000000 -0.000807 0.000000 0.009677 0.000807 1.000000 0.000000 0.004524 0.000000 0.000000 1.000000 0.000000
1.000000 -0.000812 0.000000 0.009699 0.000812 1.000000 0.000000 0.004570 0.000000 0.000000 1.000000 0.000000
1.000000 -0.000819 0.000000 0.009864 0.000819 1.000000 0.000000 0.004632 0.000000 0.000000 1.000000 0.000000
1.000000 -0.000825 0.000000 0.009958 0.000825 1.000000 0.000000 0.004638 0.000000 0.000000 1.000000 0.000000
1.000000 -0.000831 0.000000 0.009985 0.000831 1.000000 0.000000 0.004677 0.000000 0.000000 1.000000 0.000000
1.000000 -0.000840 0.000000 0.010356 0.000840 1.000000 0.000000 0.004696 0.000000 0.000000 1.000000 0.000000
1.000000 -0.000851 0.000000 0.010434 0.000851 1.000000 0.000000 0.004732 0.000000 0.000000 1.000000 0.000000
1.000000 -0.000860 0.000000 0.010461 0.000860 1.000000 0.000000 0.004822 0.000000 0.000000 1.000000 0.000000
1.000000 -0.000863 0.000000 0.010618 0.000863 1.000000 0.000000 0.004876 0.000000 0.000000 1.000000 0.000000
1.000000 -0.000865 0.000000 0.010735 0.000865 1.000000 0.000000 0.004925 0.000000 0.000000 1.000000 0.000000
1.000000 -0.000877 0.000000 0.010886 0.000877 1.000000 0.000000 0.004916 0.000000 0.000000 1.000000 0.000000
1.000000 -0.000891 0.000000 0.011301 0.000891 1.000000 0.000000 0.004845 0.000000 0.000000 1.000000 0.000000
1.000000 -0.000905 0.000000 0.011367 0.000905 1.000000 0.000000 0.004860 0.000000 0.000000 1.000000 0.000000
1.000000 -0.000905 0.000000 0.011578 0.000905 1.000000 0.000000 0.004948 0.000000 0.000000 1.000000 0.000000
1.000000 -0.000905 0.000000 0.011663 0.000905 1.000000 0.000000 0.004978 0.000000 0.000000 1.000000 0.000000
1.000000 -0.000904 0.000000 0.011679 0.000904 1.000000 0.000000 0.005032 0.000000 0.000000 1.000000 0.000000
1.000000 -0.000913 0.000000 0.011710 0.000913 1.000000 0.000000 0.005065 0.000000 0.000000 1.000000 0.000000
1.000000 -0.000923 0.000000 0.011768 0.000923 1.000000 0.000000 0.005085 0.000000 0.000000 1.000000 0.000000
1.000000 -0.000936 0.000000 0.011805 0.000936 1.000000 0.000000 0.005096 0.000000 0.000000 1.000000 0.000000
1.000000 -0.000944 0.000000 0.011858 0.000944 1.000000 0.000000 0.005125 0.000000 0.000000 1.000000 0.000000
1.000000 -0.000950 0.000000 0.011882 0.000950 1.000000 0.000000 0.005152 0.000000 0.000000 1.000000 0.000000
1.000000 -0.000963 0.000000 0.011947 0.000963 1.000000 0.000000 0.005152 0.000000 0.000000 1.000000 0.000000
1.000000 -0.000969 0.000000 0.012050 0.000969 1.000000 0.000000 0.005186 0.000000 0.000000 1.000000 0.000000
1.000000 -0.000981 0.000000 0.012122 0.000981 1.000000 0.000000 0.005205 0.000000 0.000000 1.000000 0.000000
1.000000 -0.000990 0.000000 0.012238 0.000990 1.000000 0.000000 0.005227 0.000000 0.000000 1.000000 0.000000
1.000000 -0.000999 0.000000 0.012245 0.000999 1.000000 0.000000 0.005263 0.000000 0.000000 1.000000 0.000000
0.999999 -0.001012 0.000000 0.012294 0.001012 0.999999 0.000000 0.005323 0.000000 0.000000 1.000000 0.000000
0.999999 -0.001020 0.000000 0.012264 0.001020 0.999999 0.000000 0.005321 0.000000 0.000000 1.000000 0.000000
0.999999 -0.001032 0.000000 0.012199 0.001032 0.999999 0.000000 0.005388 0.000000 0.000000 1.000000 0.000000
0.999999 -0.001042 0.000000 0.012267 0.001042 0.999999 0.000000 0.005395 0.000000 0.000000 1.000000 0.000000
0.999999 -0.001051 0.000000 0.012453 0.001051 0.999999 0.000000 0.005444 0.000000 0.000000 1.000000 0.000000
0.999999 -0.001053 0.000000 0.012483 0.001053 0.999999 0.000000 0.005475 0.000000 0.000000 1.000000 0.000000
0.999999 -0.001059 0.000000 0.012491 0.001059 0.999999 0.000000 0.005563 0.000000 0.000000 1.000000 0.000000
0.999999 -0.001064 0.000000 0.012554 0.001064 0.999999 0.000000 0.005624 0.000000 0.000000 1.000000 0.000000
0.999999 -0.001086 0.000000 0.012442 0.001086 0.999999 0.000000 0.005658 0.000000 0.000000 1.000000 0.000000
0.999999 -0.001098 0.000000 0.012414 0.001098 0.999999 0.000000 0.005696 0.000000 0.000000 1.000000 0.000000
0.999999 -0.001109 0.000000 0.012406 0.001109 0.999999 0.000000 0.005695 0.000000 0.000000 1.000000 0.000000
0.999999 -0.001117 0.000000 0.012460 0.001117 0.999999 0.000000 0.005728 0.000000 0.000000 1.000000 0.000000
0.999999 -0.001144 0.000000 0.012516 0.001144 0.999999 0.000000 0.005707 0.000000 0.000000 1.000000 0.000000
0.999999 -0.001153 0.000000 0.012654 0.001153 0.999999 0.000000 0.005748 0.000000 0.000000 1.000000 0.000000
0.999999 -0.001163 0.000000 0.012730 0.001163 0.999999 0.000000 0.005731 0.000000 0.000000 1.000000 0.000000
0.999999 -0.001179 0.000000 0.012795 0.001179 0.999999 0.000000 0.005756 0.000000 0.000000 1.000000 0.000000
0.999999 -0.001172 0.000000 0.012856 0.001172 0.999999 0.000000 0.005830 0.000000 0.000000 1.000000 0.000000
0.999999 -0.001186 0.000000 0.012823 0.001186 0.999999 0.000000 0.005826 0.000000 0.000000 1.000000 0.000000
0.999999 -0.001185 0.000000 0.012914 0.001185 0.999999 0.000000 0.005914 0.000000 0.000000 1.000000 0.000000
0.999999 -0.001196 0.000000 0.012845 0.001196 0.999999 0.000000 0.005992 0.000000 0.000000 1.000000 0.000000
0.999999 -0.001198 0.000000 0.012993 0.001198 0.999999 0.000000 0.005989 0.000000 0.000000 1.000000 0.000000
0.999999 -0.001194 0.000000 0.013082 0.001194 0.999999 0.000000 0.006052 0.000000 0.000000 1.000000 0.000000
0.999999 -0.001193 0.000000 0.013091 0.001193 0.999999 0.000000 0.006114 0.000000 0.000000 1.000000 0.000000
0.999999 -0.001206 0.000000 0.012837 0.001206 0.999999 0.000000 0.006166 0.000000 0.000000 1.000000 0.000000
0.999999 -0.001204 0.000000 0.012798 0.001204 0.999999 0.000000 0.006239 0.000000 0.000000 1.000000 0.000000
0.999999 -0.001220 0.000000 0.012949 0.001220 0.999999 0.000000 0.006256 0.000000 0.000000 1.000000 0.000000
0.999999 -0.001224 0.000000 0.012886 0.001224 0.999999 0.000000 0.006290 0.000000 0.000000 1.000000 0.000000
0.999999 -0.001225 0.000000 0.013053 0.001225 0.999999 0.000000 0.006360 0.000000 0.000000 1.000000 0.000000
0.999999 -0.001239 0.000000 0.013160 0.001239 0.999999 0.000000 0.006320 0.000000 0.000000 1.000000 0.000000
0.999999 -0.001229 0.000000 0.013147 0.001229 0.999999 0.000000 0.006528 0.000000 0.000000 1.000000 0.000000
0.999999 -0.001229 0.000000 0.013129 0.001229 0.999999 0.000000 0.006631 0.000000 0.000000 1.000000 0.000000
0.999999 -0.001168 0.000000 0.014242 0.001168 0.999999 0.000000 0.007043 0.000000 0.000000 1.000000 0.000000
0.999999 -0.001484 0.000000 0.023354 0.001484 0.999999 0.000000 0.006881 0.000000 0.000000 1.000000 0.000000
0.999997 -0.002288 0.000000 0.028463 0.002288 0.999997 0.000000 0.006808 0.000000 0.000000 1.000000 0.000000
0.999993 -0.003856 0.000000 0.057928 0.003856 0.999993 0.000000 0.005609 0.000000 0.000000 1.000000 0.000000
0.999980 -0.006288 0.000000 0.080414 0.006288 0.999980 0.000000 0.003161 0.000000 0.000000 1.000000 0.000000
0.999943 -0.010632 0.000000 0.134886 0.010632 0.999943 0.000000 0.000546 0.000000 0.000000 1.000000 0.000000
0.999851 -0.017281 0.000000 0.212364 0.017281 0.999851 0.000000 -0.003003 0.000000 0.000000 1.000000 0.000000
0.999657 -0.026192 0.000000 0.365648 0.026192 0.999657 0.000000 -0.000818 0.000000 0.000000 1.000000 0.000000
0.999276 -0.038053 0.000000 0.617763 0.038053 0.999276 0.000000 0.013001 0.000000 0.000000 1.000000 0.000000
0.998747 -0.050039 0.000000 0.928844 0.050039 0.998747 0.000000 0.031715 0.000000 0.000000 1.000000 0.000000
0.997957 -0.063887 0.000000 1.308888 0.063887 0.997957 0.000000 0.062757 0.000000 0.000000 1.000000 0.000000
0.996875 -0.078992 0.000000 1.774682 0.078992 0.996875 0.000000 0.103861 0.000000 0.000000 1.000000 0.000000
0.995592 -0.093790 0.000000 2.315581 0.093790 0.995592 0.000000 0.156452 0.000000 0.000000 1.000000 0.000000
0.994231 -0.107263 0.000000 2.933289 0.107263 0.994231 0.000000 0.223313 0.000000 0.000000 1.000000 0.000000
0.992976 -0.118315 0.000000 3.638943 0.118315 0.992976 0.000000 0.306314 0.000000 0.000000 1.000000 0.000000
0.991953 -0.126609 0.000000 4.429945 0.126609 0.991953 0.000000 0.403315 0.000000 0.000000 1.000000 0.000000
0.991478 -0.130273 0.000000 5.278398 0.130273 0.991478 0.000000 0.512774 0.000000 0.000000 1.000000 0.000000
0.991442 -0.130547 0.000000 6.167077 0.130547 0.991442 0.000000 0.633691 0.000000 0.000000 1.000000 0.000000
0.991648 -0.128974 0.000000 7.113910 0.128974 0.991648 0.000000 0.760522 0.000000 0.000000 1.000000 0.000000
0.991786 -0.127907 0.000000 8.168243 0.127907 0.991786 0.000000 0.887272 0.000000 0.000000 1.000000 0.000000
0.991946 -0.126660 0.000000 9.289291 0.126660 0.991946 0.000000 1.017860 0.000000 0.000000 1.000000 0.000000
0.992177 -0.124837 0.000000 10.462670 0.124837 0.992177 0.000000 1.155865 0.000000 0.000000 1.000000 0.000000
0.992517 -0.122110 0.000000 11.675687 0.122110 0.992517 0.000000 1.295775 0.000000 0.000000 1.000000 0.000000
0.992916 -0.118817 0.000000 12.913607 0.118817 0.992916 0.000000 1.437368 0.000000 0.000000 1.000000 0.000000
0.993275 -0.115776 0.000000 14.172391 0.115776 0.993275 0.000000 1.573053 0.000000 0.000000 1.000000 0.000000
0.993787 -0.111303 0.000000 15.453794 0.111303 0.993787 0.000000 1.706107 0.000000 0.000000 1.000000 0.000000
0.994254 -0.107047 0.000000 16.723734 0.107047 0.994254 0.000000 1.836817 0.000000 0.000000 1.000000 0.000000
0.994815 -0.101701 0.000000 17.980487 0.101701 0.994815 0.000000 1.960839 0.000000 0.000000 1.000000 0.000000
0.995476 -0.095012 0.000000 19.343298 0.095012 0.995476 0.000000 2.080236 0.000000 0.000000 1.000000 0.000000
0.996101 -0.088216 0.000000 20.715782 0.088216 0.996101 0.000000 2.189420 0.000000 0.000000 1.000000 0.000000
0.996721 -0.080909 0.000000 22.060442 0.080909 0.996721 0.000000 2.289268 0.000000 0.000000 1.000000 0.000000
0.997310 -0.073295 0.000000 23.388908 0.073295 0.997310 0.000000 2.378933 0.000000 0.000000 1.000000 0.000000
0.997616 -0.069011 0.000000 24.697389 0.069011 0.997616 0.000000 2.461785 0.000000 0.000000 1.000000 0.000000
0.997691 -0.067921 0.000000 25.948774 0.067921 0.997691 0.000000 2.536740 0.000000 0.000000 1.000000 0.000000
0.997842 -0.065665 0.000000 27.297210 0.065665 0.997842 0.000000 2.619338 0.000000 0.000000 1.000000 0.000000
0.997934 -0.064241 0.000000 28.718069 0.064241 0.997934 0.000000 2.705328 0.000000 0.000000 1.000000 0.000000
0.997979 -0.063544 0.000000 30.178537 0.063544 0.997979 0.000000 2.787910 0.000000 0.000000 1.000000 0.000000
0.998089 -0.061791 0.000000 31.686855 0.061791 0.998089 0.000000 2.878878 0.000000 0.000000 1.000000 0.000000
0.998218 -0.059673 0.000000 33.266054 0.059673 0.998218 0.000000 2.968972 0.000000 0.000000 1.000000 0.000000
0.998352 -0.057378 0.000000 34.897545 0.057378 0.998352 0.000000 3.059621 0.000000 0.000000 1.000000 0.000000
0.998455 -0.055571 0.000000 36.555193 0.055571 0.998455 0.000000 3.149038 0.000000 0.000000 1.000000 0.000000
0.998656 -0.051826 0.000000 38.247321 0.051826 0.998656 0.000000 3.233547 0.000000 0.000000 1.000000 0.000000
0.998933 -0.046182 0.000000 40.000009 0.046182 0.998933 0.000000 3.311092 0.000000 0.000000 1.000000 0.000000
0.999113 -0.042099 0.000000 41.787985 0.042099 0.999113 0.000000 3.378344 0.000000 0.000000 1.000000 0.000000
0.999343 -0.036230 0.000000 43.665421 0.036230 0.999343 0.000000 3.438016 0.000000 0.000000 1.000000 0.000000
0.999539 -0.030369 0.000000 45.533209 0.030369 0.999539 0.000000 3.487578 0.000000 0.000000 1.000000 0.000000
0.999693 -0.024776 0.000000 47.431354 0.024776 0.999693 0.000000 3.523597 0.000000 0.000000 1.000000 0.000000
0.999848 -0.017409 0.000000 49.346047 0.017409 0.999848 0.000000 3.547438 0.000000 0.000000 1.000000 0.000000
0.999956 -0.009368 0.000000 51.264670 0.009368 0.999956 0.000000 3.559892 0.000000 0.000000 1.000000 0.000000
1.000000 0.000220 0.000000 53.208431 -0.000220 1.000000 -0.000000 3.561532 -0.000000 0.000000 1.000000 0.000000
0.999932 0.011681 0.000000 55.153387 -0.011681 0.999932 -0.000000 3.539144 -0.000000 0.000000 1.000000 0.000000
0.999749 0.022390 0.000000 57.067847 -0.022390 0.999749 -0.000000 3.495732 -0.000000 0.000000 1.000000 0.000000
0.999593 0.028533 0.000000 58.963588 -0.028533 0.999593 -0.000000 3.434264 -0.000000 0.000000 1.000000 0.000000
0.999654 0.026321 0.000000 60.842760 -0.026321 0.999654 -0.000000 3.375602 -0.000000 0.000000 1.000000 0.000000
0.999849 0.017389 0.000000 62.765862 -0.017389 0.999849 -0.000000 3.334732 -0.000000 0.000000 1.000000 0.000000
0.999978 0.006660 0.000000 64.776383 -0.006660 0.999978 -0.000000 3.313081 -0.000000 0.000000 1.000000 0.000000
0.999991 -0.004312 0.000000 66.816531 0.004312 0.999991 0.000000 3.309362 0.000000 0.000000 1.000000 0.000000
0.999907 -0.013607 0.000000 68.857159 0.013607 0.999907 0.000000 3.326602 0.000000 0.000000 1.000000 0.000000
0.999708 -0.024176 0.000000 70.946992 0.024176 0.999708 0.000000 3.366872 0.000000 0.000000 1.000000 0.000000
0.999379 -0.035223 0.000000 73.107555 0.035223 0.999379 0.000000 3.436400 0.000000 0.000000 1.000000 0.000000
0.998920 -0.046453 0.000000 75.241803 0.046453 0.998920 0.000000 3.525746 0.000000 0.000000 1.000000 0.000000
0.998405 -0.056462 0.000000 77.346852 0.056462 0.998405 0.000000 3.632008 0.000000 0.000000 1.000000 0.000000
0.998195 -0.060062 0.000000 79.488159 0.060062 0.998195 0.000000 3.763012 0.000000 0.000000 1.000000 0.000000
0.998208 -0.059846 0.000000 81.516702 0.059846 0.998208 0.000000 3.867186 0.000000 0.000000 1.000000 0.000000
0.998249 -0.059147 0.000000 83.738137 0.059147 0.998249 0.000000 3.999517 0.000000 0.000000 1.000000 0.000000
0.998296 -0.058354 0.000000 85.978752 0.058354 0.998296 0.000000 4.123053 0.000000 0.000000 1.000000 0.000000
0.998287 -0.058499 0.000000 88.238989 0.058499 0.998287 0.000000 4.232930 0.000000 0.000000 1.000000 0.000000
0.998286 -0.058521 0.000000 90.457112 0.058521 0.998286 0.000000 4.351062 0.000000 0.000000 1.000000 0.000000
0.998355 -0.057334 0.000000 92.671961 0.057334 0.998355 0.000000 4.468209 0.000000 0.000000 1.000000 0.000000
0.998655 -0.051854 0.000000 94.782034 0.051854 0.998655 0.000000 4.571394 0.000000 0.000000 1.000000 0.000000
0.998850 -0.047941 0.000000 97.066716 0.047941 0.998850 0.000000 4.665496 0.000000 0.000000 1.000000 0.000000
0.999022 -0.044220 0.000000 99.412694 0.044220 0.999022 0.000000 4.761798 0.000000 0.000000 1.000000 0.000000
0.999191 -0.040212 0.000000 101.742345 0.040212 0.999191 0.000000 4.852479 0.000000 0.000000 1.000000 0.000000
0.999352 -0.035996 0.000000 103.959653 0.035996 0.999352 0.000000 4.935259 0.000000 0.000000 1.000000 0.000000
0.999480 -0.032244 0.000000 106.349604 0.032244 0.999480 0.000000 5.005616 0.000000 0.000000 1.000000 0.000000
0.999596 -0.028421 0.000000 108.771145 0.028421 0.999596 0.000000 5.085713 0.000000 0.000000 1.000000 0.000000
0.999598 -0.028352 0.000000 111.259169 0.028352 0.999598 0.000000 5.151269 0.000000 0.000000 1.000000 0.000000
0.999618 -0.027637 0.000000 113.778188 0.027637 0.999618 0.000000 5.223187 0.000000 0.000000 1.000000 0.000000
0.999613 -0.027815 0.000000 116.269904 0.027815 0.999613 0.000000 5.287123 0.000000 0.000000 1.000000 0.000000
0.999589 -0.028657 0.000000 118.727787 0.028657 0.999589 0.000000 5.357794 0.000000 0.000000 1.000000 0.000000
0.999575 -0.029136 0.000000 120.978088 0.029136 0.999575 0.000000 5.428067 0.000000 0.000000 1.000000 0.000000
0.999568 -0.029381 0.000000 123.301141 0.029381 0.999568 0.000000 5.486357 0.000000 0.000000 1.000000 0.000000
0.999579 -0.029012 0.000000 125.857370 0.029012 0.999579 0.000000 5.557674 0.000000 0.000000 1.000000 0.000000
0.999552 -0.029937 0.000000 128.441814 0.029937 0.999552 0.000000 5.611866 0.000000 0.000000 1.000000 0.000000
0.999551 -0.029957 0.000000 131.022951 0.029957 0.999551 0.000000 5.672910 0.000000 0.000000 1.000000 0.000000
0.999550 -0.030002 0.000000 133.565408 0.030002 0.999550 0.000000 5.747530 0.000000 0.000000 1.000000 0.000000
0.999549 -0.030013 0.000000 136.157117 0.030013 0.999549 0.000000 5.819821 0.000000 0.000000 1.000000 0.000000
0.999540 -0.030327 0.000000 138.773941 0.030327 0.999540 0.000000 5.894292 0.000000 0.000000 1.000000 0.000000
0.999491 -0.031901 0.000000 141.400322 0.031901 0.999491 0.000000 5.958624 0.000000 0.000000 1.000000 0.000000
0.999472 -0.032495 0.000000 144.007127 0.032495 0.999472 0.000000 6.042379 0.000000 0.000000 1.000000 0.000000
0.999413 -0.034269 0.000000 146.568619 0.034269 0.999413 0.000000 6.111435 0.000000 0.000000 1.000000 0.000000
0.999378 -0.035278 0.000000 149.032381 0.035278 0.999378 0.000000 6.184772 0.000000 0.000000 1.000000 0.000000
0.999344 -0.036207 0.000000 151.411472 0.036207 0.999344 0.000000 6.261232 0.000000 0.000000 1.000000 0.000000
0.999283 -0.037866 0.000000 153.967869 0.037866 0.999283 0.000000 6.335268 0.000000 0.000000 1.000000 0.000000
0.999251 -0.038695 0.000000 156.477452 0.038695 0.999251 0.000000 6.427430 0.000000 0.000000 1.000000 0.000000
0.999211 -0.039714 0.000000 158.940863 0.039714 0.999211 0.000000 6.525801 0.000000 0.000000 1.000000 0.000000
0.999182 -0.040441 0.000000 161.380692 0.040441 0.999182 0.000000 6.617677 0.000000 0.000000 1.000000 0.000000
0.999129 -0.041723 0.000000 163.818900 0.041723 0.999129 0.000000 6.705240 0.000000 0.000000 1.000000 0.000000
0.999082 -0.042841 0.000000 166.163692 0.042841 0.999082 0.000000 6.792230 0.000000 0.000000 1.000000 0.000000
0.999031 -0.044002 0.000000 168.491699 0.044002 0.999031 0.000000 6.882849 0.000000 0.000000 1.000000 0.000000
0.998961 -0.045581 0.000000 170.793790 0.045581 0.998961 0.000000 6.977407 0.000000 0.000000 1.000000 0.000000
0.998835 -0.048254 0.000000 173.054538 0.048254 0.998835 0.000000 7.068528 0.000000 0.000000 1.000000 0.000000
0.998682 -0.051333 0.000000 175.315885 0.051333 0.998682 0.000000 7.175802 0.000000 0.000000 1.000000 0.000000
0.998549 -0.053846 0.000000 177.523571 0.053846 0.998549 0.000000 7.287872 0.000000 0.000000 1.000000 0.000000
0.998362 -0.057214 0.000000 179.729306 0.057214 0.998362 0.000000 7.403161 0.000000 0.000000 1.000000 0.000000
0.998207 -0.059861 0.000000 181.901425 0.059861 0.998207 0.000000 7.528794 0.000000 0.000000 1.000000 0.000000
0.998030 -0.062742 0.000000 184.063403 0.062742 0.998030 0.000000 7.664507 0.000000 0.000000 1.000000 0.000000
0.997849 -0.065557 0.000000 186.191240 0.065557 0.997849 0.000000 7.799064 0.000000 0.000000 1.000000 0.000000
0.997622 -0.068926 0.000000 188.275515 0.068926 0.997622 0.000000 7.936316 0.000000 0.000000 1.000000 0.000000
0.997319 -0.073178 0.000000 190.302894 0.073178 0.997319 0.000000 8.080179 0.000000 0.000000 1.000000 0.000000
0.996875 -0.079000 0.000000 192.294142 0.079000 0.996875 0.000000 8.236251 0.000000 0.000000 1.000000 0.000000
0.996140 -0.087777 0.000000 194.234499 0.087777 0.996140 0.000000 8.398917 0.000000 0.000000 1.000000 0.000000
0.995336 -0.096464 0.000000 196.122047 0.096464 0.995336 0.000000 8.577588 0.000000 0.000000 1.000000 0.000000
0.994263 -0.106963 0.000000 197.958554 0.106963 0.994263 0.000000 8.764252 0.000000 0.000000 1.000000 0.000000
0.993007 -0.118055 0.000000 199.770614 0.118055 0.993007 0.000000 8.973394 0.000000 0.000000 1.000000 0.000000
0.991902 -0.127002 0.000000 201.580816 0.127002 0.991902 0.000000 9.201523 0.000000 0.000000 1.000000 0.000000
0.991148 -0.132760 0.000000 203.368378 0.132760 0.991148 0.000000 9.437398 0.000000 0.000000 1.000000 0.000000
0.990608 -0.136730 0.000000 205.132297 0.136730 0.990608 0.000000 9.672894 0.000000 0.000000 1.000000 0.000000
0.990179 -0.139805 0.000000 206.869302 0.139805 0.990179 0.000000 9.917221 0.000000 0.000000 1.000000 0.000000
0.989746 -0.142839 0.000000 208.598833 0.142839 0.989746 0.000000 10.165019 0.000000 0.000000 1.000000 0.000000
0.989512 -0.144449 0.000000 210.010268 0.144449 0.989512 0.000000 10.372349 0.000000 0.000000 1.000000 0.000000
0.988985 -0.148018 0.000000 211.506221 0.148018 0.988985 0.000000 10.593749 0.000000 0.000000 1.000000 0.000000
0.988597 -0.150586 0.000000 213.174825 0.150586 0.988597 0.000000 10.842504 0.000000 0.000000 1.000000 0.000000
0.988272 -0.152706 0.000000 214.837797 0.152706 0.988272 0.000000 11.100776 0.000000 0.000000 1.000000 0.000000
0.987792 -0.155777 0.000000 216.463870 0.155777 0.987792 0.000000 11.348377 0.000000 0.000000 1.000000 0.000000
0.987104 -0.160081 0.000000 218.070260 0.160081 0.987104 0.000000 11.607151 0.000000 0.000000 1.000000 0.000000
0.986190 -0.165619 0.000000 219.667054 0.165619 0.986190 0.000000 11.866883 0.000000 0.000000 1.000000 0.000000
0.985685 -0.168597 0.000000 221.230010 0.168597 0.985685 0.000000 12.125582 0.000000 0.000000 1.000000 0.000000
0.985721 -0.168386 0.000000 222.742632 0.168386 0.985721 0.000000 12.380652 0.000000 0.000000 1.000000 0.000000
0.985931 -0.167156 0.000000 224.215833 0.167156 0.985931 0.000000 12.626518 0.000000 0.000000 1.000000 0.000000
0.986055 -0.166420 0.000000 225.635964 0.166420 0.986055 0.000000 12.861856 0.000000 0.000000 1.000000 0.000000
0.986247 -0.165276 0.000000 227.026906 0.165276 0.986247 0.000000 13.091961 0.000000 0.000000 1.000000 0.000000
0.986415 -0.164275 0.000000 228.402038 0.164275 0.986415 0.000000 13.316396 0.000000 0.000000 1.000000 0.000000
0.986288 -0.165035 0.000000 229.751814 0.165035 0.986288 0.000000 13.534701 0.000000 0.000000 1.000000 0.000000
0.986198 -0.165571 0.000000 231.051321 0.165571 0.986198 0.000000 13.747388 0.000000 0.000000 1.000000 0.000000
0.986051 -0.166442 0.000000 232.300608 0.166442 0.986051 0.000000 13.951804 0.000000 0.000000 1.000000 0.000000
0.985944 -0.167076 0.000000 233.543588 0.167076 0.985944 0.000000 14.155998 0.000000 0.000000 1.000000 0.000000
0.985583 -0.169195 0.000000 234.769835 0.169195 0.985583 0.000000 14.364807 0.000000 0.000000 1.000000 0.000000
0.984856 -0.173372 0.000000 235.983236 0.173372 0.984856 0.000000 14.575343 0.000000 0.000000 1.000000 0.000000
0.984171 -0.177219 0.000000 237.175921 0.177219 0.984171 0.000000 14.784806 0.000000 0.000000 1.000000 0.000000
0.984188 -0.177125 0.000000 238.359767 0.177125 0.984188 0.000000 14.992279 0.000000 0.000000 1.000000 0.000000
0.984520 -0.175273 0.000000 239.534320 0.175273 0.984520 0.000000 15.194952 0.000000 0.000000 1.000000 0.000000
0.984794 -0.173728 0.000000 240.707444 0.173728 0.984794 0.000000 15.394950 0.000000 0.000000 1.000000 0.000000
0.985364 -0.170463 0.000000 241.888543 0.170463 0.985364 0.000000 15.593755 0.000000 0.000000 1.000000 0.000000
0.986082 -0.166257 0.000000 243.049202 0.166257 0.986082 0.000000 15.780512 0.000000 0.000000 1.000000 0.000000
0.986838 -0.161714 0.000000 244.232831 0.161714 0.986838 0.000000 15.967634 0.000000 0.000000 1.000000 0.000000
0.987532 -0.157418 0.000000 245.522104 0.157418 0.987532 0.000000 16.172247 0.000000 0.000000 1.000000 0.000000
0.987989 -0.154521 0.000000 246.885887 0.154521 0.987989 0.000000 16.379159 0.000000 0.000000 1.000000 0.000000
0.988281 -0.152648 0.000000 248.287647 0.152648 0.988281 0.000000 16.591110 0.000000 0.000000 1.000000 0.000000
0.987946 -0.154798 0.000000 249.729667 0.154798 0.987946 0.000000 16.804557 0.000000 0.000000 1.000000 0.000000
0.987391 -0.158299 0.000000 251.252992 0.158299 0.987391 0.000000 17.045679 0.000000 0.000000 1.000000 0.000000
0.986580 -0.163278 0.000000 252.824790 0.163278 0.986580 0.000000 17.303067 0.000000 0.000000 1.000000 0.000000
0.985702 -0.168497 0.000000 254.422713 0.168497 0.985702 0.000000 17.574045 0.000000 0.000000 1.000000 0.000000
0.985471 -0.169846 0.000000 256.051794 0.169846 0.985471 0.000000 17.851652 0.000000 0.000000 1.000000 0.000000
0.985214 -0.171331 0.000000 257.719224 0.171331 0.985214 0.000000 18.137127 0.000000 0.000000 1.000000 0.000000
0.985387 -0.170332 0.000000 259.228808 0.170332 0.985387 0.000000 18.395543 0.000000 0.000000 1.000000 0.000000
0.985668 -0.168695 0.000000 260.834780 0.168695 0.985668 0.000000 18.669979 0.000000 0.000000 1.000000 0.000000
0.985799 -0.167928 0.000000 262.557450 0.167928 0.985799 0.000000 18.958478 0.000000 0.000000 1.000000 0.000000
0.986223 -0.165422 0.000000 264.363735 0.165422 0.986223 0.000000 19.257377 0.000000 0.000000 1.000000 0.000000
0.986603 -0.163139 0.000000 266.217707 0.163139 0.986603 0.000000 19.551658 0.000000 0.000000 1.000000 0.000000
0.987183 -0.159591 0.000000 268.027183 0.159591 0.987183 0.000000 19.829246 0.000000 0.000000 1.000000 0.000000
0.987272 -0.159042 0.000000 269.707765 0.159042 0.987272 0.000000 20.081098 0.000000 0.000000 1.000000 0.000000
0.987782 -0.155843 0.000000 271.405691 0.155843 0.987782 0.000000 20.336483 0.000000 0.000000 1.000000 0.000000
0.988371 -0.152063 0.000000 273.297631 0.152063 0.988371 0.000000 20.613890 0.000000 0.000000 1.000000 0.000000
0.989113 -0.147160 0.000000 275.186336 0.147160 0.989113 0.000000 20.879735 0.000000 0.000000 1.000000 0.000000
0.990113 -0.140270 0.000000 277.117873 0.140270 0.990113 0.000000 21.142188 0.000000 0.000000 1.000000 0.000000
0.991036 -0.133597 0.000000 278.946900 0.133597 0.991036 0.000000 21.380301 0.000000 0.000000 1.000000 0.000000
0.991716 -0.128447 0.000000 280.765770 0.128447 0.991716 0.000000 21.600463 0.000000 0.000000 1.000000 0.000000
0.992335 -0.123578 0.000000 282.716122 0.123578 0.992335 0.000000 21.836486 0.000000 0.000000 1.000000 0.000000
0.993065 -0.117565 0.000000 284.472467 0.117565 0.993065 0.000000 22.041264 0.000000 0.000000 1.000000 0.000000
0.993709 -0.111994 0.000000 286.394162 0.111994 0.993709 0.000000 22.253407 0.000000 0.000000 1.000000 0.000000
0.994330 -0.106341 0.000000 288.358511 0.106341 0.994330 0.000000 22.457899 0.000000 0.000000 1.000000 0.000000
0.994653 -0.103272 0.000000 290.344531 0.103272 0.994653 0.000000 22.657642 0.000000 0.000000 1.000000 0.000000
0.994816 -0.101689 0.000000 292.351011 0.101689 0.994816 0.000000 22.859600 0.000000 0.000000 1.000000 0.000000
0.995102 -0.098851 0.000000 294.330880 0.098851 0.995102 0.000000 23.052234 0.000000 0.000000 1.000000 0.000000
0.995244 -0.097415 0.000000 296.351459 0.097415 0.995244 0.000000 23.246196 0.000000 0.000000 1.000000 0.000000
