1.000000 -0.000067 0.000000 -0.000426 0.000067 1.000000 0.000000 0.000678 0.000000 0.000000 1.000000 0.000000
1.000000 -0.000122 0.000000 -0.000774 0.000122 1.000000 0.000000 0.000920 0.000000 0.000000 1.000000 0.000000
1.000000 -0.000173 0.000000 -0.001112 0.000173 1.000000 0.000000 0.001299 0.000000 0.000000 1.000000 0.000000
1.000000 -0.000190 0.000000 -0.001475 0.000190 1.000000 0.000000 0.001770 0.000000 0.000000 1.000000 0.000000
1.000000 -0.000221 0.000000 -0.001891 0.000221 1.000000 0.000000 0.002199 0.000000 0.000000 1.000000 0.000000
1.000000 -0.000277 0.000000 -0.002189 0.000277 1.000000 0.000000 0.002533 0.000000 0.000000 1.000000 0.000000
1.000000 -0.000322 0.000000 -0.002545 0.000322 1.000000 0.000000 0.002859 0.000000 0.000000 1.000000 0.000000
1.000000 -0.000410 0.000000 -0.003212 0.000410 1.000000 0.000000 0.003619 0.000000 0.000000 1.000000 0.000000
1.000000 -0.000421 0.000000 -0.003370 0.000421 1.000000 0.000000 0.003831 0.000000 0.000000 1.000000 0.000000
1.000000 -0.000475 0.000000 -0.003841 0.000475 1.000000 0.000000 0.004179 0.000000 0.000000 1.000000 0.000000
1.000000 -0.000546 0.000000 -0.004129 0.000546 1.000000 0.000000 0.004481 0.000000 0.000000 1.000000 0.000000
1.000000 -0.000601 0.000000 -0.004694 0.000601 1.000000 0.000000 0.004839 0.000000 0.000000 1.000000 0.000000
1.000000 -0.000695 0.000000 -0.005483 0.000695 1.000000 0.000000 0.005079 0.000000 0.000000 1.000000 0.000000
1.000000 -0.000778 0.000000 -0.005665 0.000778 1.000000 0.000000 0.005207 0.000000 0.000000 1.000000 0.000000
1.000000 -0.000820 0.000000 -0.006233 0.000820 1.000000 0.000000 0.005501 0.000000 0.000000 1.000000 0.000000
1.000000 -0.000870 0.000000 -0.006418 0.000870 1.000000 0.000000 0.005778 0.000000 0.000000 1.000000 0.000000
1.000000 -0.000978 0.000000 -0.007827 0.000978 1.000000 0.000000 0.006162 0.000000 0.000000 1.000000 0.000000
1.000000 -0.000996 0.000000 -0.008239 0.000996 1.000000 0.000000 0.006341 0.000000 0.000000 1.000000 0.000000
0.999999 -0.001066 0.000000 -0.008621 0.001066 0.999999 0.000000 0.006511 0.000000 0.000000 1.000000 0.000000
0.999999 -0.001132 0.000000 -0.009194 0.001132 0.999999 0.000000 0.006723 0.000000 0.000000 1.000000 0.000000
0.999999 -0.001160 0.000000 -0.009586 0.001160 0.999999 0.000000 0.007142 0.000000 0.000000 1.000000 0.000000
0.999999 -0.001219 0.000000 -0.009679 0.001219 0.999999 0.000000 0.007456 0.000000 0.000000 1.000000 0.000000
0.999999 -0.001266 0.000000 -0.009965 0.001266 0.999999 0.000000 0.007712 0.000000 0.000000 1.000000 0.000000
0.999999 -0.001313 0.000000 -0.010260 0.001313 0.999999 0.000000 0.007853 0.000000 0.000000 1.000000 0.000000
0.999999 -0.001397 0.000000 -0.010396 0.001397 0.999999 0.000000 0.008004 0.000000 0.000000 1.000000 0.000000
0.999999 -0.001531 0.000000 -0.010900 0.001531 0.999999 0.000000 0.008372 0.000000 0.000000 1.000000 0.000000
0.999999 -0.001571 0.000000 -0.011081 0.001571 0.999999 0.000000 0.008464 0.000000 0.000000 1.000000 0.000000
0.999999 -0.001638 0.000000 -0.011490 0.001638 0.999999 0.000000 0.008678 0.000000 0.000000 1.000000 0.000000
0.999999 -0.001722 0.000000 -0.011782 0.001722 0.999999 0.000000 0.008873 0.000000 0.000000 1.000000 0.000000
0.999998 -0.001820 0.000000 -0.012071 0.001820 0.999998 0.000000 0.009077 0.000000 0.000000 1.000000 0.000000
0.999998 -0.001908 0.000000 -0.012380 0.001908 0.999998 0.000000 0.009204 0.000000 0.000000 1.000000 0.000000
0.999998 -0.001971 0.000000 -0.012544 0.001971 0.999998 0.000000 0.009289 0.000000 0.000000 1.000000 0.000000
0.999998 -0.002136 0.000000 -0.008852 0.002136 0.999998 0.000000 0.009729 0.000000 0.000000 1.000000 0.000000
0.999993 -0.003629 0.000000 0.040203 0.003629 0.999993 0.000000 0.007895 0.000000 0.000000 1.000000 0.000000
0.999632 -0.027130 0.000000 0.655722 0.027130 0.999632 0.000000 0.029464 0.000000 0.000000 1.000000 0.000000
0.999148 -0.041271 0.000000 1.017443 0.041271 0.999148 0.000000 0.050767 0.000000 0.000000 1.000000 0.000000
0.996736 -0.080726 0.000000 2.066035 0.080726 0.996736 0.000000 0.142014 0.000000 0.000000 1.000000 0.000000
0.992889 -0.119048 0.000000 3.574595 0.119048 0.992889 0.000000 0.321991 0.000000 0.000000 1.000000 0.000000
0.992728 -0.120380 0.000000 5.602832 0.120380 0.992728 0.000000 0.554409 0.000000 0.000000 1.000000 0.000000
0.992664 -0.120908 0.000000 8.152961 0.120908 0.992664 0.000000 0.839063 0.000000 0.000000 1.000000 0.000000
0.993783 -0.111337 0.000000 11.186913 0.111337 0.993783 0.000000 1.171517 0.000000 0.000000 1.000000 0.000000
0.994176 -0.107767 0.000000 14.243095 0.107767 0.994176 0.000000 1.474012 0.000000 0.000000 1.000000 0.000000
0.994706 -0.102760 0.000000 17.992870 0.102760 0.994706 0.000000 1.831411 0.000000 0.000000 1.000000 0.000000
0.996007 -0.089279 0.000000 25.993745 0.089279 0.996007 0.000000 2.529140 0.000000 0.000000 1.000000 0.000000
0.996265 -0.086348 0.000000 28.111349 0.086348 0.996265 0.000000 2.698529 0.000000 0.000000 1.000000 0.000000
0.996877 -0.078969 0.000000 32.396689 0.078969 0.996877 0.000000 3.019102 0.000000 0.000000 1.000000 0.000000
0.997221 -0.074506 0.000000 36.884004 0.074506 0.997221 0.000000 3.331947 0.000000 0.000000 1.000000 0.000000
0.997391 -0.072195 0.000000 41.418421 0.072195 0.997391 0.000000 3.642930 0.000000 0.000000 1.000000 0.000000
0.997464 -0.071174 0.000000 45.998925 0.071174 0.997464 0.000000 3.939212 0.000000 0.000000 1.000000 0.000000
0.997470 -0.071089 0.000000 50.619107 0.071089 0.997470 0.000000 4.254006 0.000000 0.000000 1.000000 0.000000
0.997715 -0.067564 0.000000 55.246791 0.067564 0.997715 0.000000 4.557310 0.000000 0.000000 1.000000 0.000000
0.998001 -0.063192 0.000000 59.869419 0.063192 0.998001 0.000000 4.838141 0.000000 0.000000 1.000000 0.000000
0.998645 -0.052030 0.000000 69.118476 0.052030 0.998645 0.000000 5.319971 0.000000 0.000000 1.000000 0.000000
0.998799 -0.049004 0.000000 71.405844 0.049004 0.998799 0.000000 5.424209 0.000000 0.000000 1.000000 0.000000
0.998905 -0.046789 0.000000 76.022045 0.046789 0.998905 0.000000 5.626248 0.000000 0.000000 1.000000 0.000000
0.998797 -0.049031 0.000000 80.674436 0.049031 0.998797 0.000000 5.829838 0.000000 0.000000 1.000000 0.000000
0.998361 -0.057223 0.000000 85.379185 0.057223 0.998361 0.000000 6.071821 0.000000 0.000000 1.000000 0.000000
0.997595 -0.069308 0.000000 90.152518 0.069308 0.997595 0.000000 6.365015 0.000000 0.000000 1.000000 0.000000
0.996703 -0.081137 0.000000 94.947491 0.081137 0.996703 0.000000 6.715737 0.000000 0.000000 1.000000 0.000000
0.996515 -0.083417 0.000000 99.624969 0.083417 0.996515 0.000000 7.096806 0.000000 0.000000 1.000000 0.000000
0.996476 -0.083878 0.000000 104.203608 0.083878 0.996476 0.000000 7.469697 0.000000 0.000000 1.000000 0.000000
0.996243 -0.086606 0.000000 114.305094 0.086606 0.996243 0.000000 8.311005 0.000000 0.000000 1.000000 0.000000
0.996273 -0.086259 0.000000 116.808090 0.086259 0.996273 0.000000 8.521969 0.000000 0.000000 1.000000 0.000000
0.996216 -0.086912 0.000000 121.858192 0.086912 0.996216 0.000000 8.952050 0.000000 0.000000 1.000000 0.000000
0.996144 -0.087730 0.000000 126.950874 0.087730 0.996144 0.000000 9.390795 0.000000 0.000000 1.000000 0.000000
0.996332 -0.085566 0.000000 132.118822 0.085566 0.996332 0.000000 9.837551 0.000000 0.000000 1.000000 0.000000
0.996330 -0.085594 0.000000 137.337515 0.085594 0.996330 0.000000 10.283615 0.000000 0.000000 1.000000 0.000000
0.996252 -0.086494 0.000000 142.544707 0.086494 0.996252 0.000000 10.726870 0.000000 0.000000 1.000000 0.000000
0.996114 -0.088073 0.000000 147.766201 0.088073 0.996114 0.000000 11.164887 0.000000 0.000000 1.000000 0.000000
0.995938 -0.090039 0.000000 152.921271 0.090039 0.995938 0.000000 11.611816 0.000000 0.000000 1.000000 0.000000
0.995980 -0.089575 0.000000 163.052503 0.089575 0.995980 0.000000 12.495837 0.000000 0.000000 1.000000 0.000000
0.996021 -0.089115 0.000000 165.523381 0.089115 0.996021 0.000000 12.706256 0.000000 0.000000 1.000000 0.000000
0.995879 -0.090691 0.000000 170.433546 0.090691 0.995879 0.000000 13.111492 0.000000 0.000000 1.000000 0.000000
0.995551 -0.094219 0.000000 175.359469 0.094219 0.995551 0.000000 13.551594 0.000000 0.000000 1.000000 0.000000
0.994927 -0.100603 0.000000 180.323418 0.100603 0.994927 0.000000 14.010270 0.000000 0.000000 1.000000 0.000000
0.994339 -0.106258 0.000000 185.265827 0.106258 0.994339 0.000000 14.500138 0.000000 0.000000 1.000000 0.000000
0.993953 -0.109806 0.000000 190.185281 0.109806 0.993953 0.000000 15.016462 0.000000 0.000000 1.000000 0.000000
0.994058 -0.108852 0.000000 195.086311 0.108852 0.994058 0.000000 15.535853 0.000000 0.000000 1.000000 0.000000
0.994417 -0.105526 0.000000 199.925419 0.105526 0.994417 0.000000 16.043820 0.000000 0.000000 1.000000 0.000000
0.995903 -0.090429 0.000000 209.393382 0.090429 0.995903 0.000000 16.967639 0.000000 0.000000 1.000000 0.000000
0.995919 -0.090249 0.000000 211.731545 0.090249 0.995919 0.000000 17.175455 0.000000 0.000000 1.000000 0.000000
0.994975 -0.100121 0.000000 216.339353 0.100121 0.994975 0.000000 17.613581 0.000000 0.000000 1.000000 0.000000
0.992378 -0.123228 0.000000 220.951173 0.123228 0.992378 0.000000 18.138227 0.000000 0.000000 1.000000 0.000000
0.989164 -0.146813 0.000000 225.539450 0.146813 0.989164 0.000000 18.766969 0.000000 0.000000 1.000000 0.000000
0.986294 -0.164995 0.000000 230.148774 0.164995 0.986294 0.000000 19.494769 0.000000 0.000000 1.000000 0.000000
0.984465 -0.175580 0.000000 234.773798 0.175580 0.984465 0.000000 20.283869 0.000000 0.000000 1.000000 0.000000
0.982957 -0.183836 0.000000 239.416834 0.183836 0.982957 0.000000 21.122822 0.000000 0.000000 1.000000 0.000000
0.981839 -0.189718 0.000000 244.112080 0.189718 0.981839 0.000000 21.994374 0.000000 0.000000 1.000000 0.000000
0.980601 -0.196015 0.000000 253.467557 0.196015 0.980601 0.000000 23.814558 0.000000 0.000000 1.000000 0.000000
0.980057 -0.198716 0.000000 255.793267 0.198716 0.980057 0.000000 24.272532 0.000000 0.000000 1.000000 0.000000
0.978990 -0.203910 0.000000 260.434386 0.203910 0.978990 0.000000 25.203450 0.000000 0.000000 1.000000 0.000000
0.977310 -0.211814 0.000000 265.150269 0.211814 0.977310 0.000000 26.182936 0.000000 0.000000 1.000000 0.000000
0.975067 -0.221909 0.000000 269.856091 0.221909 0.975067 0.000000 27.207408 0.000000 0.000000 1.000000 0.000000
0.973107 -0.230353 0.000000 274.535950 0.230353 0.973107 0.000000 28.282310 0.000000 0.000000 1.000000 0.000000
0.971299 -0.237864 0.000000 279.221517 0.237864 0.971299 0.000000 29.391766 0.000000 0.000000 1.000000 0.000000
0.969637 -0.244548 0.000000 283.919283 0.244548 0.969637 0.000000 30.543761 0.000000 0.000000 1.000000 0.000000
0.972762 -0.231807 0.000000 288.629942 0.231807 0.972762 0.000000 31.681468 0.000000 0.000000 1.000000 0.000000
0.980585 -0.196097 0.000000 298.145936 0.196097 0.980585 0.000000 33.675043 0.000000 0.000000 1.000000 0.000000
0.981903 -0.189382 0.000000 300.533475 0.189382 0.981903 0.000000 34.129524 0.000000 0.000000 1.000000 0.000000
0.984235 -0.176867 0.000000 305.338355 0.176867 0.984235 0.000000 35.001223 0.000000 0.000000 1.000000 0.000000
0.985435 -0.170051 0.000000 310.139084 0.170051 0.985435 0.000000 35.821072 0.000000 0.000000 1.000000 0.000000
0.986173 -0.165717 0.000000 315.061754 0.165717 0.986173 0.000000 36.637270 0.000000 0.000000 1.000000 0.000000
0.987194 -0.159526 0.000000 320.124044 0.159526 0.987194 0.000000 37.452642 0.000000 0.000000 1.000000 0.000000
0.988739 -0.149653 0.000000 325.165047 0.149653 0.988739 0.000000 38.228983 0.000000 0.000000 1.000000 0.000000
0.990497 -0.137537 0.000000 330.120066 0.137537 0.990497 0.000000 38.914236 0.000000 0.000000 1.000000 0.000000
0.992194 -0.124705 0.000000 335.041480 0.124705 0.992194 0.000000 39.539329 0.000000 0.000000 1.000000 0.000000
0.995155 -0.098319 0.000000 344.849899 0.098319 0.995155 0.000000 40.584882 0.000000 0.000000 1.000000 0.000000
0.995759 -0.092001 0.000000 347.291898 0.092001 0.995759 0.000000 40.803536 0.000000 0.000000 1.000000 0.000000
0.996862 -0.079159 0.000000 352.155029 0.079159 0.996862 0.000000 41.195474 0.000000 0.000000 1.000000 0.000000
0.997941 -0.064133 0.000000 357.035496 0.064133 0.997941 0.000000 41.521375 0.000000 0.000000 1.000000 0.000000
0.998741 -0.050171 0.000000 361.910888 0.050171 0.998741 0.000000 41.772432 0.000000 0.000000 1.000000 0.000000
0.999202 -0.039953 0.000000 366.851675 0.039953 0.999202 0.000000 41.968271 0.000000 0.000000 1.000000 0.000000
0.999436 -0.033574 0.000000 371.822333 0.033574 0.999436 0.000000 42.123611 0.000000 0.000000 1.000000 0.000000
0.999544 -0.030188 0.000000 376.803019 0.030188 0.999544 0.000000 42.262981 0.000000 0.000000 1.000000 0.000000
0.999568 -0.029400 0.000000 381.807751 0.029400 0.999568 0.000000 42.386707 0.000000 0.000000 1.000000 0.000000
0.999432 -0.033690 0.000000 391.681928 0.033690 0.999432 0.000000 42.657937 0.000000 0.000000 1.000000 0.000000
0.999329 -0.036628 0.000000 394.149280 0.036628 0.999329 0.000000 42.734199 0.000000 0.000000 1.000000 0.000000
0.998925 -0.046355 0.000000 399.148062 0.046355 0.998925 0.000000 42.925819 0.000000 0.000000 1.000000 0.000000
0.998348 -0.057453 0.000000 404.172955 0.057453 0.998348 0.000000 43.173186 0.000000 0.000000 1.000000 0.000000
0.997581 -0.069513 0.000000 409.207937 0.069513 0.997581 0.000000 43.476185 0.000000 0.000000 1.000000 0.000000
0.996576 -0.082687 0.000000 414.324340 0.082687 0.996576 0.000000 43.838179 0.000000 0.000000 1.000000 0.000000
0.995349 -0.096333 0.000000 419.510164 0.096333 0.995349 0.000000 44.268853 0.000000 0.000000 1.000000 0.000000
0.994646 -0.103339 0.000000 424.712345 0.103339 0.994646 0.000000 44.754772 0.000000 0.000000 1.000000 0.000000
0.994351 -0.106144 0.000000 429.900089 0.106144 0.994351 0.000000 45.266278 0.000000 0.000000 1.000000 0.000000
0.994220 -0.107366 0.000000 439.931996 0.107366 0.994220 0.000000 46.268815 0.000000 0.000000 1.000000 0.000000
0.994205 -0.107497 0.000000 442.302758 0.107497 0.994205 0.000000 46.500135 0.000000 0.000000 1.000000 0.000000
0.994108 -0.108392 0.000000 446.947445 0.108392 0.994108 0.000000 46.971303 0.000000 0.000000 1.000000 0.000000
0.994472 -0.104998 0.000000 451.269352 0.104998 0.994472 0.000000 47.404980 0.000000 0.000000 1.000000 0.000000
0.995314 -0.096692 0.000000 455.235582 0.096692 0.995314 0.000000 47.774167 0.000000 0.000000 1.000000 0.000000
0.996970 -0.077789 0.000000 458.800633 0.077789 0.996970 0.000000 48.048432 0.000000 0.000000 1.000000 0.000000
0.999501 -0.031579 0.000000 462.078326 0.031579 0.999501 0.000000 48.186917 0.000000 0.000000 1.000000 0.000000
0.998205 0.059895 0.000000 465.017420 -0.059895 0.998205 -0.000000 48.062355 -0.000000 0.000000 1.000000 0.000000
0.983827 0.179120 0.000000 467.618229 -0.179120 0.983827 -0.000000 47.663781 -0.000000 0.000000 1.000000 0.000000
0.859752 0.510712 0.000000 471.820425 -0.510712 0.859752 -0.000000 45.880675 -0.000000 0.000000 1.000000 0.000000
0.797926 0.602756 0.000000 472.635544 -0.602756 0.797926 -0.000000 45.224398 -0.000000 0.000000 1.000000 0.000000
0.626663 0.779291 0.000000 473.916949 -0.779291 0.626663 -0.000000 43.703756 -0.000000 0.000000 1.000000 0.000000
0.400919 0.916114 0.000000 474.722124 -0.916114 0.400919 -0.000000 41.949132 -0.000000 0.000000 1.000000 0.000000
0.129262 0.991611 0.000000 475.021894 -0.991611 0.129262 -0.000000 40.033394 -0.000000 0.000000 1.000000 0.000000
-0.166972 0.985962 0.000000 474.731325 -0.985962 -0.166972 -0.000000 38.030177 -0.000000 0.000000 1.000000 0.000000
-0.446535 0.894766 0.000000 473.832238 -0.894766 -0.446535 -0.000000 36.078034 -0.000000 0.000000 1.000000 0.000000
-0.661162 0.750243 0.000000 472.345849 -0.750243 -0.661162 0.000000 34.258917 0.000000 0.000000 1.000000 0.000000
-0.808903 0.587941 0.000000 470.271092 -0.587941 -0.808903 0.000000 32.667481 0.000000 0.000000 1.000000 0.000000
-0.869919 0.493195 0.000000 465.002441 -0.493195 -0.869919 0.000000 29.613938 0.000000 0.000000 1.000000 0.000000
-0.870280 0.492558 0.000000 463.517224 -0.492558 -0.870280 0.000000 28.779516 0.000000 0.000000 1.000000 0.000000
-0.870548 0.492083 0.000000 460.341395 -0.492083 -0.870548 0.000000 26.999292 0.000000 0.000000 1.000000 0.000000
-0.871479 0.490432 0.000000 456.886197 -0.490432 -0.871479 0.000000 25.078890 0.000000 0.000000 1.000000 0.000000
-0.872747 0.488173 0.000000 453.175276 -0.488173 -0.872747 0.000000 23.013508 0.000000 0.000000 1.000000 0.000000
-0.873472 0.486874 0.000000 449.214906 -0.486874 -0.873472 0.000000 20.839777 0.000000 0.000000 1.000000 0.000000
-0.874797 0.484490 0.000000 445.076863 -0.484490 -0.874797 0.000000 18.573566 0.000000 0.000000 1.000000 0.000000
-0.876729 0.480984 0.000000 440.756044 -0.480984 -0.876729 0.000000 16.227518 0.000000 0.000000 1.000000 0.000000
-0.881186 0.472770 0.000000 436.255628 -0.472770 -0.881186 0.000000 13.823119 0.000000 0.000000 1.000000 0.000000
-0.886872 0.462016 0.000000 426.915058 -0.462016 -0.886872 0.000000 8.960369 0.000000 0.000000 1.000000 0.000000
-0.887138 0.461504 0.000000 424.573591 -0.461504 -0.887138 0.000000 7.752993 0.000000 0.000000 1.000000 0.000000
-0.888656 0.458575 0.000000 419.848725 -0.458575 -0.888656 0.000000 5.341484 0.000000 0.000000 1.000000 0.000000
-0.890312 0.455351 0.000000 415.144308 -0.455351 -0.890312 0.000000 2.943844 0.000000 0.000000 1.000000 0.000000
-0.892164 0.451711 0.000000 410.414806 -0.451711 -0.892164 0.000000 0.553430 0.000000 0.000000 1.000000 0.000000
-0.892208 0.451624 0.000000 405.637643 -0.451624 -0.892208 0.000000 -1.845867 0.000000 0.000000 1.000000 0.000000
-0.892770 0.450513 0.000000 400.902132 -0.450513 -0.892770 0.000000 -4.225728 0.000000 0.000000 1.000000 0.000000
-0.893694 0.448676 0.000000 396.155873 -0.448676 -0.893694 0.000000 -6.598235 0.000000 0.000000 1.000000 0.000000
-0.894894 0.446279 0.000000 391.387196 -0.446279 -0.894894 0.000000 -8.964189 0.000000 0.000000 1.000000 0.000000
-0.901033 0.433750 0.000000 381.976334 -0.433750 -0.901033 0.000000 -13.543252 0.000000 0.000000 1.000000 0.000000
-0.904145 0.427225 0.000000 379.640354 -0.427225 -0.904145 0.000000 -14.638396 0.000000 0.000000 1.000000 0.000000
-0.910953 0.412511 0.000000 374.967615 -0.412511 -0.910953 0.000000 -16.760838 0.000000 0.000000 1.000000 0.000000
-0.917657 0.397374 0.000000 370.227194 -0.397374 -0.917657 0.000000 -18.830237 0.000000 0.000000 1.000000 0.000000
-0.923881 0.382679 0.000000 365.432275 -0.382679 -0.923881 0.000000 -20.828378 0.000000 0.000000 1.000000 0.000000
-0.931172 0.364580 0.000000 360.557842 -0.364580 -0.931172 0.000000 -22.751576 0.000000 0.000000 1.000000 0.000000
-0.937327 0.348450 0.000000 355.715566 -0.348450 -0.937327 0.000000 -24.561934 0.000000 0.000000 1.000000 0.000000
-0.940133 0.340807 0.000000 350.843286 -0.340807 -0.940133 0.000000 -26.306069 0.000000 0.000000 1.000000 0.000000
-0.938942 0.344074 0.000000 345.464174 -0.344074 -0.938942 0.000000 -28.233369 0.000000 0.000000 1.000000 0.000000
-0.934372 0.356300 0.000000 334.880540 -0.356300 -0.934372 0.000000 -32.145262 0.000000 0.000000 1.000000 0.000000
-0.932129 0.362126 0.000000 332.341346 -0.362126 -0.932129 0.000000 -33.116794 0.000000 0.000000 1.000000 0.000000
-0.928406 0.371568 0.000000 327.337484 -0.371568 -0.928406 0.000000 -35.082912 0.000000 0.000000 1.000000 0.000000
-0.924734 0.380614 0.000000 322.461173 -0.380614 -0.924734 0.000000 -37.046449 0.000000 0.000000 1.000000 0.000000
-0.921167 0.389168 0.000000 317.667362 -0.389168 -0.921167 0.000000 -39.030575 0.000000 0.000000 1.000000 0.000000
-0.917909 0.396790 0.000000 312.963932 -0.396790 -0.917909 0.000000 -41.022002 0.000000 0.000000 1.000000 0.000000
-0.917252 0.398307 0.000000 308.428511 -0.398307 -0.917252 0.000000 -42.964299 0.000000 0.000000 1.000000 0.000000
-0.916729 0.399509 0.000000 304.040930 -0.399509 -0.916729 0.000000 -44.859281 0.000000 0.000000 1.000000 0.000000
-0.915656 0.401962 0.000000 299.865569 -0.401962 -0.915656 0.000000 -46.664124 0.000000 0.000000 1.000000 0.000000
-0.912252 0.409628 0.000000 288.877474 -0.409628 -0.912252 0.000000 -51.496278 0.000000 0.000000 1.000000 0.000000
-0.911540 0.411212 0.000000 286.136704 -0.411212 -0.911540 0.000000 -52.713189 0.000000 0.000000 1.000000 0.000000
-0.910282 0.413989 0.000000 280.655603 -0.413989 -0.910282 0.000000 -55.159934 0.000000 0.000000 1.000000 0.000000
-0.908588 0.417693 0.000000 275.288337 -0.417693 -0.908588 0.000000 -57.588086 0.000000 0.000000 1.000000 0.000000
-0.907206 0.420686 0.000000 269.944785 -0.420686 -0.907206 0.000000 -60.023374 0.000000 0.000000 1.000000 0.000000
-0.906901 0.421345 0.000000 264.723886 -0.421345 -0.906901 0.000000 -62.433107 0.000000 0.000000 1.000000 0.000000
-0.908277 0.418369 0.000000 259.476646 -0.418369 -0.908277 0.000000 -64.832682 0.000000 0.000000 1.000000 0.000000
-0.909706 0.415253 0.000000 254.265847 -0.415253 -0.909706 0.000000 -67.193243 0.000000 0.000000 1.000000 0.000000
-0.910396 0.413738 0.000000 249.021560 -0.413738 -0.910396 0.000000 -69.540428 0.000000 0.000000 1.000000 0.000000
-0.908735 0.417374 0.000000 238.869798 -0.417374 -0.908735 0.000000 -74.106831 0.000000 0.000000 1.000000 0.000000
-0.907781 0.419444 0.000000 236.352863 -0.419444 -0.907781 0.000000 -75.255413 0.000000 0.000000 1.000000 0.000000
-0.905371 0.424622 0.000000 231.315456 -0.424622 -0.905371 0.000000 -77.576066 0.000000 0.000000 1.000000 0.000000
-0.903972 0.427591 0.000000 226.279864 -0.427591 -0.903972 0.000000 -79.910622 0.000000 0.000000 1.000000 0.000000
-0.902968 0.429707 0.000000 221.274184 -0.429707 -0.902968 0.000000 -82.255150 0.000000 0.000000 1.000000 0.000000
-0.902756 0.430152 0.000000 216.183575 -0.430152 -0.902756 0.000000 -84.649730 0.000000 0.000000 1.000000 0.000000
-0.902517 0.430654 0.000000 211.159434 -0.430654 -0.902517 0.000000 -87.014041 0.000000 0.000000 1.000000 0.000000
-0.903223 0.429172 0.000000 206.114418 -0.429172 -0.903223 0.000000 -89.394238 0.000000 0.000000 1.000000 0.000000
-0.903523 0.428540 0.000000 201.090087 -0.428540 -0.903523 0.000000 -91.749374 0.000000 0.000000 1.000000 0.000000
-0.903514 0.428559 0.000000 191.121730 -0.428559 -0.903514 0.000000 -96.395749 0.000000 0.000000 1.000000 0.000000
-0.903317 0.428974 0.000000 188.664502 -0.428974 -0.903317 0.000000 -97.546155 0.000000 0.000000 1.000000 0.000000
-0.902413 0.430872 0.000000 183.776451 -0.430872 -0.902413 0.000000 -99.854121 0.000000 0.000000 1.000000 0.000000
-0.901320 0.433154 0.000000 178.993971 -0.433154 -0.901320 0.000000 -102.119325 0.000000 0.000000 1.000000 0.000000
-0.900354 0.435159 0.000000 174.216355 -0.435159 -0.900354 0.000000 -104.389719 0.000000 0.000000 1.000000 0.000000
-0.901387 0.433015 0.000000 169.527595 -0.433015 -0.901387 0.000000 -106.621637 0.000000 0.000000 1.000000 0.000000
-0.903329 0.428948 0.000000 164.855208 -0.428948 -0.903329 0.000000 -108.812551 0.000000 0.000000 1.000000 0.000000
-0.906483 0.422242 0.000000 160.305828 -0.422242 -0.906483 0.000000 -110.923936 0.000000 0.000000 1.000000 0.000000
-0.910302 0.413944 0.000000 155.757439 -0.413944 -0.910302 0.000000 -112.988208 0.000000 0.000000 1.000000 0.000000
-0.913553 0.406719 0.000000 147.082795 -0.406719 -0.913553 0.000000 -116.832697 0.000000 0.000000 1.000000 0.000000
-0.914224 0.405210 0.000000 145.019805 -0.405210 -0.914224 0.000000 -117.731190 0.000000 0.000000 1.000000 0.000000
-0.915134 0.403149 0.000000 141.080342 -0.403149 -0.915134 0.000000 -119.449217 0.000000 0.000000 1.000000 0.000000
-0.915765 0.401715 0.000000 137.191347 -0.401715 -0.915765 0.000000 -121.123940 0.000000 0.000000 1.000000 0.000000
-0.916786 0.399379 0.000000 133.647394 -0.399379 -0.916786 0.000000 -122.652178 0.000000 0.000000 1.000000 0.000000
-0.918951 0.394371 0.000000 130.114409 -0.394371 -0.918951 0.000000 -124.164598 0.000000 0.000000 1.000000 0.000000
-0.919994 0.391932 0.000000 127.100152 -0.391932 -0.919994 0.000000 -125.442351 0.000000 0.000000 1.000000 0.000000
-0.920402 0.390974 0.000000 124.273655 -0.390974 -0.920402 0.000000 -126.629562 0.000000 0.000000 1.000000 0.000000
-0.920936 0.389714 0.000000 122.071381 -0.389714 -0.920936 0.000000 -127.544359 0.000000 0.000000 1.000000 0.000000
-0.922778 0.385331 0.000000 118.921940 -0.385331 -0.922778 0.000000 -128.843691 0.000000 0.000000 1.000000 0.000000
-0.923373 0.383903 0.000000 118.389312 -0.383903 -0.923373 0.000000 -129.061127 0.000000 0.000000 1.000000 0.000000
-0.924511 0.381156 0.000000 117.577471 -0.381156 -0.924511 0.000000 -129.391855 0.000000 0.000000 1.000000 0.000000
-0.925415 0.378956 0.000000 117.096386 -0.378956 -0.925415 0.000000 -129.587812 0.000000 0.000000 1.000000 0.000000
-0.926146 0.377164 0.000000 116.936239 -0.377164 -0.926146 0.000000 -129.652523 0.000000 0.000000 1.000000 0.000000
-0.926729 0.375731 0.000000 116.947249 -0.375731 -0.926729 0.000000 -129.649702 0.000000 0.000000 1.000000 0.000000
-0.927316 0.374279 0.000000 117.015431 -0.374279 -0.927316 0.000000 -129.623321 0.000000 0.000000 1.000000 0.000000
-0.927893 0.372845 0.000000 117.105087 -0.372845 -0.927893 0.000000 -129.589135 0.000000 0.000000 1.000000 0.000000
-0.928460 0.371433 0.000000 117.194336 -0.371433 -0.928460 0.000000 -129.554896 0.000000 0.000000 1.000000 0.000000
-0.929573 0.368637 0.000000 117.373211 -0.368637 -0.929573 0.000000 -129.486046 0.000000 0.000000 1.000000 0.000000
-0.929847 0.367946 0.000000 117.417403 -0.367946 -0.929847 0.000000 -129.469064 0.000000 0.000000 1.000000 0.000000
-0.930393 0.366564 0.000000 117.505411 -0.366564 -0.930393 0.000000 -129.435285 0.000000 0.000000 1.000000 0.000000
-0.930930 0.365197 0.000000 117.593383 -0.365197 -0.930930 0.000000 -129.401535 0.000000 0.000000 1.000000 0.000000
-0.931530 0.363663 0.000000 117.696029 -0.363663 -0.931530 0.000000 -129.362138 0.000000 0.000000 1.000000 0.000000
-0.932073 0.362270 0.000000 117.790548 -0.362270 -0.932073 0.000000 -129.325965 0.000000 0.000000 1.000000 0.000000
-0.932481 0.361219 0.000000 117.894626 -0.361219 -0.932481 0.000000 -129.286341 0.000000 0.000000 1.000000 0.000000
-0.932471 0.361246 0.000000 117.944023 -0.361246 -0.932471 0.000000 -129.266680 0.000000 0.000000 1.000000 0.000000
-0.932441 0.361322 0.000000 117.949590 -0.361322 -0.932441 0.000000 -129.264665 0.000000 0.000000 1.000000 0.000000
-0.932439 0.361328 0.000000 117.955226 -0.361328 -0.932439 0.000000 -129.263038 0.000000 0.000000 1.000000 0.000000
-0.932449 0.361303 0.000000 117.954883 -0.361303 -0.932449 0.000000 -129.263208 0.000000 0.000000 1.000000 0.000000
-0.932463 0.361266 0.000000 117.954439 -0.361266 -0.932463 0.000000 -129.263442 0.000000 0.000000 1.000000 0.000000
-0.932480 0.361222 0.000000 117.953743 -0.361222 -0.932480 0.000000 -129.263603 0.000000 0.000000 1.000000 0.000000
-0.932493 0.361187 0.000000 117.952979 -0.361187 -0.932493 0.000000 -129.263804 0.000000 0.000000 1.000000 0.000000
-0.932467 0.361254 0.000000 117.952482 -0.361254 -0.932467 0.000000 -129.263670 0.000000 0.000000 1.000000 0.000000
-0.932431 0.361348 0.000000 117.951986 -0.361348 -0.932431 0.000000 -129.263056 0.000000 0.000000 1.000000 0.000000
-0.932467 0.361256 0.000000 117.951997 -0.361256 -0.932467 0.000000 -129.263689 0.000000 0.000000 1.000000 0.000000
-0.932491 0.361194 0.000000 117.952019 -0.361194 -0.932491 0.000000 -129.264169 0.000000 0.000000 1.000000 0.000000
-0.932483 0.361213 0.000000 117.951964 -0.361213 -0.932483 0.000000 -129.263905 0.000000 0.000000 1.000000 0.000000
-0.932480 0.361223 0.000000 117.951858 -0.361223 -0.932480 0.000000 -129.263909 0.000000 0.000000 1.000000 0.000000
-0.932535 0.361079 0.000000 117.952376 -0.361079 -0.932535 0.000000 -129.265015 0.000000 0.000000 1.000000 0.000000
-0.932538 0.361072 0.000000 117.952639 -0.361072 -0.932538 0.000000 -129.265299 0.000000 0.000000 1.000000 0.000000
-0.932475 0.361236 0.000000 117.951995 -0.361236 -0.932475 0.000000 -129.264149 0.000000 0.000000 1.000000 0.000000
-0.932506 0.361155 0.000000 117.951703 -0.361155 -0.932506 0.000000 -129.264170 0.000000 0.000000 1.000000 0.000000
-0.932557 0.361023 0.000000 117.952205 -0.361023 -0.932557 0.000000 -129.265456 0.000000 0.000000 1.000000 0.000000
-0.932523 0.361110 0.000000 117.951825 -0.361110 -0.932523 0.000000 -129.264528 0.000000 0.000000 1.000000 0.000000
-0.932509 0.361146 0.000000 117.951674 -0.361146 -0.932509 0.000000 -129.264890 0.000000 0.000000 1.000000 0.000000
-0.932532 0.361086 0.000000 117.951589 -0.361086 -0.932532 0.000000 -129.265148 0.000000 0.000000 1.000000 0.000000
-0.932536 0.361076 0.000000 117.951819 -0.361076 -0.932536 0.000000 -129.265377 0.000000 0.000000 1.000000 0.000000
-0.932460 0.361272 0.000000 117.951880 -0.361272 -0.932460 0.000000 -129.264223 0.000000 0.000000 1.000000 0.000000
-0.932523 0.361111 0.000000 117.952251 -0.361111 -0.932523 0.000000 -129.265155 0.000000 0.000000 1.000000 0.000000
-0.932482 0.361216 0.000000 117.951508 -0.361216 -0.932482 0.000000 -129.264380 0.000000 0.000000 1.000000 0.000000
-0.932505 0.361156 0.000000 117.951865 -0.361156 -0.932505 0.000000 -129.264939 0.000000 0.000000 1.000000 0.000000
-0.932476 0.361232 0.000000 117.951812 -0.361232 -0.932476 0.000000 -129.264302 0.000000 0.000000 1.000000 0.000000
-0.932339 0.361584 0.000000 117.951206 -0.361584 -0.932339 0.000000 -129.262042 0.000000 0.000000 1.000000 0.000000
-0.932485 0.361208 0.000000 117.951815 -0.361208 -0.932485 0.000000 -129.264163 0.000000 0.000000 1.000000 0.000000
-0.932573 0.360982 0.000000 117.952086 -0.360982 -0.932573 0.000000 -129.265528 0.000000 0.000000 1.000000 0.000000
-0.932575 0.360975 0.000000 117.951931 -0.360975 -0.932575 0.000000 -129.265547 0.000000 0.000000 1.000000 0.000000
-0.932571 0.360988 0.000000 117.951872 -0.360988 -0.932571 0.000000 -129.265281 0.000000 0.000000 1.000000 0.000000
-0.932557 0.361023 0.000000 117.951955 -0.361023 -0.932557 0.000000 -129.265037 0.000000 0.000000 1.000000 0.000000
-0.932536 0.361076 0.000000 117.951971 -0.361076 -0.932536 0.000000 -129.264925 0.000000 0.000000 1.000000 0.000000
-0.932438 0.361329 0.000000 117.951609 -0.361329 -0.932438 0.000000 -129.263830 0.000000 0.000000 1.000000 0.000000
-0.932498 0.361176 0.000000 117.951356 -0.361176 -0.932498 0.000000 -129.264263 0.000000 0.000000 1.000000 0.000000
-0.932503 0.361163 0.000000 117.951569 -0.361163 -0.932503 0.000000 -129.264484 0.000000 0.000000 1.000000 0.000000
-0.932516 0.361127 0.000000 117.951744 -0.361127 -0.932516 0.000000 -129.264901 0.000000 0.000000 1.000000 0.000000
-0.932549 0.361043 0.000000 117.951615 -0.361043 -0.932549 0.000000 -129.265202 0.000000 0.000000 1.000000 0.000000
-0.932523 0.361111 0.000000 117.951758 -0.361111 -0.932523 0.000000 -129.265271 0.000000 0.000000 1.000000 0.000000
-0.932502 0.361166 0.000000 117.951244 -0.361166 -0.932502 0.000000 -129.264694 0.000000 0.000000 1.000000 0.000000
-0.932533 0.361084 0.000000 117.951512 -0.361084 -0.932533 0.000000 -129.265580 0.000000 0.000000 1.000000 0.000000
-0.932492 0.361191 0.000000 117.951181 -0.361191 -0.932492 0.000000 -129.264729 0.000000 0.000000 1.000000 0.000000
-0.932505 0.361157 0.000000 117.951421 -0.361157 -0.932505 0.000000 -129.264826 0.000000 0.000000 1.000000 0.000000
-0.932532 0.361086 0.000000 117.951584 -0.361086 -0.932532 0.000000 -129.265061 0.000000 0.000000 1.000000 0.000000
-0.932543 0.361059 0.000000 117.951784 -0.361059 -0.932543 0.000000 -129.265311 0.000000 0.000000 1.000000 0.000000
-0.932569 0.360991 0.000000 117.952268 -0.360991 -0.932569 0.000000 -129.266074 0.000000 0.000000 1.000000 0.000000
-0.932525 0.361104 0.000000 117.950959 -0.361104 -0.932525 0.000000 -129.265216 0.000000 0.000000 1.000000 0.000000
-0.932519 0.361121 0.000000 117.950776 -0.361121 -0.932519 0.000000 -129.265417 0.000000 0.000000 1.000000 0.000000
-0.932568 0.360993 0.000000 117.950730 -0.360993 -0.932568 0.000000 -129.265894 0.000000 0.000000 1.000000 0.000000
-0.932536 0.361076 0.000000 117.951026 -0.361076 -0.932536 0.000000 -129.265202 0.000000 0.000000 1.000000 0.000000
-0.932575 0.360976 0.000000 117.950957 -0.360976 -0.932575 0.000000 -129.265914 0.000000 0.000000 1.000000 0.000000
-0.932561 0.361013 0.000000 117.951273 -0.361013 -0.932561 0.000000 -129.265496 0.000000 0.000000 1.000000 0.000000
-0.932558 0.361021 0.000000 117.952173 -0.361021 -0.932558 0.000000 -129.265725 0.000000 0.000000 1.000000 0.000000
-0.932543 0.361059 0.000000 117.952223 -0.361059 -0.932543 0.000000 -129.265558 0.000000 0.000000 1.000000 0.000000
-0.932523 0.361111 0.000000 117.952309 -0.361111 -0.932523 0.000000 -129.265026 0.000000 0.000000 1.000000 0.000000
-0.932488 0.361200 0.000000 117.953407 -0.361200 -0.932488 0.000000 -129.263883 0.000000 0.000000 1.000000 0.000000
-0.932488 0.361201 0.000000 117.954056 -0.361201 -0.932488 0.000000 -129.263650 0.000000 0.000000 1.000000 0.000000
-0.932436 0.361336 0.000000 117.953588 -0.361336 -0.932436 0.000000 -129.263167 0.000000 0.000000 1.000000 0.000000
-0.932437 0.361333 0.000000 117.953763 -0.361333 -0.932437 0.000000 -129.262826 0.000000 0.000000 1.000000 0.000000
-0.932406 0.361412 0.000000 117.954409 -0.361412 -0.932406 0.000000 -129.262130 0.000000 0.000000 1.000000 0.000000
-0.932395 0.361440 0.000000 117.955094 -0.361440 -0.932395 0.000000 -129.261744 0.000000 0.000000 1.000000 0.000000
-0.932404 0.361418 0.000000 117.956048 -0.361418 -0.932404 0.000000 -129.261811 0.000000 0.000000 1.000000 0.000000
-0.932399 0.361431 0.000000 117.957027 -0.361431 -0.932399 0.000000 -129.261888 0.000000 0.000000 1.000000 0.000000
-0.932389 0.361458 0.000000 117.957464 -0.361458 -0.932389 0.000000 -129.262179 0.000000 0.000000 1.000000 0.000000
-0.932427 0.361360 0.000000 117.955700 -0.361360 -0.932427 0.000000 -129.262987 0.000000 0.000000 1.000000 0.000000
-0.932437 0.361332 0.000000 117.955178 -0.361332 -0.932437 0.000000 -129.263292 0.000000 0.000000 1.000000 0.000000
-0.932449 0.361302 0.000000 117.954222 -0.361302 -0.932449 0.000000 -129.263751 0.000000 0.000000 1.000000 0.000000
-0.932451 0.361297 0.000000 117.952999 -0.361297 -0.932451 0.000000 -129.264138 0.000000 0.000000 1.000000 0.000000
-0.932455 0.361286 0.000000 117.951962 -0.361286 -0.932455 0.000000 -129.264591 0.000000 0.000000 1.000000 0.000000
-0.932466 0.361259 0.000000 117.951160 -0.361259 -0.932466 0.000000 -129.264987 0.000000 0.000000 1.000000 0.000000
-0.932473 0.361239 0.000000 117.950253 -0.361239 -0.932473 0.000000 -129.265346 0.000000 0.000000 1.000000 0.000000
-0.932483 0.361215 0.000000 117.949802 -0.361215 -0.932483 0.000000 -129.265673 0.000000 0.000000 1.000000 0.000000
-0.932483 0.361214 0.000000 117.949619 -0.361214 -0.932483 0.000000 -129.265862 0.000000 0.000000 1.000000 0.000000
-0.932496 0.361180 0.000000 117.948054 -0.361180 -0.932496 0.000000 -129.266456 0.000000 0.000000 1.000000 0.000000
-0.932494 0.361184 0.000000 117.947929 -0.361184 -0.932494 0.000000 -129.266577 0.000000 0.000000 1.000000 0.000000
-0.932490 0.361195 0.000000 117.947528 -0.361195 -0.932490 0.000000 -129.266792 0.000000 0.000000 1.000000 0.000000
-0.932495 0.361182 0.000000 117.947460 -0.361182 -0.932495 0.000000 -129.267065 0.000000 0.000000 1.000000 0.000000
-0.932493 0.361188 0.000000 117.947217 -0.361188 -0.932493 0.000000 -129.267190 0.000000 0.000000 1.000000 0.000000
-0.932495 0.361182 0.000000 117.947107 -0.361182 -0.932495 0.000000 -129.267420 0.000000 0.000000 1.000000 0.000000
-0.932493 0.361188 0.000000 117.946989 -0.361188 -0.932493 0.000000 -129.267552 0.000000 0.000000 1.000000 0.000000
-0.932492 0.361191 0.000000 117.946681 -0.361191 -0.932492 0.000000 -129.267822 0.000000 0.000000 1.000000 0.000000
-0.932453 0.361291 0.000000 117.946407 -0.361291 -0.932453 0.000000 -129.266912 0.000000 0.000000 1.000000 0.000000
-0.932446 0.361309 0.000000 117.948456 -0.361309 -0.932446 0.000000 -129.265451 0.000000 0.000000 1.000000 0.000000
-0.932408 0.361406 0.000000 117.948438 -0.361406 -0.932408 0.000000 -129.264953 0.000000 0.000000 1.000000 0.000000
-0.932468 0.361251 0.000000 117.948814 -0.361251 -0.932468 0.000000 -129.265222 0.000000 0.000000 1.000000 0.000000
-0.932468 0.361252 0.000000 117.948262 -0.361252 -0.932468 0.000000 -129.265430 0.000000 0.000000 1.000000 0.000000
-0.932514 0.361133 0.000000 117.947020 -0.361133 -0.932514 0.000000 -129.266637 0.000000 0.000000 1.000000 0.000000
-0.932496 0.361180 0.000000 117.945761 -0.361180 -0.932496 0.000000 -129.267178 0.000000 0.000000 1.000000 0.000000
-0.932478 0.361227 0.000000 117.944160 -0.361227 -0.932478 0.000000 -129.267795 0.000000 0.000000 1.000000 0.000000
-0.932457 0.361281 0.000000 117.942638 -0.361281 -0.932457 0.000000 -129.268316 0.000000 0.000000 1.000000 0.000000
-0.932442 0.361320 0.000000 117.941471 -0.361320 -0.932442 0.000000 -129.268926 0.000000 0.000000 1.000000 0.000000
-0.932435 0.361338 0.000000 117.940014 -0.361338 -0.932435 0.000000 -129.269367 0.000000 0.000000 1.000000 0.000000
-0.932432 0.361345 0.000000 117.939974 -0.361345 -0.932432 0.000000 -129.269482 0.000000 0.000000 1.000000 0.000000
-0.932421 0.361373 0.000000 117.939956 -0.361373 -0.932421 0.000000 -129.269721 0.000000 0.000000 1.000000 0.000000
-0.932416 0.361388 0.000000 117.939809 -0.361388 -0.932416 0.000000 -129.270091 0.000000 0.000000 1.000000 0.000000
-0.932412 0.361398 0.000000 117.939044 -0.361398 -0.932412 0.000000 -129.270497 0.000000 0.000000 1.000000 0.000000
-0.932436 0.361335 0.000000 117.938613 -0.361335 -0.932436 0.000000 -129.270013 0.000000 0.000000 1.000000 0.000000
-0.932437 0.361332 0.000000 117.938731 -0.361332 -0.932437 0.000000 -129.269530 0.000000 0.000000 1.000000 0.000000
-0.932411 0.361400 0.000000 117.938687 -0.361400 -0.932411 0.000000 -129.269248 0.000000 0.000000 1.000000 0.000000
-0.932389 0.361458 0.000000 117.939089 -0.361458 -0.932389 0.000000 -129.268960 0.000000 0.000000 1.000000 0.000000
-0.932419 0.361379 0.000000 117.939762 -0.361379 -0.932419 0.000000 -129.269267 0.000000 0.000000 1.000000 0.000000
-0.932427 0.361358 0.000000 117.940114 -0.361358 -0.932427 0.000000 -129.269302 0.000000 0.000000 1.000000 0.000000
-0.932439 0.361328 0.000000 117.940828 -0.361328 -0.932439 0.000000 -129.269256 0.000000 0.000000 1.000000 0.000000
-0.932437 0.361332 0.000000 117.941315 -0.361332 -0.932437 0.000000 -129.269045 0.000000 0.000000 1.000000 0.000000
-0.932417 0.361383 0.000000 117.941747 -0.361383 -0.932417 0.000000 -129.268437 0.000000 0.000000 1.000000 0.000000
-0.932395 0.361442 0.000000 117.942463 -0.361442 -0.932395 0.000000 -129.267789 0.000000 0.000000 1.000000 0.000000
-0.932378 0.361485 0.000000 117.943179 -0.361485 -0.932378 0.000000 -129.267213 0.000000 0.000000 1.000000 0.000000
-0.932396 0.361438 0.000000 117.944346 -0.361438 -0.932396 0.000000 -129.267180 0.000000 0.000000 1.000000 0.000000
-0.932416 0.361388 0.000000 117.945363 -0.361388 -0.932416 0.000000 -129.267143 0.000000 0.000000 1.000000 0.000000
-0.932467 0.361254 0.000000 117.946164 -0.361254 -0.932467 0.000000 -129.266500 0.000000 0.000000 1.000000 0.000000
-0.932467 0.361256 0.000000 117.924242 -0.361256 -0.932467 0.000000 -129.274949 0.000000 0.000000 1.000000 0.000000
-0.932540 0.361068 0.000000 117.787761 -0.361068 -0.932540 0.000000 -129.326183 0.000000 0.000000 1.000000 0.000000
-0.932633 0.360826 0.000000 117.428511 -0.360826 -0.932633 0.000000 -129.462149 0.000000 0.000000 1.000000 0.000000
-0.932884 0.360178 0.000000 116.785443 -0.360178 -0.932884 0.000000 -129.705744 0.000000 0.000000 1.000000 0.000000
-0.933496 0.358587 0.000000 115.852935 -0.358587 -0.933496 0.000000 -130.057392 0.000000 0.000000 1.000000 0.000000
-0.935001 0.354645 0.000000 114.610769 -0.354645 -0.935001 0.000000 -130.518914 0.000000 0.000000 1.000000 0.000000
-0.936379 0.350990 0.000000 113.072180 -0.350990 -0.936379 0.000000 -131.079389 0.000000 0.000000 1.000000 0.000000
-0.938079 0.346421 0.000000 111.255486 -0.346421 -0.938079 0.000000 -131.736640 0.000000 0.000000 1.000000 0.000000
-0.942115 0.335290 0.000000 106.862808 -0.335290 -0.942115 0.000000 -133.282131 0.000000 0.000000 1.000000 0.000000
-0.943284 0.331985 0.000000 105.657562 -0.331985 -0.943284 0.000000 -133.696957 0.000000 0.000000 1.000000 0.000000
