1.000000 0.000000 0.000000 0.000000 0.000000 1.000000 0.000000 0.000000 0.000000 0.000000 1.000000 0.000000
1.000000 0.000000 0.000000 0.000000 0.000000 1.000000 0.000000 0.000000 0.000000 0.000000 1.000000 0.000000
1.000000 0.000000 0.000000 0.000000 0.000000 1.000000 0.000000 0.000000 0.000000 0.000000 1.000000 0.000000
1.000000 0.000000 0.000000 0.000000 0.000000 1.000000 0.000000 0.000000 0.000000 0.000000 1.000000 0.000000
1.000000 0.000000 0.000000 0.000000 0.000000 1.000000 0.000000 0.000000 0.000000 0.000000 1.000000 0.000000
1.000000 0.000000 0.000000 0.000000 0.000000 1.000000 0.000000 0.000000 0.000000 0.000000 1.000000 0.000000
1.000000 0.000000 0.000000 0.000000 0.000000 1.000000 0.000000 0.000000 0.000000 0.000000 1.000000 0.000000
1.000000 0.000000 0.000000 0.000000 0.000000 1.000000 0.000000 0.000000 0.000000 0.000000 1.000000 0.000000
1.000000 0.000003 0.000000 -0.000475 -0.000003 1.000000 -0.000000 -0.001706 -0.000000 0.000000 1.000000 0.000000
1.000000 -0.000007 0.000000 0.005020 0.000007 1.000000 0.000000 -0.001553 0.000000 0.000000 1.000000 0.000000
1.000000 -0.000029 0.000000 -0.000640 0.000029 1.000000 0.000000 0.004169 0.000000 0.000000 1.000000 0.000000
1.000000 -0.000163 0.000000 -0.003108 0.000163 1.000000 0.000000 0.003031 0.000000 0.000000 1.000000 0.000000
1.000000 0.000091 0.000000 0.000753 -0.000091 1.000000 -0.000000 -0.000739 -0.000000 0.000000 1.000000 0.000000
1.000000 0.000204 0.000000 0.004131 -0.000204 1.000000 -0.000000 0.003027 -0.000000 0.000000 1.000000 0.000000
1.000000 0.000266 0.000000 0.001106 -0.000266 1.000000 -0.000000 -0.001600 -0.000000 0.000000 1.000000 0.000000
1.000000 0.000131 0.000000 0.001572 -0.000131 1.000000 -0.000000 -0.001948 -0.000000 0.000000 1.000000 0.000000
1.000000 0.000088 0.000000 -0.000213 -0.000088 1.000000 -0.000000 0.000901 -0.000000 0.000000 1.000000 0.000000
1.000000 0.000172 0.000000 0.000534 -0.000172 1.000000 -0.000000 -0.002238 -0.000000 0.000000 1.000000 0.000000
1.000000 -0.000125 0.000000 0.003368 0.000125 1.000000 0.000000 0.005158 0.000000 0.000000 1.000000 0.000000
1.000000 0.000120 0.000000 0.001307 -0.000120 1.000000 -0.000000 0.002847 -0.000000 0.000000 1.000000 0.000000
1.000000 0.000183 0.000000 0.003464 -0.000183 1.000000 -0.000000 -0.001577 -0.000000 0.000000 1.000000 0.000000
1.000000 0.000115 0.000000 0.000503 -0.000115 1.000000 -0.000000 0.000493 -0.000000 0.000000 1.000000 0.000000
1.000000 0.000033 0.000000 -0.002382 -0.000033 1.000000 -0.000000 0.003359 -0.000000 0.000000 1.000000 0.000000
1.000000 0.000130 0.000000 0.000848 -0.000130 1.000000 -0.000000 -0.002647 -0.000000 0.000000 1.000000 0.000000
1.000000 0.000182 0.000000 0.004021 -0.000182 1.000000 -0.000000 0.000429 -0.000000 0.000000 1.000000 0.000000
1.000000 0.000075 0.000000 -0.005976 -0.000075 1.000000 -0.000000 0.001456 -0.000000 0.000000 1.000000 0.000000
1.000000 0.000205 0.000000 0.004404 -0.000205 1.000000 -0.000000 -0.005474 -0.000000 0.000000 1.000000 0.000000
1.000000 0.000113 0.000000 0.000642 -0.000113 1.000000 -0.000000 -0.002081 -0.000000 0.000000 1.000000 0.000000
1.000000 0.000591 0.000000 -0.002562 -0.000591 1.000000 -0.000000 0.006006 -0.000000 0.000000 1.000000 0.000000
1.000000 0.000072 0.000000 -0.001758 -0.000072 1.000000 -0.000000 0.002936 -0.000000 0.000000 1.000000 0.000000
1.000000 0.000031 0.000000 -0.004480 -0.000031 1.000000 -0.000000 -0.003980 -0.000000 0.000000 1.000000 0.000000
1.000000 0.000074 0.000000 -0.001852 -0.000074 1.000000 -0.000000 -0.002630 -0.000000 0.000000 1.000000 0.000000
1.000000 -0.000047 0.000000 -0.010955 0.000047 1.000000 0.000000 0.000443 0.000000 0.000000 1.000000 0.000000
1.000000 0.000127 0.000000 -0.010232 -0.000127 1.000000 -0.000000 -0.004731 -0.000000 0.000000 1.000000 0.000000
1.000000 0.000013 0.000000 -0.007306 -0.000013 1.000000 -0.000000 -0.000718 -0.000000 0.000000 1.000000 0.000000
1.000000 0.000072 0.000000 -0.002967 -0.000072 1.000000 -0.000000 -0.001673 -0.000000 0.000000 1.000000 0.000000
1.000000 0.000056 0.000000 -0.005070 -0.000056 1.000000 -0.000000 0.002316 -0.000000 0.000000 1.000000 0.000000
1.000000 0.000084 0.000000 -0.002566 -0.000084 1.000000 -0.000000 -0.005118 -0.000000 0.000000 1.000000 0.000000
1.000000 0.000106 0.000000 -0.001586 -0.000106 1.000000 -0.000000 -0.004939 -0.000000 0.000000 1.000000 0.000000
1.000000 0.000160 0.000000 0.000663 -0.000160 1.000000 -0.000000 -0.005656 -0.000000 0.000000 1.000000 0.000000
1.000000 0.000179 0.000000 -0.012749 -0.000179 1.000000 -0.000000 0.000147 -0.000000 0.000000 1.000000 0.000000
1.000000 0.000092 0.000000 -0.008697 -0.000092 1.000000 -0.000000 -0.000517 -0.000000 0.000000 1.000000 0.000000
1.000000 0.000068 0.000000 -0.003107 -0.000068 1.000000 -0.000000 -0.003011 -0.000000 0.000000 1.000000 0.000000
1.000000 -0.000061 0.000000 -0.009562 0.000061 1.000000 0.000000 0.000803 0.000000 0.000000 1.000000 0.000000
1.000000 0.000063 0.000000 -0.002778 -0.000063 1.000000 -0.000000 -0.001236 -0.000000 0.000000 1.000000 0.000000
1.000000 -0.000241 0.000000 -0.019781 0.000241 1.000000 0.000000 0.003137 0.000000 0.000000 1.000000 0.000000
1.000000 0.000043 0.000000 -0.004785 -0.000043 1.000000 -0.000000 0.002123 -0.000000 0.000000 1.000000 0.000000
1.000000 0.000079 0.000000 -0.002654 -0.000079 1.000000 -0.000000 -0.002465 -0.000000 0.000000 1.000000 0.000000
1.000000 0.000062 0.000000 -0.003254 -0.000062 1.000000 -0.000000 -0.001289 -0.000000 0.000000 1.000000 0.000000
1.000000 0.000085 0.000000 -0.003580 -0.000085 1.000000 -0.000000 -0.001773 -0.000000 0.000000 1.000000 0.000000
1.000000 0.000101 0.000000 -0.004818 -0.000101 1.000000 -0.000000 -0.001465 -0.000000 0.000000 1.000000 0.000000
1.000000 0.000098 0.000000 -0.008240 -0.000098 1.000000 -0.000000 0.001900 -0.000000 0.000000 1.000000 0.000000
1.000000 0.000089 0.000000 -0.008401 -0.000089 1.000000 -0.000000 0.002468 -0.000000 0.000000 1.000000 0.000000
1.000000 0.000072 0.000000 -0.009082 -0.000072 1.000000 -0.000000 0.003548 -0.000000 0.000000 1.000000 0.000000
1.000000 0.000094 0.000000 -0.013076 -0.000094 1.000000 -0.000000 0.001021 -0.000000 0.000000 1.000000 0.000000
1.000000 0.000080 0.000000 -0.008992 -0.000080 1.000000 -0.000000 0.000976 -0.000000 0.000000 1.000000 0.000000
1.000000 0.000096 0.000000 -0.016617 -0.000096 1.000000 -0.000000 0.009531 -0.000000 0.000000 1.000000 0.000000
1.000000 -0.000048 0.000000 -0.020361 0.000048 1.000000 0.000000 0.007728 0.000000 0.000000 1.000000 0.000000
1.000000 0.000059 0.000000 -0.012598 -0.000059 1.000000 -0.000000 0.002419 -0.000000 0.000000 1.000000 0.000000
1.000000 0.000137 0.000000 -0.005234 -0.000137 1.000000 -0.000000 0.001011 -0.000000 0.000000 1.000000 0.000000
1.000000 0.000154 0.000000 -0.005638 -0.000154 1.000000 -0.000000 -0.001831 -0.000000 0.000000 1.000000 0.000000
1.000000 0.000112 0.000000 -0.007617 -0.000112 1.000000 -0.000000 -0.000508 -0.000000 0.000000 1.000000 0.000000
1.000000 -0.000032 0.000000 -0.017547 0.000032 1.000000 0.000000 0.000944 0.000000 0.000000 1.000000 0.000000
1.000000 -0.000034 0.000000 -0.012972 0.000034 1.000000 0.000000 -0.000081 0.000000 0.000000 1.000000 0.000000
1.000000 0.000086 0.000000 -0.006497 -0.000086 1.000000 -0.000000 0.001142 -0.000000 0.000000 1.000000 0.000000
1.000000 0.000060 0.000000 -0.007116 -0.000060 1.000000 -0.000000 -0.002950 -0.000000 0.000000 1.000000 0.000000
1.000000 0.000100 0.000000 -0.007184 -0.000100 1.000000 -0.000000 -0.001245 -0.000000 0.000000 1.000000 0.000000
1.000000 0.000212 0.000000 -0.014286 -0.000212 1.000000 -0.000000 0.003767 -0.000000 0.000000 1.000000 0.000000
1.000000 0.000018 0.000000 -0.013329 -0.000018 1.000000 -0.000000 -0.006267 -0.000000 0.000000 1.000000 0.000000
1.000000 -0.000036 0.000000 -0.013343 0.000036 1.000000 0.000000 -0.000949 0.000000 0.000000 1.000000 0.000000
1.000000 -0.000006 0.000000 -0.013838 0.000006 1.000000 0.000000 -0.004408 0.000000 0.000000 1.000000 0.000000
1.000000 -0.000081 0.000000 -0.017562 0.000081 1.000000 0.000000 -0.000156 0.000000 0.000000 1.000000 0.000000
1.000000 -0.000015 0.000000 -0.017553 0.000015 1.000000 0.000000 -0.000654 0.000000 0.000000 1.000000 0.000000
1.000000 -0.000109 0.000000 -0.017606 0.000109 1.000000 0.000000 -0.005890 0.000000 0.000000 1.000000 0.000000
1.000000 -0.000062 0.000000 -0.014492 0.000062 1.000000 0.000000 -0.001049 0.000000 0.000000 1.000000 0.000000
1.000000 0.000092 0.000000 -0.016586 -0.000092 1.000000 -0.000000 0.001792 -0.000000 0.000000 1.000000 0.000000
1.000000 -0.000113 0.000000 -0.018908 0.000113 1.000000 0.000000 -0.000433 0.000000 0.000000 1.000000 0.000000
1.000000 -0.000101 0.000000 -0.019373 0.000101 1.000000 0.000000 -0.000280 0.000000 0.000000 1.000000 0.000000
1.000000 -0.000047 0.000000 -0.019875 0.000047 1.000000 0.000000 -0.000061 0.000000 0.000000 1.000000 0.000000
1.000000 0.000046 0.000000 -0.010507 -0.000046 1.000000 -0.000000 -0.001432 -0.000000 0.000000 1.000000 0.000000
1.000000 0.000094 0.000000 -0.010452 -0.000094 1.000000 -0.000000 -0.006447 -0.000000 0.000000 1.000000 0.000000
1.000000 0.000055 0.000000 -0.009200 -0.000055 1.000000 -0.000000 -0.010342 -0.000000 0.000000 1.000000 0.000000
1.000000 -0.000030 0.000000 -0.015430 0.000030 1.000000 0.000000 -0.001742 0.000000 0.000000 1.000000 0.000000
1.000000 -0.000072 0.000000 -0.013383 0.000072 1.000000 0.000000 -0.003084 0.000000 0.000000 1.000000 0.000000
1.000000 0.000364 0.000000 0.008951 -0.000364 1.000000 -0.000000 0.000366 -0.000000 0.000000 1.000000 0.000000
0.999999 0.001113 0.000000 0.052580 -0.001113 0.999999 -0.000000 0.034150 -0.000000 0.000000 1.000000 0.000000
1.000000 -0.000415 0.000000 0.103113 0.000415 1.000000 0.000000 -0.001277 0.000000 0.000000 1.000000 0.000000
0.999991 -0.004233 0.000000 0.209533 0.004233 0.999991 0.000000 0.004758 0.000000 0.000000 1.000000 0.000000
0.999975 -0.007051 0.000000 0.331984 0.007051 0.999975 0.000000 0.041148 0.000000 0.000000 1.000000 0.000000
0.999880 -0.015463 0.000000 0.563551 0.015463 0.999880 0.000000 0.038235 0.000000 0.000000 1.000000 0.000000
0.999653 -0.026330 0.000000 0.899113 0.026330 0.999653 0.000000 0.058439 0.000000 0.000000 1.000000 0.000000
0.998746 -0.050066 0.000000 1.188004 0.050066 0.998746 0.000000 0.176673 0.000000 0.000000 1.000000 0.000000
0.997433 -0.071612 0.000000 1.820387 0.071612 0.997433 0.000000 0.186917 0.000000 0.000000 1.000000 0.000000
0.994501 -0.104725 0.000000 2.668693 0.104725 0.994501 0.000000 0.244109 0.000000 0.000000 1.000000 0.000000
0.991698 -0.128589 0.000000 3.183749 0.128589 0.991698 0.000000 0.275569 0.000000 0.000000 1.000000 0.000000
0.988266 -0.152741 0.000000 4.032145 0.152741 0.988266 0.000000 0.455616 0.000000 0.000000 1.000000 0.000000
0.984161 -0.177276 0.000000 4.777702 0.177276 0.984161 0.000000 0.586438 0.000000 0.000000 1.000000 0.000000
0.985516 -0.169583 0.000000 5.083327 0.169583 0.985516 0.000000 0.643378 0.000000 0.000000 1.000000 0.000000
0.984449 -0.175669 0.000000 6.096976 0.175669 0.984449 0.000000 0.823256 0.000000 0.000000 1.000000 0.000000
0.985694 -0.168545 0.000000 7.451790 0.168545 0.985694 0.000000 0.942762 0.000000 0.000000 1.000000 0.000000
0.985979 -0.166868 0.000000 8.360632 0.166868 0.985979 0.000000 1.226895 0.000000 0.000000 1.000000 0.000000
0.984592 -0.174866 0.000000 9.740619 0.174866 0.984592 0.000000 1.436298 0.000000 0.000000 1.000000 0.000000
0.986203 -0.165542 0.000000 11.124058 0.165542 0.986203 0.000000 1.602598 0.000000 0.000000 1.000000 0.000000
0.987396 -0.158266 0.000000 12.453382 0.158266 0.987396 0.000000 1.801501 0.000000 0.000000 1.000000 0.000000
0.989702 -0.143144 0.000000 13.835487 0.143144 0.989702 0.000000 1.920669 0.000000 0.000000 1.000000 0.000000
0.991698 -0.128591 0.000000 15.373602 0.128591 0.991698 0.000000 2.078227 0.000000 0.000000 1.000000 0.000000
0.993783 -0.111339 0.000000 17.007772 0.111339 0.993783 0.000000 2.312611 0.000000 0.000000 1.000000 0.000000
0.995013 -0.099744 0.000000 18.634871 0.099744 0.995013 0.000000 2.551894 0.000000 0.000000 1.000000 0.000000
0.996458 -0.084097 0.000000 20.367249 0.084097 0.996458 0.000000 2.631974 0.000000 0.000000 1.000000 0.000000
0.997708 -0.067660 0.000000 22.182264 0.067660 0.997708 0.000000 2.787128 0.000000 0.000000 1.000000 0.000000
0.998703 -0.050916 0.000000 24.067499 0.050916 0.998703 0.000000 2.913463 0.000000 0.000000 1.000000 0.000000
0.999071 -0.043100 0.000000 25.708225 0.043100 0.999071 0.000000 2.956818 0.000000 0.000000 1.000000 0.000000
0.999451 -0.033119 0.000000 27.451414 0.033119 0.999451 0.000000 3.000122 0.000000 0.000000 1.000000 0.000000
0.999659 -0.026124 0.000000 29.436102 0.026124 0.999659 0.000000 3.098827 0.000000 0.000000 1.000000 0.000000
0.999898 -0.014285 0.000000 31.141348 0.014285 0.999898 0.000000 3.058683 0.000000 0.000000 1.000000 0.000000
0.999940 -0.010928 0.000000 32.813805 0.010928 0.999940 0.000000 3.032694 0.000000 0.000000 1.000000 0.000000
0.999896 -0.014450 0.000000 34.645016 0.014450 0.999896 0.000000 3.069581 0.000000 0.000000 1.000000 0.000000
0.999912 -0.013284 0.000000 36.459469 0.013284 0.999912 0.000000 3.116031 0.000000 0.000000 1.000000 0.000000
0.999921 -0.012568 0.000000 38.342800 0.012568 0.999921 0.000000 3.091440 0.000000 0.000000 1.000000 0.000000
0.999953 -0.009742 0.000000 40.241234 0.009742 0.999953 0.000000 3.038177 0.000000 0.000000 1.000000 0.000000
0.999940 -0.010946 0.000000 42.062298 0.010946 0.999940 0.000000 3.123611 0.000000 0.000000 1.000000 0.000000
0.999860 -0.016713 0.000000 43.840897 0.016713 0.999860 0.000000 3.097907 0.000000 0.000000 1.000000 0.000000
0.999884 -0.015230 0.000000 45.785053 0.015230 0.999884 0.000000 3.146379 0.000000 0.000000 1.000000 0.000000
0.999848 -0.017460 0.000000 47.744637 0.017460 0.999848 0.000000 3.078012 0.000000 0.000000 1.000000 0.000000
0.999882 -0.015333 0.000000 49.542397 0.015333 0.999882 0.000000 3.176690 0.000000 0.000000 1.000000 0.000000
0.999901 -0.014070 0.000000 51.442055 0.014070 0.999901 0.000000 3.176214 0.000000 0.000000 1.000000 0.000000
0.999842 -0.017785 0.000000 53.273258 0.017785 0.999842 0.000000 3.187792 0.000000 0.000000 1.000000 0.000000
0.999901 -0.014099 0.000000 55.100315 0.014099 0.999901 0.000000 3.227403 0.000000 0.000000 1.000000 0.000000
0.999919 -0.012763 0.000000 57.021648 0.012763 0.999919 0.000000 3.223444 0.000000 0.000000 1.000000 0.000000
0.999934 -0.011515 0.000000 58.897400 0.011515 0.999934 0.000000 3.213169 0.000000 0.000000 1.000000 0.000000
0.999976 -0.006940 0.000000 60.844704 0.006940 0.999976 0.000000 3.220465 0.000000 0.000000 1.000000 0.000000
0.999977 -0.006854 0.000000 62.639320 0.006854 0.999977 0.000000 3.205484 0.000000 0.000000 1.000000 0.000000
0.999982 -0.005971 0.000000 64.497368 0.005971 0.999982 0.000000 3.207586 0.000000 0.000000 1.000000 0.000000
0.999969 -0.007909 0.000000 66.298706 0.007909 0.999969 0.000000 3.265897 0.000000 0.000000 1.000000 0.000000
0.999985 -0.005489 0.000000 68.012688 0.005489 0.999985 0.000000 3.206244 0.000000 0.000000 1.000000 0.000000
0.999979 -0.006493 0.000000 69.910515 0.006493 0.999979 0.000000 3.267205 0.000000 0.000000 1.000000 0.000000
0.999992 -0.004099 0.000000 71.797394 0.004099 0.999992 0.000000 3.224261 0.000000 0.000000 1.000000 0.000000
0.999979 -0.006485 0.000000 73.473602 0.006485 0.999979 0.000000 3.292673 0.000000 0.000000 1.000000 0.000000
0.999998 -0.002160 0.000000 75.303291 0.002160 0.999998 0.000000 3.225478 0.000000 0.000000 1.000000 0.000000
0.999998 -0.001824 0.000000 77.132393 0.001824 0.999998 0.000000 3.207546 0.000000 0.000000 1.000000 0.000000
1.000000 0.000719 0.000000 78.956146 -0.000719 1.000000 -0.000000 3.185840 -0.000000 0.000000 1.000000 0.000000
0.999998 -0.001995 0.000000 80.640732 0.001995 0.999998 0.000000 3.177174 0.000000 0.000000 1.000000 0.000000
0.999996 -0.002741 0.000000 82.325737 0.002741 0.999996 0.000000 3.208001 0.000000 0.000000 1.000000 0.000000
0.999990 -0.004482 0.000000 84.272797 0.004482 0.999990 0.000000 3.191803 0.000000 0.000000 1.000000 0.000000
0.999996 0.002970 0.000000 86.008263 -0.002970 0.999996 -0.000000 3.164900 -0.000000 0.000000 1.000000 0.000000
0.999981 0.006131 0.000000 87.736740 -0.006131 0.999981 -0.000000 3.135198 -0.000000 0.000000 1.000000 0.000000
0.999926 0.012140 0.000000 89.536034 -0.012140 0.999926 -0.000000 3.062936 -0.000000 0.000000 1.000000 0.000000
0.999900 0.014149 0.000000 91.318939 -0.014149 0.999900 -0.000000 3.057446 -0.000000 0.000000 1.000000 0.000000
0.999925 0.012280 0.000000 93.139526 -0.012280 0.999925 -0.000000 2.942842 -0.000000 0.000000 1.000000 0.000000
0.999972 0.007429 0.000000 94.801018 -0.007429 0.999972 -0.000000 2.937850 -0.000000 0.000000 1.000000 0.000000
1.000000 0.000158 0.000000 96.732819 -0.000158 1.000000 -0.000000 2.932113 -0.000000 0.000000 1.000000 0.000000
0.999994 -0.003580 0.000000 98.532829 0.003580 0.999994 0.000000 2.967954 0.000000 0.000000 1.000000 0.000000
0.999870 -0.016095 0.000000 100.326492 0.016095 0.999870 0.000000 2.934621 0.000000 0.000000 1.000000 0.000000
0.999792 -0.020388 0.000000 102.215584 0.020388 0.999792 0.000000 2.995875 0.000000 0.000000 1.000000 0.000000
0.999648 -0.026529 0.000000 104.074692 0.026529 0.999648 0.000000 2.964284 0.000000 0.000000 1.000000 0.000000
0.999331 -0.036560 0.000000 106.039162 0.036560 0.999331 0.000000 3.017249 0.000000 0.000000 1.000000 0.000000
0.999123 -0.041881 0.000000 108.060966 0.041881 0.999123 0.000000 3.053733 0.000000 0.000000 1.000000 0.000000
0.998779 -0.049399 0.000000 109.832565 0.049399 0.998779 0.000000 3.148624 0.000000 0.000000 1.000000 0.000000
0.998178 -0.060342 0.000000 111.750473 0.060342 0.998178 0.000000 3.296815 0.000000 0.000000 1.000000 0.000000
0.997758 -0.066927 0.000000 113.659195 0.066927 0.997758 0.000000 3.361991 0.000000 0.000000 1.000000 0.000000
0.997336 -0.072949 0.000000 115.708153 0.072949 0.997336 0.000000 3.543053 0.000000 0.000000 1.000000 0.000000
0.997335 -0.072956 0.000000 117.748413 0.072956 0.997335 0.000000 3.627446 0.000000 0.000000 1.000000 0.000000
0.997452 -0.071342 0.000000 119.577751 0.071342 0.997452 0.000000 3.697176 0.000000 0.000000 1.000000 0.000000
0.997819 -0.066011 0.000000 121.412270 0.066011 0.997819 0.000000 3.829950 0.000000 0.000000 1.000000 0.000000
0.997621 -0.068944 0.000000 123.457077 0.068944 0.997621 0.000000 3.958515 0.000000 0.000000 1.000000 0.000000
0.997722 -0.067456 0.000000 125.449425 0.067456 0.997722 0.000000 4.031955 0.000000 0.000000 1.000000 0.000000
0.997874 -0.065166 0.000000 127.427696 0.065166 0.997874 0.000000 4.122853 0.000000 0.000000 1.000000 0.000000
0.997999 -0.063223 0.000000 129.339554 0.063223 0.997999 0.000000 4.262954 0.000000 0.000000 1.000000 0.000000
0.998361 -0.057239 0.000000 131.208054 0.057239 0.998361 0.000000 4.329627 0.000000 0.000000 1.000000 0.000000
0.998359 -0.057259 0.000000 133.221375 0.057259 0.998359 0.000000 4.400351 0.000000 0.000000 1.000000 0.000000
0.998330 -0.057775 0.000000 135.168304 0.057775 0.998330 0.000000 4.530222 0.000000 0.000000 1.000000 0.000000
0.998647 -0.052008 0.000000 137.105972 0.052008 0.998647 0.000000 4.627192 0.000000 0.000000 1.000000 0.000000
0.998529 -0.054228 0.000000 139.177490 0.054228 0.998529 0.000000 4.738211 0.000000 0.000000 1.000000 0.000000
0.998783 -0.049327 0.000000 141.151566 0.049327 0.998783 0.000000 4.892216 0.000000 0.000000 1.000000 0.000000
0.998854 -0.047868 0.000000 143.124405 0.047868 0.998854 0.000000 4.851660 0.000000 0.000000 1.000000 0.000000
0.998950 -0.045817 0.000000 145.102859 0.045817 0.998950 0.000000 4.923625 0.000000 0.000000 1.000000 0.000000
0.998692 -0.051133 0.000000 147.078461 0.051133 0.998692 0.000000 5.144880 0.000000 0.000000 1.000000 0.000000
0.998799 -0.048990 0.000000 149.119904 0.048990 0.998799 0.000000 5.277577 0.000000 0.000000 1.000000 0.000000
0.998931 -0.046217 0.000000 151.129059 0.046217 0.998931 0.000000 5.233480 0.000000 0.000000 1.000000 0.000000
0.998932 -0.046198 0.000000 153.056900 0.046198 0.998932 0.000000 5.347158 0.000000 0.000000 1.000000 0.000000
0.998929 -0.046260 0.000000 155.094009 0.046260 0.998929 0.000000 5.450903 0.000000 0.000000 1.000000 0.000000
0.999082 -0.042845 0.000000 157.127441 0.042845 0.999082 0.000000 5.547297 0.000000 0.000000 1.000000 0.000000
0.999142 -0.041416 0.000000 159.141479 0.041416 0.999142 0.000000 5.607441 0.000000 0.000000 1.000000 0.000000
0.999094 -0.042561 0.000000 161.280090 0.042561 0.999094 0.000000 5.621443 0.000000 0.000000 1.000000 0.000000
0.999074 -0.043026 0.000000 163.413574 0.043026 0.999074 0.000000 5.681668 0.000000 0.000000 1.000000 0.000000
0.999057 -0.043408 0.000000 165.524048 0.043408 0.999057 0.000000 5.740494 0.000000 0.000000 1.000000 0.000000
0.999178 -0.040545 0.000000 167.573700 0.040545 0.999178 0.000000 5.792626 0.000000 0.000000 1.000000 0.000000
0.999266 -0.038295 0.000000 169.671173 0.038295 0.999266 0.000000 5.884813 0.000000 0.000000 1.000000 0.000000
0.999179 -0.040506 0.000000 171.755600 0.040506 0.999179 0.000000 5.949712 0.000000 0.000000 1.000000 0.000000
0.998956 -0.045672 0.000000 173.968155 0.045672 0.998956 0.000000 6.072192 0.000000 0.000000 1.000000 0.000000
0.998617 -0.052571 0.000000 175.949692 0.052571 0.998617 0.000000 6.162231 0.000000 0.000000 1.000000 0.000000
0.998419 -0.056215 0.000000 177.912079 0.056215 0.998419 0.000000 6.196819 0.000000 0.000000 1.000000 0.000000
0.998201 -0.059954 0.000000 179.976517 0.059954 0.998201 0.000000 6.270637 0.000000 0.000000 1.000000 0.000000
0.998381 -0.056888 0.000000 182.024078 0.056888 0.998381 0.000000 6.348680 0.000000 0.000000 1.000000 0.000000
0.997948 -0.064027 0.000000 183.965195 0.064027 0.997948 0.000000 6.490437 0.000000 0.000000 1.000000 0.000000
0.998124 -0.061221 0.000000 185.817581 0.061221 0.998124 0.000000 6.675334 0.000000 0.000000 1.000000 0.000000
0.998531 -0.054175 0.000000 187.716522 0.054175 0.998531 0.000000 6.704053 0.000000 0.000000 1.000000 0.000000
0.998440 -0.055837 0.000000 189.704666 0.055837 0.998440 0.000000 6.796467 0.000000 0.000000 1.000000 0.000000
0.998289 -0.058481 0.000000 191.686386 0.058481 0.998289 0.000000 6.880488 0.000000 0.000000 1.000000 0.000000
0.998284 -0.058564 0.000000 193.377655 0.058564 0.998284 0.000000 6.995477 0.000000 0.000000 1.000000 0.000000
0.998124 -0.061232 0.000000 194.948502 0.061232 0.998124 0.000000 7.099432 0.000000 0.000000 1.000000 0.000000
0.998325 -0.057848 0.000000 196.724518 0.057848 0.998325 0.000000 7.164932 0.000000 0.000000 1.000000 0.000000
0.998170 -0.060465 0.000000 198.523697 0.060465 0.998170 0.000000 7.262781 0.000000 0.000000 1.000000 0.000000
0.998131 -0.061114 0.000000 200.223419 0.061114 0.998131 0.000000 7.383907 0.000000 0.000000 1.000000 0.000000
0.998046 -0.062484 0.000000 202.030014 0.062484 0.998046 0.000000 7.508239 0.000000 0.000000 1.000000 0.000000
0.998322 -0.057913 0.000000 203.707993 0.057913 0.998322 0.000000 7.609437 0.000000 0.000000 1.000000 0.000000
0.998080 -0.061940 0.000000 205.298950 0.061940 0.998080 0.000000 7.709147 0.000000 0.000000 1.000000 0.000000
0.998276 -0.058698 0.000000 206.854874 0.058698 0.998276 0.000000 7.798220 0.000000 0.000000 1.000000 0.000000
0.998567 -0.053519 0.000000 208.467407 0.053519 0.998567 0.000000 7.904789 0.000000 0.000000 1.000000 0.000000
0.998689 -0.051185 0.000000 209.966263 0.051185 0.998689 0.000000 7.988116 0.000000 0.000000 1.000000 0.000000
0.998856 -0.047813 0.000000 211.588196 0.047813 0.998856 0.000000 8.032022 0.000000 0.000000 1.000000 0.000000
0.998985 -0.045047 0.000000 212.966034 0.045047 0.998985 0.000000 8.121477 0.000000 0.000000 1.000000 0.000000
0.999030 -0.044044 0.000000 214.369568 0.044044 0.999030 0.000000 8.170501 0.000000 0.000000 1.000000 0.000000
0.998887 -0.047158 0.000000 215.829514 0.047158 0.998887 0.000000 8.211295 0.000000 0.000000 1.000000 0.000000
0.998851 -0.047922 0.000000 217.043381 0.047922 0.998851 0.000000 8.266059 0.000000 0.000000 1.000000 0.000000
0.998930 -0.046248 0.000000 218.441040 0.046248 0.998930 0.000000 8.307029 0.000000 0.000000 1.000000 0.000000
0.998920 -0.046470 0.000000 219.927460 0.046470 0.998920 0.000000 8.374240 0.000000 0.000000 1.000000 0.000000
0.998859 -0.047757 0.000000 221.424423 0.047757 0.998859 0.000000 8.467991 0.000000 0.000000 1.000000 0.000000
0.998810 -0.048780 0.000000 222.809143 0.048780 0.998810 0.000000 8.498429 0.000000 0.000000 1.000000 0.000000
0.998626 -0.052407 0.000000 224.066025 0.052407 0.998626 0.000000 8.604930 0.000000 0.000000 1.000000 0.000000
0.998462 -0.055442 0.000000 225.490051 0.055442 0.998462 0.000000 8.700461 0.000000 0.000000 1.000000 0.000000
0.997431 -0.071631 0.000000 226.881851 0.071631 0.997431 0.000000 8.731130 0.000000 0.000000 1.000000 0.000000
0.996558 -0.082893 0.000000 228.289352 0.082893 0.996558 0.000000 8.830681 0.000000 0.000000 1.000000 0.000000
0.994887 -0.100999 0.000000 229.629471 0.100999 0.994887 0.000000 8.991220 0.000000 0.000000 1.000000 0.000000
0.993282 -0.115723 0.000000 230.992523 0.115723 0.993282 0.000000 9.195796 0.000000 0.000000 1.000000 0.000000
0.990470 -0.137726 0.000000 232.335632 0.137726 0.990470 0.000000 9.356058 0.000000 0.000000 1.000000 0.000000
0.988763 -0.149493 0.000000 233.777390 0.149493 0.988763 0.000000 9.543744 0.000000 0.000000 1.000000 0.000000
0.986522 -0.163629 0.000000 235.200317 0.163629 0.986522 0.000000 9.787563 0.000000 0.000000 1.000000 0.000000
0.985468 -0.169859 0.000000 236.786148 0.169859 0.985468 0.000000 9.984262 0.000000 0.000000 1.000000 0.000000
0.984792 -0.173737 0.000000 238.424545 0.173737 0.984792 0.000000 10.327637 0.000000 0.000000 1.000000 0.000000
0.984232 -0.176883 0.000000 240.101242 0.176883 0.984232 0.000000 10.622287 0.000000 0.000000 1.000000 0.000000
0.983737 -0.179615 0.000000 241.698395 0.179615 0.983737 0.000000 10.933504 0.000000 0.000000 1.000000 0.000000
0.983200 -0.182532 0.000000 243.364029 0.182532 0.983200 0.000000 11.239325 0.000000 0.000000 1.000000 0.000000
0.982346 -0.187075 0.000000 245.298340 0.187075 0.982346 0.000000 11.574574 0.000000 0.000000 1.000000 0.000000
0.982272 -0.187462 0.000000 246.837479 0.187462 0.982272 0.000000 11.871002 0.000000 0.000000 1.000000 0.000000
0.981498 -0.191474 0.000000 248.661896 0.191474 0.981498 0.000000 12.179724 0.000000 0.000000 1.000000 0.000000
0.981011 -0.193952 0.000000 250.435211 0.193952 0.981011 0.000000 12.537602 0.000000 0.000000 1.000000 0.000000
0.981007 -0.193975 0.000000 252.310867 0.193975 0.981007 0.000000 12.949649 0.000000 0.000000 1.000000 0.000000
0.981502 -0.191451 0.000000 254.091492 0.191451 0.981502 0.000000 13.338309 0.000000 0.000000 1.000000 0.000000
0.981342 -0.192270 0.000000 255.891632 0.192270 0.981342 0.000000 13.624344 0.000000 0.000000 1.000000 0.000000
0.983103 -0.183055 0.000000 257.807983 0.183055 0.983103 0.000000 13.967007 0.000000 0.000000 1.000000 0.000000
0.984439 -0.175729 0.000000 259.670868 0.175729 0.984439 0.000000 14.347906 0.000000 0.000000 1.000000 0.000000
0.985073 -0.172137 0.000000 261.553986 0.172137 0.985073 0.000000 14.604991 0.000000 0.000000 1.000000 0.000000
0.985731 -0.168327 0.000000 263.479431 0.168327 0.985731 0.000000 14.910711 0.000000 0.000000 1.000000 0.000000
0.986078 -0.166284 0.000000 265.348816 0.166284 0.986078 0.000000 15.240433 0.000000 0.000000 1.000000 0.000000
0.987577 -0.157134 0.000000 267.334839 0.157134 0.987577 0.000000 15.558082 0.000000 0.000000 1.000000 0.000000
0.987357 -0.158511 0.000000 269.341309 0.158511 0.987357 0.000000 15.936664 0.000000 0.000000 1.000000 0.000000
0.987613 -0.156912 0.000000 271.213013 0.156912 0.987613 0.000000 16.152151 0.000000 0.000000 1.000000 0.000000
0.987827 -0.155555 0.000000 273.276062 0.155555 0.987827 0.000000 16.469997 0.000000 0.000000 1.000000 0.000000
0.987829 -0.155542 0.000000 275.301392 0.155542 0.987829 0.000000 16.759098 0.000000 0.000000 1.000000 0.000000
0.988444 -0.151587 0.000000 277.345459 0.151587 0.988444 0.000000 17.077396 0.000000 0.000000 1.000000 0.000000
0.987564 -0.157217 0.000000 279.223694 0.157217 0.987564 0.000000 17.347572 0.000000 0.000000 1.000000 0.000000
0.987304 -0.158841 0.000000 281.174255 0.158841 0.987304 0.000000 17.708286 0.000000 0.000000 1.000000 0.000000
0.987569 -0.157189 0.000000 283.018890 0.157189 0.987569 0.000000 17.961115 0.000000 0.000000 1.000000 0.000000
0.988315 -0.152425 0.000000 285.091125 0.152425 0.988315 0.000000 18.292583 0.000000 0.000000 1.000000 0.000000
0.988786 -0.149339 0.000000 286.911255 0.149339 0.988786 0.000000 18.511742 0.000000 0.000000 1.000000 0.000000
0.989407 -0.145165 0.000000 289.104553 0.145165 0.989407 0.000000 18.792633 0.000000 0.000000 1.000000 0.000000
0.989873 -0.141955 0.000000 290.943726 0.141955 0.989873 0.000000 19.011307 0.000000 0.000000 1.000000 0.000000
0.990065 -0.140608 0.000000 292.948486 0.140608 0.990065 0.000000 19.252052 0.000000 0.000000 1.000000 0.000000
0.991134 -0.132865 0.000000 294.923859 0.132865 0.991134 0.000000 19.432837 0.000000 0.000000 1.000000 0.000000
0.991982 -0.126376 0.000000 296.916168 0.126376 0.991982 0.000000 19.686846 0.000000 0.000000 1.000000 0.000000
0.990959 -0.134167 0.000000 298.838806 0.134167 0.990959 0.000000 19.887167 0.000000 0.000000 1.000000 0.000000
0.990701 -0.136055 0.000000 300.772552 0.136055 0.990701 0.000000 20.089712 0.000000 0.000000 1.000000 0.000000
0.989807 -0.142415 0.000000 302.736298 0.142415 0.989807 0.000000 20.406710 0.000000 0.000000 1.000000 0.000000
0.988916 -0.148479 0.000000 304.674896 0.148479 0.988916 0.000000 20.657648 0.000000 0.000000 1.000000 0.000000
0.988552 -0.150882 0.000000 306.699493 0.150882 0.988552 0.000000 20.964762 0.000000 0.000000 1.000000 0.000000
0.987219 -0.159369 0.000000 308.613586 0.159369 0.987219 0.000000 21.187315 0.000000 0.000000 1.000000 0.000000
0.986439 -0.164130 0.000000 310.521606 0.164130 0.986439 0.000000 21.504496 0.000000 0.000000 1.000000 0.000000
0.985019 -0.172449 0.000000 312.682190 0.172449 0.985019 0.000000 21.865524 0.000000 0.000000 1.000000 0.000000
0.984766 -0.173884 0.000000 314.612640 0.173884 0.984766 0.000000 22.207949 0.000000 0.000000 1.000000 0.000000
0.983259 -0.182214 0.000000 316.431702 0.182214 0.983259 0.000000 22.625002 0.000000 0.000000 1.000000 0.000000
0.983500 -0.180906 0.000000 318.479370 0.180906 0.983500 0.000000 22.901260 0.000000 0.000000 1.000000 0.000000
0.983423 -0.181325 0.000000 320.501190 0.181325 0.983423 0.000000 23.196131 0.000000 0.000000 1.000000 0.000000
0.984253 -0.176763 0.000000 322.604279 0.176763 0.984253 0.000000 23.599234 0.000000 0.000000 1.000000 0.000000
0.984412 -0.175875 0.000000 324.476501 0.175875 0.984412 0.000000 23.940310 0.000000 0.000000 1.000000 0.000000
0.984309 -0.176456 0.000000 326.420563 0.176456 0.984309 0.000000 24.302534 0.000000 0.000000 1.000000 0.000000
0.984249 -0.176785 0.000000 328.382080 0.176785 0.984249 0.000000 24.674536 0.000000 0.000000 1.000000 0.000000
0.984589 -0.174883 0.000000 330.300262 0.174883 0.984589 0.000000 24.894608 0.000000 0.000000 1.000000 0.000000
0.986535 -0.163548 0.000000 332.132629 0.163548 0.986535 0.000000 25.193184 0.000000 0.000000 1.000000 0.000000
0.987075 -0.160258 0.000000 334.027008 0.160258 0.987075 0.000000 25.496384 0.000000 0.000000 1.000000 0.000000
0.989774 -0.142645 0.000000 336.007782 0.142645 0.989774 0.000000 25.699419 0.000000 0.000000 1.000000 0.000000
0.991646 -0.128985 0.000000 337.895813 0.128985 0.991646 0.000000 26.043072 0.000000 0.000000 1.000000 0.000000
0.993923 -0.110082 0.000000 339.873810 0.110082 0.993923 0.000000 26.255512 0.000000 0.000000 1.000000 0.000000
0.995925 -0.090189 0.000000 341.990906 0.090189 0.995925 0.000000 26.422897 0.000000 0.000000 1.000000 0.000000
0.998100 -0.061620 0.000000 343.917175 0.061620 0.998100 0.000000 26.502483 0.000000 0.000000 1.000000 0.000000
0.999236 -0.039078 0.000000 345.836578 0.039078 0.999236 0.000000 26.622206 0.000000 0.000000 1.000000 0.000000
0.999717 -0.023804 0.000000 347.837738 0.023804 0.999717 0.000000 26.720724 0.000000 0.000000 1.000000 0.000000
0.999981 -0.006242 0.000000 349.891083 0.006242 0.999981 0.000000 26.721563 0.000000 0.000000 1.000000 0.000000
0.999986 0.005371 0.000000 351.935089 -0.005371 0.999986 -0.000000 26.686274 -0.000000 0.000000 1.000000 0.000000
0.999850 0.017323 0.000000 354.073517 -0.017323 0.999850 -0.000000 26.537659 -0.000000 0.000000 1.000000 0.000000
0.999902 0.014009 0.000000 356.158478 -0.014009 0.999902 -0.000000 26.600605 -0.000000 0.000000 1.000000 0.000000
0.999907 0.013640 0.000000 358.249084 -0.013640 0.999907 -0.000000 26.463335 -0.000000 0.000000 1.000000 0.000000
0.999811 0.019442 0.000000 360.007446 -0.019442 0.999811 -0.000000 26.320932 -0.000000 0.000000 1.000000 0.000000
0.999902 0.014011 0.000000 362.215210 -0.014011 0.999902 -0.000000 26.352501 -0.000000 0.000000 1.000000 0.000000
0.999915 0.013068 0.000000 364.384247 -0.013068 0.999915 -0.000000 26.199947 -0.000000 0.000000 1.000000 0.000000
0.999831 0.018394 0.000000 366.428162 -0.018394 0.999831 -0.000000 26.115871 -0.000000 0.000000 1.000000 0.000000
0.999902 0.014009 0.000000 368.475555 -0.014009 0.999902 -0.000000 26.245768 -0.000000 0.000000 1.000000 0.000000
0.999968 0.007953 0.000000 370.525848 -0.007953 0.999968 -0.000000 26.243874 -0.000000 0.000000 1.000000 0.000000
0.999988 0.004854 0.000000 372.622803 -0.004854 0.999988 -0.000000 26.233212 -0.000000 0.000000 1.000000 0.000000
0.999996 0.002935 0.000000 374.757904 -0.002935 0.999996 -0.000000 26.213051 -0.000000 0.000000 1.000000 0.000000
1.000000 -0.000751 0.000000 376.838898 0.000751 1.000000 0.000000 26.261055 0.000000 0.000000 1.000000 0.000000
0.999999 -0.001594 0.000000 378.845215 0.001594 0.999999 0.000000 26.292238 0.000000 0.000000 1.000000 0.000000
0.999991 -0.004252 0.000000 380.895538 0.004252 0.999991 0.000000 26.260496 0.000000 0.000000 1.000000 0.000000
0.999971 -0.007556 0.000000 382.975830 0.007556 0.999971 0.000000 26.184767 0.000000 0.000000 1.000000 0.000000
0.999968 -0.007946 0.000000 385.121002 0.007946 0.999968 0.000000 26.203924 0.000000 0.000000 1.000000 0.000000
0.999989 -0.004668 0.000000 387.158051 0.004668 0.999989 0.000000 26.312035 0.000000 0.000000 1.000000 0.000000
0.999998 -0.002035 0.000000 389.271667 0.002035 0.999998 0.000000 26.285940 0.000000 0.000000 1.000000 0.000000
0.999973 -0.007338 0.000000 391.425751 0.007338 0.999973 0.000000 26.323792 0.000000 0.000000 1.000000 0.000000
0.999953 -0.009667 0.000000 393.684082 0.009667 0.999953 0.000000 26.306095 0.000000 0.000000 1.000000 0.000000
0.999906 -0.013717 0.000000 395.631378 0.013717 0.999906 0.000000 26.234077 0.000000 0.000000 1.000000 0.000000
0.999853 -0.017148 0.000000 397.772064 0.017148 0.999853 0.000000 26.292412 0.000000 0.000000 1.000000 0.000000
0.999806 -0.019676 0.000000 399.978210 0.019676 0.999806 0.000000 26.311665 0.000000 0.000000 1.000000 0.000000
0.999795 -0.020228 0.000000 402.128296 0.020228 0.999795 0.000000 26.261284 0.000000 0.000000 1.000000 0.000000
0.999614 -0.027786 0.000000 404.267883 0.027786 0.999614 0.000000 26.341299 0.000000 0.000000 1.000000 0.000000
0.999381 -0.035173 0.000000 406.498718 0.035173 0.999381 0.000000 26.422314 0.000000 0.000000 1.000000 0.000000
0.999136 -0.041562 0.000000 408.705139 0.041562 0.999136 0.000000 26.365034 0.000000 0.000000 1.000000 0.000000
0.998889 -0.047129 0.000000 410.586334 0.047129 0.998889 0.000000 26.515268 0.000000 0.000000 1.000000 0.000000
0.998651 -0.051930 0.000000 412.709503 0.051930 0.998651 0.000000 26.626312 0.000000 0.000000 1.000000 0.000000
0.998530 -0.054197 0.000000 414.844055 0.054197 0.998530 0.000000 26.696022 0.000000 0.000000 1.000000 0.000000
0.998627 -0.052383 0.000000 416.995697 0.052383 0.998627 0.000000 26.751690 0.000000 0.000000 1.000000 0.000000
0.998556 -0.053728 0.000000 419.152710 0.053728 0.998556 0.000000 26.932568 0.000000 0.000000 1.000000 0.000000
0.998460 -0.055476 0.000000 421.205383 0.055476 0.998460 0.000000 26.972309 0.000000 0.000000 1.000000 0.000000
0.998370 -0.057068 0.000000 423.410522 0.057068 0.998370 0.000000 27.088444 0.000000 0.000000 1.000000 0.000000
0.998034 -0.062676 0.000000 425.484924 0.062676 0.998034 0.000000 27.213465 0.000000 0.000000 1.000000 0.000000
0.997931 -0.064289 0.000000 427.638458 0.064289 0.997931 0.000000 27.376060 0.000000 0.000000 1.000000 0.000000
0.998100 -0.061613 0.000000 429.833588 0.061613 0.998100 0.000000 27.485937 0.000000 0.000000 1.000000 0.000000
0.998128 -0.061165 0.000000 431.721130 0.061165 0.998128 0.000000 27.537231 0.000000 0.000000 1.000000 0.000000
0.997887 -0.064969 0.000000 433.779907 0.064969 0.997887 0.000000 27.681959 0.000000 0.000000 1.000000 0.000000
0.997937 -0.064197 0.000000 435.786652 0.064197 0.997937 0.000000 27.767521 0.000000 0.000000 1.000000 0.000000
0.997618 -0.068985 0.000000 437.873352 0.068985 0.997618 0.000000 27.921028 0.000000 0.000000 1.000000 0.000000
0.997621 -0.068939 0.000000 439.822296 0.068939 0.997621 0.000000 27.981888 0.000000 0.000000 1.000000 0.000000
0.997215 -0.074577 0.000000 441.880127 0.074577 0.997215 0.000000 28.178331 0.000000 0.000000 1.000000 0.000000
0.996938 -0.078200 0.000000 443.841278 0.078200 0.996938 0.000000 28.361586 0.000000 0.000000 1.000000 0.000000
0.996691 -0.081281 0.000000 445.827118 0.081281 0.996691 0.000000 28.569874 0.000000 0.000000 1.000000 0.000000
0.996405 -0.084713 0.000000 447.709412 0.084713 0.996405 0.000000 28.658764 0.000000 0.000000 1.000000 0.000000
0.996319 -0.085719 0.000000 449.679688 0.085719 0.996319 0.000000 28.812624 0.000000 0.000000 1.000000 0.000000
0.996540 -0.083114 0.000000 451.506927 0.083114 0.996540 0.000000 28.912748 0.000000 0.000000 1.000000 0.000000
0.996417 -0.084574 0.000000 453.316711 0.084574 0.996417 0.000000 29.140615 0.000000 0.000000 1.000000 0.000000
0.996703 -0.081133 0.000000 455.144867 0.081133 0.996703 0.000000 29.264383 0.000000 0.000000 1.000000 0.000000
0.997049 -0.076766 0.000000 456.722839 0.076766 0.997049 0.000000 29.386557 0.000000 0.000000 1.000000 0.000000
0.997326 -0.073084 0.000000 458.438385 0.073084 0.997326 0.000000 29.495106 0.000000 0.000000 1.000000 0.000000
0.998376 -0.056975 0.000000 459.749420 0.056975 0.998376 0.000000 29.451878 0.000000 0.000000 1.000000 0.000000
0.999322 -0.036826 0.000000 461.359680 0.036826 0.999322 0.000000 29.514147 0.000000 0.000000 1.000000 0.000000
0.999916 -0.012943 0.000000 462.831055 0.012943 0.999916 0.000000 29.451277 0.000000 0.000000 1.000000 0.000000
0.999793 0.020336 0.000000 464.108704 -0.020336 0.999793 -0.000000 29.403831 -0.000000 0.000000 1.000000 0.000000
0.998551 0.053809 0.000000 465.413635 -0.053809 0.998551 -0.000000 29.252533 -0.000000 0.000000 1.000000 0.000000
0.995005 0.099828 0.000000 466.567841 -0.099828 0.995005 -0.000000 29.071909 -0.000000 0.000000 1.000000 0.000000
0.989094 0.147289 0.000000 467.698669 -0.147289 0.989094 -0.000000 28.895189 -0.000000 0.000000 1.000000 0.000000
0.977508 0.210897 0.000000 468.810425 -0.210897 0.977508 -0.000000 28.681828 -0.000000 0.000000 1.000000 0.000000
0.959799 0.280687 0.000000 469.807739 -0.280687 0.959799 -0.000000 28.331156 -0.000000 0.000000 1.000000 0.000000
0.940340 0.340236 0.000000 470.742249 -0.340236 0.940340 -0.000000 28.030073 -0.000000 0.000000 1.000000 0.000000
0.910388 0.413757 0.000000 471.557373 -0.413757 0.910388 -0.000000 27.446753 -0.000000 0.000000 1.000000 0.000000
0.874202 0.485562 0.000000 472.278198 -0.485562 0.874202 -0.000000 27.043287 -0.000000 0.000000 1.000000 0.000000
0.829254 0.558873 0.000000 473.056335 -0.558873 0.829254 -0.000000 26.443480 -0.000000 0.000000 1.000000 0.000000
0.771821 0.635840 0.000000 473.701355 -0.635840 0.771821 -0.000000 25.857222 -0.000000 0.000000 1.000000 0.000000
0.703691 0.710506 0.000000 474.250549 -0.710506 0.703691 -0.000000 25.134027 -0.000000 0.000000 1.000000 0.000000
0.617155 0.786842 0.000000 474.836334 -0.786842 0.617155 -0.000000 24.433979 -0.000000 0.000000 1.000000 0.000000
0.509666 0.860372 0.000000 475.272583 -0.860372 0.509666 -0.000000 23.529793 -0.000000 0.000000 1.000000 0.000000
