1.000000 -0.000199 0.000000 0.006552 0.000199 1.000000 0.000000 0.002916 0.000000 0.000000 1.000000 0.000000
1.000000 -0.000034 0.000000 0.003708 0.000034 1.000000 0.000000 -0.004761 0.000000 0.000000 1.000000 0.000000
1.000000 -0.000176 0.000000 0.003808 0.000176 1.000000 0.000000 0.007518 0.000000 0.000000 1.000000 0.000000
1.000000 -0.000048 0.000000 0.006275 0.000048 1.000000 0.000000 -0.012423 0.000000 0.000000 1.000000 0.000000
1.000000 -0.000176 0.000000 0.008995 0.000176 1.000000 0.000000 0.008523 0.000000 0.000000 1.000000 0.000000
1.000000 -0.000045 0.000000 0.005903 0.000045 1.000000 0.000000 -0.000254 0.000000 0.000000 1.000000 0.000000
1.000000 0.000073 0.000000 -0.000633 -0.000073 1.000000 -0.000000 -0.003837 -0.000000 0.000000 1.000000 0.000000
1.000000 0.000082 0.000000 -0.000378 -0.000082 1.000000 -0.000000 -0.003131 -0.000000 0.000000 1.000000 0.000000
1.000000 -0.000019 0.000000 0.001832 0.000019 1.000000 0.000000 -0.003293 0.000000 0.000000 1.000000 0.000000
1.000000 0.000014 0.000000 0.003286 -0.000014 1.000000 -0.000000 -0.007340 -0.000000 0.000000 1.000000 0.000000
1.000000 0.000109 0.000000 -0.008489 -0.000109 1.000000 -0.000000 0.001530 -0.000000 0.000000 1.000000 0.000000
1.000000 -0.000209 0.000000 0.006047 0.000209 1.000000 0.000000 0.005944 0.000000 0.000000 1.000000 0.000000
1.000000 -0.000136 0.000000 0.003298 0.000136 1.000000 0.000000 0.004470 0.000000 0.000000 1.000000 0.000000
1.000000 -0.000185 0.000000 0.006152 0.000185 1.000000 0.000000 0.004030 0.000000 0.000000 1.000000 0.000000
1.000000 -0.000224 0.000000 0.005233 0.000224 1.000000 0.000000 0.008537 0.000000 0.000000 1.000000 0.000000
1.000000 -0.000319 0.000000 0.007361 0.000319 1.000000 0.000000 0.010444 0.000000 0.000000 1.000000 0.000000
1.000000 -0.000216 0.000000 0.006469 0.000216 1.000000 0.000000 0.005093 0.000000 0.000000 1.000000 0.000000
1.000000 -0.000164 0.000000 0.003516 0.000164 1.000000 0.000000 0.004964 0.000000 0.000000 1.000000 0.000000
1.000000 -0.000319 0.000000 0.008058 0.000319 1.000000 0.000000 0.010344 0.000000 0.000000 1.000000 0.000000
1.000000 -0.000307 0.000000 0.006747 0.000307 1.000000 0.000000 0.011146 0.000000 0.000000 1.000000 0.000000
1.000000 -0.000176 0.000000 0.005195 0.000176 1.000000 0.000000 0.005269 0.000000 0.000000 1.000000 0.000000
1.000000 -0.000150 0.000000 0.004175 0.000150 1.000000 0.000000 0.004686 0.000000 0.000000 1.000000 0.000000
1.000000 -0.000156 0.000000 0.004058 0.000156 1.000000 0.000000 0.005276 0.000000 0.000000 1.000000 0.000000
1.000000 -0.000150 0.000000 0.003342 0.000150 1.000000 0.000000 0.004307 0.000000 0.000000 1.000000 0.000000
1.000000 -0.000105 0.000000 0.006801 0.000105 1.000000 0.000000 0.002138 0.000000 0.000000 1.000000 0.000000
1.000000 -0.000163 0.000000 0.003837 0.000163 1.000000 0.000000 0.004252 0.000000 0.000000 1.000000 0.000000
1.000000 -0.000152 0.000000 0.002935 0.000152 1.000000 0.000000 0.004693 0.000000 0.000000 1.000000 0.000000
1.000000 -0.000153 0.000000 0.003794 0.000153 1.000000 0.000000 0.005018 0.000000 0.000000 1.000000 0.000000
1.000000 -0.000150 0.000000 0.003056 0.000150 1.000000 0.000000 0.005143 0.000000 0.000000 1.000000 0.000000
1.000000 -0.000156 0.000000 0.003914 0.000156 1.000000 0.000000 0.004996 0.000000 0.000000 1.000000 0.000000
1.000000 -0.000160 0.000000 0.004358 0.000160 1.000000 0.000000 0.005365 0.000000 0.000000 1.000000 0.000000
1.000000 -0.000155 0.000000 0.002999 0.000155 1.000000 0.000000 0.004857 0.000000 0.000000 1.000000 0.000000
1.000000 -0.000180 0.000000 0.003227 0.000180 1.000000 0.000000 0.004818 0.000000 0.000000 1.000000 0.000000
1.000000 -0.000242 0.000000 0.004659 0.000242 1.000000 0.000000 0.011004 0.000000 0.000000 1.000000 0.000000
1.000000 -0.000169 0.000000 0.003238 0.000169 1.000000 0.000000 0.004921 0.000000 0.000000 1.000000 0.000000
1.000000 -0.000180 0.000000 0.003208 0.000180 1.000000 0.000000 0.005983 0.000000 0.000000 1.000000 0.000000
1.000000 -0.000155 0.000000 0.001851 0.000155 1.000000 0.000000 0.004891 0.000000 0.000000 1.000000 0.000000
1.000000 -0.000151 0.000000 0.002569 0.000151 1.000000 0.000000 0.003542 0.000000 0.000000 1.000000 0.000000
1.000000 -0.000187 0.000000 0.002444 0.000187 1.000000 0.000000 0.005379 0.000000 0.000000 1.000000 0.000000
1.000000 -0.000191 0.000000 0.003435 0.000191 1.000000 0.000000 0.004649 0.000000 0.000000 1.000000 0.000000
1.000000 -0.000173 0.000000 0.002065 0.000173 1.000000 0.000000 0.005911 0.000000 0.000000 1.000000 0.000000
1.000000 -0.000172 0.000000 0.001119 0.000172 1.000000 0.000000 0.004853 0.000000 0.000000 1.000000 0.000000
1.000000 -0.000161 0.000000 0.002632 0.000161 1.000000 0.000000 0.004931 0.000000 0.000000 1.000000 0.000000
1.000000 -0.000176 0.000000 0.000869 0.000176 1.000000 0.000000 0.004144 0.000000 0.000000 1.000000 0.000000
1.000000 -0.000165 0.000000 0.001450 0.000165 1.000000 0.000000 0.005620 0.000000 0.000000 1.000000 0.000000
1.000000 -0.000166 0.000000 0.002037 0.000166 1.000000 0.000000 0.005423 0.000000 0.000000 1.000000 0.000000
1.000000 -0.000168 0.000000 0.002237 0.000168 1.000000 0.000000 0.005208 0.000000 0.000000 1.000000 0.000000
1.000000 -0.000172 0.000000 0.002077 0.000172 1.000000 0.000000 0.005401 0.000000 0.000000 1.000000 0.000000
1.000000 -0.000209 0.000000 0.003816 0.000209 1.000000 0.000000 0.006877 0.000000 0.000000 1.000000 0.000000
1.000000 -0.000039 0.000000 -0.002687 0.000039 1.000000 0.000000 -0.006415 0.000000 0.000000 1.000000 0.000000
1.000000 -0.000151 0.000000 0.001579 0.000151 1.000000 0.000000 0.004315 0.000000 0.000000 1.000000 0.000000
1.000000 -0.000158 0.000000 0.000478 0.000158 1.000000 0.000000 0.004459 0.000000 0.000000 1.000000 0.000000
1.000000 -0.000150 0.000000 0.000913 0.000150 1.000000 0.000000 0.003826 0.000000 0.000000 1.000000 0.000000
1.000000 -0.000158 0.000000 0.000498 0.000158 1.000000 0.000000 0.004672 0.000000 0.000000 1.000000 0.000000
1.000000 -0.000174 0.000000 -0.001003 0.000174 1.000000 0.000000 0.006131 0.000000 0.000000 1.000000 0.000000
1.000000 -0.000144 0.000000 -0.000374 0.000144 1.000000 0.000000 0.004241 0.000000 0.000000 1.000000 0.000000
1.000000 -0.000151 0.000000 0.000603 0.000151 1.000000 0.000000 0.003932 0.000000 0.000000 1.000000 0.000000
1.000000 -0.000153 0.000000 0.000731 0.000153 1.000000 0.000000 0.004005 0.000000 0.000000 1.000000 0.000000
1.000000 -0.000150 0.000000 0.001754 0.000150 1.000000 0.000000 0.003626 0.000000 0.000000 1.000000 0.000000
1.000000 -0.000151 0.000000 0.001984 0.000151 1.000000 0.000000 0.003951 0.000000 0.000000 1.000000 0.000000
1.000000 -0.000083 0.000000 0.007032 0.000083 1.000000 0.000000 0.009816 0.000000 0.000000 1.000000 0.000000
1.000000 -0.000171 0.000000 0.002475 0.000171 1.000000 0.000000 0.003433 0.000000 0.000000 1.000000 0.000000
1.000000 -0.000152 0.000000 0.001324 0.000152 1.000000 0.000000 0.003944 0.000000 0.000000 1.000000 0.000000
1.000000 -0.000151 0.000000 0.001090 0.000151 1.000000 0.000000 0.003944 0.000000 0.000000 1.000000 0.000000
1.000000 -0.000144 0.000000 0.002077 0.000144 1.000000 0.000000 0.003225 0.000000 0.000000 1.000000 0.000000
1.000000 -0.000124 0.000000 0.003729 0.000124 1.000000 0.000000 0.001853 0.000000 0.000000 1.000000 0.000000
1.000000 -0.000141 0.000000 0.001660 0.000141 1.000000 0.000000 0.003643 0.000000 0.000000 1.000000 0.000000
1.000000 -0.000150 0.000000 0.001477 0.000150 1.000000 0.000000 0.004179 0.000000 0.000000 1.000000 0.000000
1.000000 -0.000150 0.000000 0.001130 0.000150 1.000000 0.000000 0.004015 0.000000 0.000000 1.000000 0.000000
1.000000 -0.000153 0.000000 0.001501 0.000153 1.000000 0.000000 0.004612 0.000000 0.000000 1.000000 0.000000
1.000000 -0.000070 0.000000 0.000728 0.000070 1.000000 0.000000 0.000955 0.000000 0.000000 1.000000 0.000000
1.000000 -0.000155 0.000000 0.000696 0.000155 1.000000 0.000000 0.004761 0.000000 0.000000 1.000000 0.000000
1.000000 -0.000154 0.000000 0.001471 0.000154 1.000000 0.000000 0.004657 0.000000 0.000000 1.000000 0.000000
1.000000 -0.000153 0.000000 0.001005 0.000153 1.000000 0.000000 0.004593 0.000000 0.000000 1.000000 0.000000
1.000000 -0.000149 0.000000 0.000459 0.000149 1.000000 0.000000 0.004320 0.000000 0.000000 1.000000 0.000000
1.000000 -0.000151 0.000000 0.000568 0.000151 1.000000 0.000000 0.004783 0.000000 0.000000 1.000000 0.000000
1.000000 -0.000142 0.000000 -0.001049 0.000142 1.000000 0.000000 0.004871 0.000000 0.000000 1.000000 0.000000
1.000000 -0.000111 0.000000 0.005826 0.000111 1.000000 0.000000 0.002392 0.000000 0.000000 1.000000 0.000000
1.000000 -0.000153 0.000000 -0.000080 0.000153 1.000000 0.000000 0.004966 0.000000 0.000000 1.000000 0.000000
1.000000 -0.000157 0.000000 0.002233 0.000157 1.000000 0.000000 0.004568 0.000000 0.000000 1.000000 0.000000
1.000000 -0.000182 0.000000 0.002702 0.000182 1.000000 0.000000 0.007136 0.000000 0.000000 1.000000 0.000000
1.000000 -0.000134 0.000000 0.000188 0.000134 1.000000 0.000000 0.005943 0.000000 0.000000 1.000000 0.000000
1.000000 -0.000151 0.000000 0.001043 0.000151 1.000000 0.000000 0.005400 0.000000 0.000000 1.000000 0.000000
1.000000 -0.000163 0.000000 0.003012 0.000163 1.000000 0.000000 0.004885 0.000000 0.000000 1.000000 0.000000
1.000000 -0.000150 0.000000 0.001357 0.000150 1.000000 0.000000 0.004396 0.000000 0.000000 1.000000 0.000000
1.000000 -0.000152 0.000000 0.000909 0.000152 1.000000 0.000000 0.004717 0.000000 0.000000 1.000000 0.000000
1.000000 -0.000170 0.000000 0.002513 0.000170 1.000000 0.000000 0.003351 0.000000 0.000000 1.000000 0.000000
1.000000 -0.000075 0.000000 -0.003552 0.000075 1.000000 0.000000 0.010339 0.000000 0.000000 1.000000 0.000000
1.000000 -0.000146 0.000000 -0.000162 0.000146 1.000000 0.000000 0.005492 0.000000 0.000000 1.000000 0.000000
1.000000 -0.000139 0.000000 -0.000837 0.000139 1.000000 0.000000 0.005838 0.000000 0.000000 1.000000 0.000000
1.000000 -0.000141 0.000000 -0.001431 0.000141 1.000000 0.000000 0.006096 0.000000 0.000000 1.000000 0.000000
1.000000 -0.000140 0.000000 -0.001417 0.000140 1.000000 0.000000 0.006272 0.000000 0.000000 1.000000 0.000000
1.000000 -0.000140 0.000000 -0.001312 0.000140 1.000000 0.000000 0.006218 0.000000 0.000000 1.000000 0.000000
1.000000 -0.000140 0.000000 -0.001187 0.000140 1.000000 0.000000 0.006348 0.000000 0.000000 1.000000 0.000000
1.000000 -0.000207 0.000000 -0.000887 0.000207 1.000000 0.000000 0.013081 0.000000 0.000000 1.000000 0.000000
1.000000 -0.000191 0.000000 -0.000834 0.000191 1.000000 0.000000 0.009812 0.000000 0.000000 1.000000 0.000000
1.000000 -0.000133 0.000000 -0.003542 0.000133 1.000000 0.000000 0.006172 0.000000 0.000000 1.000000 0.000000
1.000000 0.000008 0.000000 -0.002132 -0.000008 1.000000 -0.000000 0.005282 -0.000000 0.000000 1.000000 0.000000
1.000000 -0.000137 0.000000 -0.000850 0.000137 1.000000 0.000000 0.006221 0.000000 0.000000 1.000000 0.000000
1.000000 -0.000140 0.000000 -0.000186 0.000140 1.000000 0.000000 0.005773 0.000000 0.000000 1.000000 0.000000
1.000000 -0.000146 0.000000 -0.000774 0.000146 1.000000 0.000000 0.005771 0.000000 0.000000 1.000000 0.000000
1.000000 -0.000174 0.000000 0.008294 0.000174 1.000000 0.000000 0.003221 0.000000 0.000000 1.000000 0.000000
1.000000 -0.000149 0.000000 0.021370 0.000149 1.000000 0.000000 0.010521 0.000000 0.000000 1.000000 0.000000
1.000000 -0.000299 0.000000 0.014396 0.000299 1.000000 0.000000 0.008294 0.000000 0.000000 1.000000 0.000000
1.000000 -0.000066 0.000000 0.007865 0.000066 1.000000 0.000000 0.000483 0.000000 0.000000 1.000000 0.000000
1.000000 -0.000465 0.000000 0.218555 0.000465 1.000000 0.000000 0.021911 0.000000 0.000000 1.000000 0.000000
0.999940 -0.010939 0.000000 0.262586 0.010939 0.999940 0.000000 0.013425 0.000000 0.000000 1.000000 0.000000
0.999809 -0.019568 0.000000 0.365564 0.019568 0.999809 0.000000 -0.023595 0.000000 0.000000 1.000000 0.000000
0.999425 -0.033899 0.000000 0.595914 0.033899 0.999425 0.000000 -0.000125 0.000000 0.000000 1.000000 0.000000
0.999109 -0.042196 0.000000 0.859206 0.042196 0.999109 0.000000 0.031781 0.000000 0.000000 1.000000 0.000000
0.998302 -0.058244 0.000000 1.181529 0.058244 0.998302 0.000000 0.046631 0.000000 0.000000 1.000000 0.000000
0.997246 -0.074169 0.000000 1.573258 0.074169 0.997246 0.000000 0.011137 0.000000 0.000000 1.000000 0.000000
0.995781 -0.091758 0.000000 2.072680 0.091758 0.995781 0.000000 0.177654 0.000000 0.000000 1.000000 0.000000
0.993261 -0.115897 0.000000 2.536848 0.115897 0.993261 0.000000 0.212992 0.000000 0.000000 1.000000 0.000000
0.988990 -0.147983 0.000000 3.118611 0.147983 0.988990 0.000000 0.355104 0.000000 0.000000 1.000000 0.000000
0.983544 -0.180666 0.000000 3.939991 0.180666 0.983544 0.000000 0.472235 0.000000 0.000000 1.000000 0.000000
0.981151 -0.193241 0.000000 4.444921 0.193241 0.981151 0.000000 0.569317 0.000000 0.000000 1.000000 0.000000
0.979723 -0.200358 0.000000 5.167720 0.200358 0.979723 0.000000 0.679334 0.000000 0.000000 1.000000 0.000000
0.980026 -0.198867 0.000000 6.041656 0.198867 0.980026 0.000000 0.856247 0.000000 0.000000 1.000000 0.000000
0.982002 -0.188873 0.000000 7.074569 0.188873 0.982002 0.000000 0.938690 0.000000 0.000000 1.000000 0.000000
0.983168 -0.182702 0.000000 7.968319 0.182702 0.983168 0.000000 1.114520 0.000000 0.000000 1.000000 0.000000
0.985122 -0.171857 0.000000 8.914881 0.171857 0.985122 0.000000 1.294709 0.000000 0.000000 1.000000 0.000000
0.987277 -0.159011 0.000000 9.996337 0.159011 0.987277 0.000000 1.421385 0.000000 0.000000 1.000000 0.000000
0.989576 -0.144013 0.000000 11.350883 0.144013 0.989576 0.000000 1.578606 0.000000 0.000000 1.000000 0.000000
0.992083 -0.125581 0.000000 12.563652 0.125581 0.992083 0.000000 1.823941 0.000000 0.000000 1.000000 0.000000
0.993889 -0.110385 0.000000 13.799307 0.110385 0.993889 0.000000 1.922015 0.000000 0.000000 1.000000 0.000000
0.996937 -0.078210 0.000000 15.193343 0.078210 0.996937 0.000000 1.863199 0.000000 0.000000 1.000000 0.000000
0.998463 -0.055427 0.000000 16.485889 0.055427 0.998463 0.000000 1.899084 0.000000 0.000000 1.000000 0.000000
0.999307 -0.037225 0.000000 17.829624 0.037225 0.999307 0.000000 1.938792 0.000000 0.000000 1.000000 0.000000
0.999660 -0.026085 0.000000 18.969654 0.026085 0.999660 0.000000 1.875334 0.000000 0.000000 1.000000 0.000000
0.999757 -0.022061 0.000000 20.236744 0.022061 0.999757 0.000000 1.901660 0.000000 0.000000 1.000000 0.000000
0.999838 -0.018006 0.000000 21.613207 0.018006 0.999838 0.000000 1.897866 0.000000 0.000000 1.000000 0.000000
0.999928 -0.012016 0.000000 23.135237 0.012016 0.999928 0.000000 1.960176 0.000000 0.000000 1.000000 0.000000
0.999964 -0.008472 0.000000 24.488956 0.008472 0.999964 0.000000 1.997618 0.000000 0.000000 1.000000 0.000000
0.999993 -0.003717 0.000000 25.920174 0.003717 0.999993 0.000000 1.930052 0.000000 0.000000 1.000000 0.000000
1.000000 0.000814 0.000000 27.277458 -0.000814 1.000000 -0.000000 1.850819 -0.000000 0.000000 1.000000 0.000000
0.999982 0.006028 0.000000 28.653259 -0.006028 0.999982 -0.000000 1.950989 -0.000000 0.000000 1.000000 0.000000
0.999907 0.013643 0.000000 29.969458 -0.013643 0.999907 -0.000000 1.865999 -0.000000 0.000000 1.000000 0.000000
0.999882 0.015338 0.000000 31.464758 -0.015338 0.999882 -0.000000 1.838664 -0.000000 0.000000 1.000000 0.000000
0.999891 0.014741 0.000000 32.967567 -0.014741 0.999891 -0.000000 1.834858 -0.000000 0.000000 1.000000 0.000000
0.999851 0.017285 0.000000 34.429058 -0.017285 0.999851 -0.000000 1.783113 -0.000000 0.000000 1.000000 0.000000
0.999828 0.018554 0.000000 36.012066 -0.018554 0.999828 -0.000000 1.791360 -0.000000 0.000000 1.000000 0.000000
0.999780 0.020985 0.000000 37.592121 -0.020985 0.999780 -0.000000 1.697430 -0.000000 0.000000 1.000000 0.000000
0.999834 0.018218 0.000000 39.058891 -0.018218 0.999834 -0.000000 1.612445 -0.000000 0.000000 1.000000 0.000000
0.999907 0.013663 0.000000 40.737659 -0.013663 0.999907 -0.000000 1.560584 -0.000000 0.000000 1.000000 0.000000
0.999778 0.021071 0.000000 42.423252 -0.021071 0.999778 -0.000000 1.517836 -0.000000 0.000000 1.000000 0.000000
0.999865 0.016424 0.000000 44.076603 -0.016424 0.999865 -0.000000 1.420784 -0.000000 0.000000 1.000000 0.000000
0.999838 0.018017 0.000000 45.847439 -0.018017 0.999838 -0.000000 1.387468 -0.000000 0.000000 1.000000 0.000000
0.999835 0.018172 0.000000 47.530155 -0.018172 0.999835 -0.000000 1.383422 -0.000000 0.000000 1.000000 0.000000
0.999930 0.011843 0.000000 49.406822 -0.011843 0.999930 -0.000000 1.293147 -0.000000 0.000000 1.000000 0.000000
0.999979 0.006516 0.000000 50.992008 -0.006516 0.999979 -0.000000 1.292206 -0.000000 0.000000 1.000000 0.000000
0.999993 0.003837 0.000000 52.714344 -0.003837 0.999993 -0.000000 1.216948 -0.000000 0.000000 1.000000 0.000000
0.999998 0.001793 0.000000 54.589996 -0.001793 0.999998 -0.000000 1.190183 -0.000000 0.000000 1.000000 0.000000
0.999999 0.001613 0.000000 56.255188 -0.001613 0.999999 -0.000000 1.155892 -0.000000 0.000000 1.000000 0.000000
0.999997 0.002492 0.000000 57.898739 -0.002492 0.999997 -0.000000 1.109696 -0.000000 0.000000 1.000000 0.000000
0.999997 0.002280 0.000000 59.737354 -0.002280 0.999997 -0.000000 1.080411 -0.000000 0.000000 1.000000 0.000000
0.999991 0.004166 0.000000 61.565804 -0.004166 0.999991 -0.000000 1.096576 -0.000000 0.000000 1.000000 0.000000
0.999948 0.010179 0.000000 63.302063 -0.010179 0.999948 -0.000000 1.028167 -0.000000 0.000000 1.000000 0.000000
0.999966 0.008240 0.000000 65.025391 -0.008240 0.999966 -0.000000 0.963378 -0.000000 0.000000 1.000000 0.000000
0.999968 0.008013 0.000000 66.959198 -0.008013 0.999968 -0.000000 0.971467 -0.000000 0.000000 1.000000 0.000000
0.999970 0.007764 0.000000 68.739014 -0.007764 0.999970 -0.000000 0.941085 -0.000000 0.000000 1.000000 0.000000
0.999936 0.011357 0.000000 70.572311 -0.011357 0.999936 -0.000000 0.779373 -0.000000 0.000000 1.000000 0.000000
0.999957 0.009251 0.000000 72.383850 -0.009251 0.999957 -0.000000 0.758729 -0.000000 0.000000 1.000000 0.000000
0.999948 0.010198 0.000000 74.143044 -0.010198 0.999948 -0.000000 0.796646 -0.000000 0.000000 1.000000 0.000000
0.999955 0.009488 0.000000 76.068710 -0.009488 0.999955 -0.000000 0.691932 -0.000000 0.000000 1.000000 0.000000
0.999972 0.007417 0.000000 77.969055 -0.007417 0.999972 -0.000000 0.638678 -0.000000 0.000000 1.000000 0.000000
0.999991 0.004190 0.000000 79.783653 -0.004190 0.999991 -0.000000 0.590504 -0.000000 0.000000 1.000000 0.000000
0.999949 0.010106 0.000000 81.568611 -0.010106 0.999949 -0.000000 0.517661 -0.000000 0.000000 1.000000 0.000000
0.999959 0.009030 0.000000 83.291367 -0.009030 0.999959 -0.000000 0.492800 -0.000000 0.000000 1.000000 0.000000
0.999965 0.008364 0.000000 85.198097 -0.008364 0.999965 -0.000000 0.460631 -0.000000 0.000000 1.000000 0.000000
0.999882 0.015392 0.000000 86.993797 -0.015392 0.999882 -0.000000 0.444179 -0.000000 0.000000 1.000000 0.000000
0.999860 0.016750 0.000000 88.698822 -0.016750 0.999860 -0.000000 0.375201 -0.000000 0.000000 1.000000 0.000000
0.999876 0.015723 0.000000 90.387749 -0.015723 0.999876 -0.000000 0.220653 -0.000000 0.000000 1.000000 0.000000
0.999907 0.013621 0.000000 92.111839 -0.013621 0.999907 -0.000000 0.209818 -0.000000 0.000000 1.000000 0.000000
0.999984 0.005710 0.000000 93.690094 -0.005710 0.999984 -0.000000 0.227320 -0.000000 0.000000 1.000000 0.000000
0.999995 0.003072 0.000000 95.610588 -0.003072 0.999995 -0.000000 0.223955 -0.000000 0.000000 1.000000 0.000000
1.000000 0.000546 0.000000 97.340897 -0.000546 1.000000 -0.000000 0.146130 -0.000000 0.000000 1.000000 0.000000
1.000000 -0.000117 0.000000 99.055031 0.000117 1.000000 0.000000 0.196156 0.000000 0.000000 1.000000 0.000000
0.999943 -0.010676 0.000000 100.707726 0.010676 0.999943 0.000000 0.189320 0.000000 0.000000 1.000000 0.000000
0.999852 -0.017194 0.000000 102.457626 0.017194 0.999852 0.000000 0.177600 0.000000 0.000000 1.000000 0.000000
0.999586 -0.028761 0.000000 104.097961 0.028761 0.999586 0.000000 0.167628 0.000000 0.000000 1.000000 0.000000
0.999437 -0.033557 0.000000 105.610390 0.033557 0.999437 0.000000 0.194741 0.000000 0.000000 1.000000 0.000000
0.999237 -0.039054 0.000000 107.141243 0.039054 0.999237 0.000000 0.209417 0.000000 0.000000 1.000000 0.000000
0.999109 -0.042206 0.000000 108.956688 0.042206 0.999109 0.000000 0.335804 0.000000 0.000000 1.000000 0.000000
0.998842 -0.048120 0.000000 110.529274 0.048120 0.998842 0.000000 0.366127 0.000000 0.000000 1.000000 0.000000
0.998641 -0.052125 0.000000 112.035744 0.052125 0.998641 0.000000 0.498860 0.000000 0.000000 1.000000 0.000000
0.998432 -0.055970 0.000000 113.573463 0.055970 0.998432 0.000000 0.550686 0.000000 0.000000 1.000000 0.000000
0.998114 -0.061393 0.000000 115.046562 0.061393 0.998114 0.000000 0.598515 0.000000 0.000000 1.000000 0.000000
0.997997 -0.063268 0.000000 116.513031 0.063268 0.997997 0.000000 0.668516 0.000000 0.000000 1.000000 0.000000
0.997762 -0.066873 0.000000 118.066628 0.066873 0.997762 0.000000 0.762335 0.000000 0.000000 1.000000 0.000000
0.997836 -0.065754 0.000000 119.526436 0.065754 0.997836 0.000000 0.825956 0.000000 0.000000 1.000000 0.000000
0.997873 -0.065195 0.000000 120.998611 0.065195 0.997873 0.000000 0.861039 0.000000 0.000000 1.000000 0.000000
0.998049 -0.062437 0.000000 122.485672 0.062437 0.998049 0.000000 0.999840 0.000000 0.000000 1.000000 0.000000
0.998327 -0.057828 0.000000 123.917404 0.057828 0.998327 0.000000 0.991468 0.000000 0.000000 1.000000 0.000000
0.998558 -0.053675 0.000000 125.400002 0.053675 0.998558 0.000000 1.136976 0.000000 0.000000 1.000000 0.000000
0.999111 -0.042163 0.000000 126.742119 0.042163 0.999111 0.000000 1.104759 0.000000 0.000000 1.000000 0.000000
0.999288 -0.037720 0.000000 128.229355 0.037720 0.999288 0.000000 1.170153 0.000000 0.000000 1.000000 0.000000
0.999516 -0.031095 0.000000 129.677307 0.031095 0.999516 0.000000 1.162355 0.000000 0.000000 1.000000 0.000000
0.999750 -0.022371 0.000000 131.118149 0.022371 0.999750 0.000000 1.196731 0.000000 0.000000 1.000000 0.000000
0.999856 -0.016951 0.000000 132.591644 0.016951 0.999856 0.000000 1.211945 0.000000 0.000000 1.000000 0.000000
0.999939 -0.011034 0.000000 134.082932 0.011034 0.999939 0.000000 1.236768 0.000000 0.000000 1.000000 0.000000
0.999971 -0.007567 0.000000 135.506363 0.007567 0.999971 0.000000 1.211810 0.000000 0.000000 1.000000 0.000000
0.999975 -0.007031 0.000000 136.981888 0.007031 0.999975 0.000000 1.258489 0.000000 0.000000 1.000000 0.000000
0.999988 -0.004872 0.000000 138.423828 0.004872 0.999988 0.000000 1.260519 0.000000 0.000000 1.000000 0.000000
0.999977 -0.006783 0.000000 139.949905 0.006783 0.999977 0.000000 1.196756 0.000000 0.000000 1.000000 0.000000
0.999957 -0.009255 0.000000 141.459518 0.009255 0.999957 0.000000 1.218265 0.000000 0.000000 1.000000 0.000000
0.999991 -0.004170 0.000000 142.928802 0.004170 0.999991 0.000000 1.190457 0.000000 0.000000 1.000000 0.000000
0.999935 -0.011421 0.000000 144.398438 0.011421 0.999935 0.000000 1.161707 0.000000 0.000000 1.000000 0.000000
0.999958 -0.009126 0.000000 145.771790 0.009126 0.999958 0.000000 1.201744 0.000000 0.000000 1.000000 0.000000
0.999937 -0.011261 0.000000 147.206375 0.011261 0.999937 0.000000 1.219451 0.000000 0.000000 1.000000 0.000000
0.999872 -0.016026 0.000000 148.570160 0.016026 0.999872 0.000000 1.208244 0.000000 0.000000 1.000000 0.000000
0.999827 -0.018625 0.000000 150.006012 0.018625 0.999827 0.000000 1.253021 0.000000 0.000000 1.000000 0.000000
0.999807 -0.019644 0.000000 151.395233 0.019644 0.999807 0.000000 1.236788 0.000000 0.000000 1.000000 0.000000
0.999754 -0.022179 0.000000 152.743576 0.022179 0.999754 0.000000 1.225611 0.000000 0.000000 1.000000 0.000000
0.999811 -0.019444 0.000000 154.165375 0.019444 0.999811 0.000000 1.237715 0.000000 0.000000 1.000000 0.000000
0.999811 -0.019434 0.000000 155.564316 0.019434 0.999811 0.000000 1.238532 0.000000 0.000000 1.000000 0.000000
0.999802 -0.019895 0.000000 157.041245 0.019895 0.999802 0.000000 1.221686 0.000000 0.000000 1.000000 0.000000
0.999793 -0.020356 0.000000 158.432541 0.020356 0.999793 0.000000 1.248998 0.000000 0.000000 1.000000 0.000000
0.999887 -0.015025 0.000000 159.894165 0.015025 0.999887 0.000000 1.283817 0.000000 0.000000 1.000000 0.000000
0.999790 -0.020514 0.000000 161.417542 0.020514 0.999790 0.000000 1.324114 0.000000 0.000000 1.000000 0.000000
0.999797 -0.020154 0.000000 163.005493 0.020154 0.999797 0.000000 1.301348 0.000000 0.000000 1.000000 0.000000
0.999701 -0.024462 0.000000 164.512619 0.024462 0.999701 0.000000 1.313189 0.000000 0.000000 1.000000 0.000000
0.999634 -0.027061 0.000000 166.043686 0.027061 0.999634 0.000000 1.307832 0.000000 0.000000 1.000000 0.000000
0.999648 -0.026516 0.000000 167.649399 0.026516 0.999648 0.000000 1.362413 0.000000 0.000000 1.000000 0.000000
0.999657 -0.026175 0.000000 169.212265 0.026175 0.999657 0.000000 1.390436 0.000000 0.000000 1.000000 0.000000
0.999604 -0.028137 0.000000 171.019623 0.028137 0.999604 0.000000 1.454944 0.000000 0.000000 1.000000 0.000000
0.999566 -0.029457 0.000000 172.611237 0.029457 0.999566 0.000000 1.384232 0.000000 0.000000 1.000000 0.000000
0.999474 -0.032427 0.000000 174.332947 0.032427 0.999474 0.000000 1.466806 0.000000 0.000000 1.000000 0.000000
0.999439 -0.033500 0.000000 175.982559 0.033500 0.999439 0.000000 1.517211 0.000000 0.000000 1.000000 0.000000
0.999387 -0.034997 0.000000 177.706680 0.034997 0.999387 0.000000 1.532299 0.000000 0.000000 1.000000 0.000000
0.999308 -0.037188 0.000000 179.491440 0.037188 0.999308 0.000000 1.603639 0.000000 0.000000 1.000000 0.000000
0.999382 -0.035142 0.000000 181.303650 0.035142 0.999382 0.000000 1.576848 0.000000 0.000000 1.000000 0.000000
0.999011 -0.044464 0.000000 183.008530 0.044464 0.999011 0.000000 1.619293 0.000000 0.000000 1.000000 0.000000
0.999262 -0.038408 0.000000 184.852982 0.038408 0.999262 0.000000 1.683828 0.000000 0.000000 1.000000 0.000000
0.999229 -0.039257 0.000000 186.855682 0.039257 0.999229 0.000000 1.760880 0.000000 0.000000 1.000000 0.000000
0.998981 -0.045129 0.000000 188.598846 0.045129 0.998981 0.000000 1.785060 0.000000 0.000000 1.000000 0.000000
0.999111 -0.042153 0.000000 190.296280 0.042153 0.999111 0.000000 1.799440 0.000000 0.000000 1.000000 0.000000
0.999102 -0.042381 0.000000 191.951447 0.042381 0.999102 0.000000 1.943910 0.000000 0.000000 1.000000 0.000000
0.998938 -0.046071 0.000000 193.740768 0.046071 0.998938 0.000000 1.983529 0.000000 0.000000 1.000000 0.000000
0.998945 -0.045932 0.000000 195.554764 0.045932 0.998945 0.000000 2.073230 0.000000 0.000000 1.000000 0.000000
0.999087 -0.042721 0.000000 197.324631 0.042721 0.999087 0.000000 2.159643 0.000000 0.000000 1.000000 0.000000
0.999095 -0.042537 0.000000 199.017273 0.042537 0.999095 0.000000 2.163882 0.000000 0.000000 1.000000 0.000000
0.998951 -0.045794 0.000000 200.609421 0.045794 0.998951 0.000000 2.282063 0.000000 0.000000 1.000000 0.000000
0.998779 -0.049395 0.000000 202.108231 0.049395 0.998779 0.000000 2.397705 0.000000 0.000000 1.000000 0.000000
0.998876 -0.047394 0.000000 203.866577 0.047394 0.998876 0.000000 2.470453 0.000000 0.000000 1.000000 0.000000
0.998612 -0.052662 0.000000 205.227432 0.052662 0.998612 0.000000 2.502367 0.000000 0.000000 1.000000 0.000000
0.998670 -0.051553 0.000000 206.726166 0.051553 0.998670 0.000000 2.597875 0.000000 0.000000 1.000000 0.000000
0.998554 -0.053762 0.000000 208.302307 0.053762 0.998554 0.000000 2.643826 0.000000 0.000000 1.000000 0.000000
0.998730 -0.050385 0.000000 209.846756 0.050385 0.998730 0.000000 2.729530 0.000000 0.000000 1.000000 0.000000
0.998607 -0.052761 0.000000 211.389709 0.052761 0.998607 0.000000 2.761884 0.000000 0.000000 1.000000 0.000000
0.998850 -0.047937 0.000000 212.906845 0.047937 0.998850 0.000000 2.814818 0.000000 0.000000 1.000000 0.000000
0.999236 -0.039090 0.000000 214.510330 0.039090 0.999236 0.000000 2.849895 0.000000 0.000000 1.000000 0.000000
0.999460 -0.032863 0.000000 216.069519 0.032863 0.999460 0.000000 2.861532 0.000000 0.000000 1.000000 0.000000
0.999626 -0.027337 0.000000 217.730804 0.027337 0.999626 0.000000 2.900007 0.000000 0.000000 1.000000 0.000000
0.999754 -0.022164 0.000000 219.436676 0.022164 0.999754 0.000000 2.938858 0.000000 0.000000 1.000000 0.000000
0.999859 -0.016788 0.000000 221.118286 0.016788 0.999859 0.000000 2.912813 0.000000 0.000000 1.000000 0.000000
0.999867 -0.016321 0.000000 222.775269 0.016321 0.999867 0.000000 2.931271 0.000000 0.000000 1.000000 0.000000
0.999713 -0.023958 0.000000 224.509964 0.023958 0.999713 0.000000 2.942293 0.000000 0.000000 1.000000 0.000000
0.999183 -0.040416 0.000000 226.119446 0.040416 0.999183 0.000000 3.029894 0.000000 0.000000 1.000000 0.000000
0.998604 -0.052821 0.000000 227.947281 0.052821 0.998604 0.000000 3.136261 0.000000 0.000000 1.000000 0.000000
0.997565 -0.069749 0.000000 229.667557 0.069749 0.997565 0.000000 3.249075 0.000000 0.000000 1.000000 0.000000
0.996199 -0.087103 0.000000 231.418823 0.087103 0.996199 0.000000 3.386910 0.000000 0.000000 1.000000 0.000000
0.994793 -0.101916 0.000000 233.182434 0.101916 0.994793 0.000000 3.573718 0.000000 0.000000 1.000000 0.000000
0.994133 -0.108165 0.000000 235.017548 0.108165 0.994133 0.000000 3.683847 0.000000 0.000000 1.000000 0.000000
0.992971 -0.118356 0.000000 236.876984 0.118356 0.992971 0.000000 3.902182 0.000000 0.000000 1.000000 0.000000
0.993027 -0.117889 0.000000 238.675980 0.117889 0.993027 0.000000 4.111250 0.000000 0.000000 1.000000 0.000000
0.991566 -0.129601 0.000000 240.537827 0.129601 0.991566 0.000000 4.384743 0.000000 0.000000 1.000000 0.000000
0.990664 -0.136327 0.000000 242.384659 0.136327 0.990664 0.000000 4.625751 0.000000 0.000000 1.000000 0.000000
0.990955 -0.134195 0.000000 244.256027 0.134195 0.990955 0.000000 4.862241 0.000000 0.000000 1.000000 0.000000
0.989695 -0.143188 0.000000 246.201492 0.143188 0.989695 0.000000 5.107592 0.000000 0.000000 1.000000 0.000000
0.989820 -0.142323 0.000000 247.998947 0.142323 0.989820 0.000000 5.348651 0.000000 0.000000 1.000000 0.000000
0.989715 -0.143052 0.000000 249.978897 0.143052 0.989715 0.000000 5.631848 0.000000 0.000000 1.000000 0.000000
0.990255 -0.139263 0.000000 252.049896 0.139263 0.990255 0.000000 5.837944 0.000000 0.000000 1.000000 0.000000
0.990076 -0.140533 0.000000 254.003189 0.140533 0.990076 0.000000 6.153014 0.000000 0.000000 1.000000 0.000000
0.990390 -0.138306 0.000000 256.160553 0.138306 0.990390 0.000000 6.408416 0.000000 0.000000 1.000000 0.000000
0.990120 -0.140222 0.000000 257.972748 0.140222 0.990120 0.000000 6.671174 0.000000 0.000000 1.000000 0.000000
0.989905 -0.141733 0.000000 259.976471 0.141733 0.989905 0.000000 6.884778 0.000000 0.000000 1.000000 0.000000
0.990371 -0.138438 0.000000 261.938568 0.138438 0.990371 0.000000 7.144707 0.000000 0.000000 1.000000 0.000000
0.990642 -0.136488 0.000000 264.127014 0.136488 0.990642 0.000000 7.456016 0.000000 0.000000 1.000000 0.000000
0.990555 -0.137114 0.000000 266.144379 0.137114 0.990555 0.000000 7.684158 0.000000 0.000000 1.000000 0.000000
0.990879 -0.134752 0.000000 268.109100 0.134752 0.990879 0.000000 7.910334 0.000000 0.000000 1.000000 0.000000
0.991054 -0.133460 0.000000 270.094330 0.133460 0.991054 0.000000 8.189812 0.000000 0.000000 1.000000 0.000000
0.991218 -0.132240 0.000000 272.050934 0.132240 0.991218 0.000000 8.435769 0.000000 0.000000 1.000000 0.000000
0.991216 -0.132254 0.000000 274.031158 0.132254 0.991216 0.000000 8.677867 0.000000 0.000000 1.000000 0.000000
0.991343 -0.131299 0.000000 276.059784 0.131299 0.991343 0.000000 8.932391 0.000000 0.000000 1.000000 0.000000
0.991215 -0.132259 0.000000 277.895233 0.132259 0.991215 0.000000 9.192444 0.000000 0.000000 1.000000 0.000000
0.990764 -0.135595 0.000000 279.868011 0.135595 0.990764 0.000000 9.403737 0.000000 0.000000 1.000000 0.000000
0.990890 -0.134676 0.000000 281.734192 0.134676 0.990890 0.000000 9.657772 0.000000 0.000000 1.000000 0.000000
0.990321 -0.138798 0.000000 283.817139 0.138798 0.990321 0.000000 9.943736 0.000000 0.000000 1.000000 0.000000
0.990637 -0.136524 0.000000 285.697754 0.136524 0.990637 0.000000 10.158213 0.000000 0.000000 1.000000 0.000000
0.991593 -0.129396 0.000000 287.767151 0.129396 0.991593 0.000000 10.442694 0.000000 0.000000 1.000000 0.000000
0.991709 -0.128507 0.000000 289.791168 0.128507 0.991709 0.000000 10.679818 0.000000 0.000000 1.000000 0.000000
0.990136 -0.140111 0.000000 291.746002 0.140111 0.990136 0.000000 10.866308 0.000000 0.000000 1.000000 0.000000
0.990321 -0.138797 0.000000 293.844879 0.138797 0.990321 0.000000 11.058681 0.000000 0.000000 1.000000 0.000000
0.990650 -0.136431 0.000000 295.951752 0.136431 0.990650 0.000000 11.306058 0.000000 0.000000 1.000000 0.000000
0.990934 -0.134350 0.000000 298.016510 0.134350 0.990934 0.000000 11.544536 0.000000 0.000000 1.000000 0.000000
0.992170 -0.124896 0.000000 300.174683 0.124896 0.992170 0.000000 11.769911 0.000000 0.000000 1.000000 0.000000
0.992008 -0.126177 0.000000 302.226685 0.126177 0.992008 0.000000 11.990534 0.000000 0.000000 1.000000 0.000000
0.992229 -0.124427 0.000000 304.360260 0.124427 0.992229 0.000000 12.241878 0.000000 0.000000 1.000000 0.000000
0.992419 -0.122896 0.000000 306.475555 0.122896 0.992419 0.000000 12.458369 0.000000 0.000000 1.000000 0.000000
0.993825 -0.110961 0.000000 308.756744 0.110961 0.993825 0.000000 12.636987 0.000000 0.000000 1.000000 0.000000
0.993553 -0.113368 0.000000 310.944916 0.113368 0.993553 0.000000 12.932995 0.000000 0.000000 1.000000 0.000000
0.993636 -0.112635 0.000000 313.021149 0.112635 0.993636 0.000000 13.256374 0.000000 0.000000 1.000000 0.000000
0.994325 -0.106385 0.000000 315.320374 0.106385 0.994325 0.000000 13.319173 0.000000 0.000000 1.000000 0.000000
0.994253 -0.107056 0.000000 317.483459 0.107056 0.994253 0.000000 13.658094 0.000000 0.000000 1.000000 0.000000
0.994819 -0.101662 0.000000 319.557404 0.101662 0.994819 0.000000 13.704510 0.000000 0.000000 1.000000 0.000000
0.995660 -0.093070 0.000000 321.797638 0.093070 0.995660 0.000000 13.876374 0.000000 0.000000 1.000000 0.000000
0.995637 -0.093308 0.000000 323.920868 0.093308 0.995637 0.000000 14.012915 0.000000 0.000000 1.000000 0.000000
0.995517 -0.094587 0.000000 326.029785 0.094587 0.995517 0.000000 14.208617 0.000000 0.000000 1.000000 0.000000
0.995551 -0.094228 0.000000 328.378876 0.094228 0.995551 0.000000 14.419354 0.000000 0.000000 1.000000 0.000000
0.995982 -0.089558 0.000000 330.565338 0.089558 0.995982 0.000000 14.601707 0.000000 0.000000 1.000000 0.000000
0.996519 -0.083364 0.000000 332.681061 0.083364 0.996519 0.000000 14.647429 0.000000 0.000000 1.000000 0.000000
0.996514 -0.083425 0.000000 334.820709 0.083425 0.996514 0.000000 14.812494 0.000000 0.000000 1.000000 0.000000
0.996306 -0.085880 0.000000 337.081329 0.085880 0.996306 0.000000 14.941771 0.000000 0.000000 1.000000 0.000000
0.996546 -0.083039 0.000000 339.225525 0.083039 0.996546 0.000000 15.164286 0.000000 0.000000 1.000000 0.000000
0.996486 -0.083762 0.000000 341.450134 0.083762 0.996486 0.000000 15.284800 0.000000 0.000000 1.000000 0.000000
0.996356 -0.085293 0.000000 343.593933 0.085293 0.996356 0.000000 15.395621 0.000000 0.000000 1.000000 0.000000
0.996252 -0.086497 0.000000 345.786285 0.086497 0.996252 0.000000 15.572193 0.000000 0.000000 1.000000 0.000000
0.996162 -0.087527 0.000000 348.001953 0.087527 0.996162 0.000000 15.695451 0.000000 0.000000 1.000000 0.000000
0.996289 -0.086068 0.000000 350.232758 0.086068 0.996289 0.000000 15.888335 0.000000 0.000000 1.000000 0.000000
0.997148 -0.075469 0.000000 352.368866 0.075469 0.997148 0.000000 15.853351 0.000000 0.000000 1.000000 0.000000
0.996952 -0.078012 0.000000 354.719330 0.078012 0.996952 0.000000 16.160154 0.000000 0.000000 1.000000 0.000000
0.998132 -0.061099 0.000000 356.712555 0.061099 0.998132 0.000000 16.282045 0.000000 0.000000 1.000000 0.000000
0.999020 -0.044250 0.000000 358.896881 0.044250 0.999020 0.000000 16.309559 0.000000 0.000000 1.000000 0.000000
0.999386 -0.035035 0.000000 361.174042 0.035035 0.999386 0.000000 16.337931 0.000000 0.000000 1.000000 0.000000
0.999879 -0.015560 0.000000 363.305115 0.015560 0.999879 0.000000 16.200609 0.000000 0.000000 1.000000 0.000000
0.999991 0.004358 0.000000 365.560059 -0.004358 0.999991 -0.000000 16.300451 -0.000000 0.000000 1.000000 0.000000
0.999641 0.026787 0.000000 367.763702 -0.026787 0.999641 -0.000000 16.209373 -0.000000 0.000000 1.000000 0.000000
0.999131 0.041680 0.000000 369.911163 -0.041680 0.999131 -0.000000 16.111374 -0.000000 0.000000 1.000000 0.000000
0.998634 0.052259 0.000000 372.024384 -0.052259 0.998634 -0.000000 16.029133 -0.000000 0.000000 1.000000 0.000000
0.997854 0.065473 0.000000 374.306427 -0.065473 0.997854 -0.000000 15.917069 -0.000000 0.000000 1.000000 0.000000
0.997562 0.069787 0.000000 376.386230 -0.069787 0.997562 -0.000000 15.584082 -0.000000 0.000000 1.000000 0.000000
0.997096 0.076149 0.000000 378.555573 -0.076149 0.997096 -0.000000 15.367105 -0.000000 0.000000 1.000000 0.000000
0.997276 0.073764 0.000000 380.687103 -0.073764 0.997276 -0.000000 15.081367 -0.000000 0.000000 1.000000 0.000000
0.997466 0.071144 0.000000 382.914154 -0.071144 0.997466 -0.000000 15.035786 -0.000000 0.000000 1.000000 0.000000
0.998029 0.062759 0.000000 385.018158 -0.062759 0.998029 -0.000000 14.980450 -0.000000 0.000000 1.000000 0.000000
0.998346 0.057489 0.000000 387.220825 -0.057489 0.998346 -0.000000 14.820985 -0.000000 0.000000 1.000000 0.000000
0.998979 0.045177 0.000000 389.376343 -0.045177 0.998979 -0.000000 14.702993 -0.000000 0.000000 1.000000 0.000000
0.999555 0.029819 0.000000 391.588623 -0.029819 0.999555 -0.000000 14.610791 -0.000000 0.000000 1.000000 0.000000
0.999719 0.023721 0.000000 393.801453 -0.023721 0.999719 -0.000000 14.608943 -0.000000 0.000000 1.000000 0.000000
0.999650 0.026444 0.000000 396.024780 -0.026444 0.999650 -0.000000 14.432839 -0.000000 0.000000 1.000000 0.000000
0.999775 0.021192 0.000000 398.215179 -0.021192 0.999775 -0.000000 14.336653 -0.000000 0.000000 1.000000 0.000000
0.999955 0.009528 0.000000 400.316528 -0.009528 0.999955 -0.000000 14.336774 -0.000000 0.000000 1.000000 0.000000
0.999999 -0.001437 0.000000 402.580872 0.001437 0.999999 0.000000 14.254819 0.000000 0.000000 1.000000 0.000000
0.999991 -0.004177 0.000000 404.794678 0.004177 0.999991 0.000000 14.151986 0.000000 0.000000 1.000000 0.000000
0.999986 -0.005365 0.000000 407.111359 0.005365 0.999986 0.000000 14.113798 0.000000 0.000000 1.000000 0.000000
0.999944 -0.010578 0.000000 409.268707 0.010578 0.999944 0.000000 14.160297 0.000000 0.000000 1.000000 0.000000
0.999901 -0.014060 0.000000 411.486633 0.014060 0.999901 0.000000 14.284365 0.000000 0.000000 1.000000 0.000000
0.999899 -0.014223 0.000000 413.665680 0.014223 0.999899 0.000000 14.215201 0.000000 0.000000 1.000000 0.000000
0.999745 -0.022582 0.000000 415.974945 0.022582 0.999745 0.000000 14.305991 0.000000 0.000000 1.000000 0.000000
0.999688 -0.024994 0.000000 418.206024 0.024994 0.999688 0.000000 14.367348 0.000000 0.000000 1.000000 0.000000
0.999641 -0.026804 0.000000 420.448730 0.026804 0.999641 0.000000 14.389801 0.000000 0.000000 1.000000 0.000000
0.999576 -0.029127 0.000000 422.631287 0.029127 0.999576 0.000000 14.370460 0.000000 0.000000 1.000000 0.000000
0.999694 -0.024734 0.000000 424.962372 0.024734 0.999694 0.000000 14.317729 0.000000 0.000000 1.000000 0.000000
0.999575 -0.029145 0.000000 427.248840 0.029145 0.999575 0.000000 14.317659 0.000000 0.000000 1.000000 0.000000
0.999496 -0.031730 0.000000 429.308228 0.031730 0.999496 0.000000 14.393090 0.000000 0.000000 1.000000 0.000000
0.999420 -0.034061 0.000000 431.491882 0.034061 0.999420 0.000000 14.378539 0.000000 0.000000 1.000000 0.000000
0.999496 -0.031745 0.000000 433.831024 0.031745 0.999496 0.000000 14.406011 0.000000 0.000000 1.000000 0.000000
0.999324 -0.036769 0.000000 435.956207 0.036769 0.999324 0.000000 14.476464 0.000000 0.000000 1.000000 0.000000
0.999391 -0.034889 0.000000 438.082062 0.034889 0.999391 0.000000 14.518743 0.000000 0.000000 1.000000 0.000000
