1.000000 0.000004 0.000000 0.001075 -0.000004 1.000000 -0.000000 0.000052 -0.000000 0.000000 1.000000 0.000000
1.000000 0.000003 0.000000 0.001237 -0.000003 1.000000 -0.000000 0.000053 -0.000000 0.000000 1.000000 0.000000
1.000000 -0.000010 0.000000 -0.000657 0.000010 1.000000 0.000000 0.000126 0.000000 0.000000 1.000000 0.000000
1.000000 0.000018 0.000000 0.000162 -0.000018 1.000000 -0.000000 0.000173 -0.000000 0.000000 1.000000 0.000000
1.000000 0.000032 0.000000 0.000607 -0.000032 1.000000 -0.000000 0.000289 -0.000000 0.000000 1.000000 0.000000
1.000000 0.000027 0.000000 0.000327 -0.000027 1.000000 -0.000000 0.000050 -0.000000 0.000000 1.000000 0.000000
1.000000 0.000006 0.000000 0.000313 -0.000006 1.000000 -0.000000 0.000086 -0.000000 0.000000 1.000000 0.000000
1.000000 0.000010 0.000000 0.001186 -0.000010 1.000000 -0.000000 0.000039 -0.000000 0.000000 1.000000 0.000000
1.000000 0.000049 0.000000 0.000617 -0.000049 1.000000 -0.000000 0.000023 -0.000000 0.000000 1.000000 0.000000
1.000000 0.000015 0.000000 0.000126 -0.000015 1.000000 -0.000000 0.000295 -0.000000 0.000000 1.000000 0.000000
1.000000 0.000047 0.000000 0.000013 -0.000047 1.000000 -0.000000 0.000421 -0.000000 0.000000 1.000000 0.000000
1.000000 0.000038 0.000000 0.000267 -0.000038 1.000000 -0.000000 0.000331 -0.000000 0.000000 1.000000 0.000000
1.000000 0.000036 0.000000 0.000886 -0.000036 1.000000 -0.000000 0.000309 -0.000000 0.000000 1.000000 0.000000
1.000000 0.000028 0.000000 0.000868 -0.000028 1.000000 -0.000000 0.000190 -0.000000 0.000000 1.000000 0.000000
1.000000 0.000080 0.000000 0.001077 -0.000080 1.000000 -0.000000 0.000228 -0.000000 0.000000 1.000000 0.000000
1.000000 0.000075 0.000000 0.001116 -0.000075 1.000000 -0.000000 0.000199 -0.000000 0.000000 1.000000 0.000000
1.000000 0.000059 0.000000 0.001831 -0.000059 1.000000 -0.000000 0.000169 -0.000000 0.000000 1.000000 0.000000
1.000000 0.000052 0.000000 0.000675 -0.000052 1.000000 -0.000000 0.000209 -0.000000 0.000000 1.000000 0.000000
1.000000 0.000056 0.000000 0.000575 -0.000056 1.000000 -0.000000 0.000273 -0.000000 0.000000 1.000000 0.000000
1.000000 0.000065 0.000000 0.001264 -0.000065 1.000000 -0.000000 0.000243 -0.000000 0.000000 1.000000 0.000000
1.000000 0.000056 0.000000 0.000789 -0.000056 1.000000 -0.000000 0.000195 -0.000000 0.000000 1.000000 0.000000
1.000000 0.000050 0.000000 0.000550 -0.000050 1.000000 -0.000000 0.000249 -0.000000 0.000000 1.000000 0.000000
1.000000 0.000066 0.000000 0.000942 -0.000066 1.000000 -0.000000 0.000352 -0.000000 0.000000 1.000000 0.000000
1.000000 0.000049 0.000000 -0.000271 -0.000049 1.000000 -0.000000 0.000344 -0.000000 0.000000 1.000000 0.000000
1.000000 0.000040 0.000000 -0.000119 -0.000040 1.000000 -0.000000 0.000311 -0.000000 0.000000 1.000000 0.000000
1.000000 0.000030 0.000000 -0.000430 -0.000030 1.000000 -0.000000 0.000321 -0.000000 0.000000 1.000000 0.000000
1.000000 0.000063 0.000000 0.000505 -0.000063 1.000000 -0.000000 0.000358 -0.000000 0.000000 1.000000 0.000000
1.000000 0.000084 0.000000 0.000337 -0.000084 1.000000 -0.000000 0.000412 -0.000000 0.000000 1.000000 0.000000
1.000000 0.000051 0.000000 0.001501 -0.000051 1.000000 -0.000000 0.000219 -0.000000 0.000000 1.000000 0.000000
1.000000 0.000051 0.000000 0.001579 -0.000051 1.000000 -0.000000 0.000214 -0.000000 0.000000 1.000000 0.000000
1.000000 0.000068 0.000000 0.001284 -0.000068 1.000000 -0.000000 0.000322 -0.000000 0.000000 1.000000 0.000000
1.000000 0.000082 0.000000 0.000723 -0.000082 1.000000 -0.000000 0.000194 -0.000000 0.000000 1.000000 0.000000
1.000000 0.000065 0.000000 0.000173 -0.000065 1.000000 -0.000000 0.000220 -0.000000 0.000000 1.000000 0.000000
1.000000 0.000067 0.000000 0.000546 -0.000067 1.000000 -0.000000 0.000189 -0.000000 0.000000 1.000000 0.000000
1.000000 0.000057 0.000000 0.000328 -0.000057 1.000000 -0.000000 0.000173 -0.000000 0.000000 1.000000 0.000000
1.000000 0.000051 0.000000 0.000357 -0.000051 1.000000 -0.000000 -0.000016 -0.000000 0.000000 1.000000 0.000000
1.000000 0.000049 0.000000 0.000586 -0.000049 1.000000 -0.000000 -0.000427 -0.000000 0.000000 1.000000 0.000000
1.000000 0.000067 0.000000 -0.000112 -0.000067 1.000000 -0.000000 -0.000873 -0.000000 0.000000 1.000000 0.000000
1.000000 0.000129 0.000000 0.000074 -0.000129 1.000000 -0.000000 0.000051 -0.000000 0.000000 1.000000 0.000000
1.000000 0.000099 0.000000 0.000368 -0.000099 1.000000 -0.000000 0.000327 -0.000000 0.000000 1.000000 0.000000
1.000000 0.000080 0.000000 0.000394 -0.000080 1.000000 -0.000000 0.000407 -0.000000 0.000000 1.000000 0.000000
1.000000 0.000076 0.000000 -0.000018 -0.000076 1.000000 -0.000000 0.000409 -0.000000 0.000000 1.000000 0.000000
1.000000 0.000077 0.000000 -0.000141 -0.000077 1.000000 -0.000000 0.000443 -0.000000 0.000000 1.000000 0.000000
1.000000 0.000110 0.000000 0.000903 -0.000110 1.000000 -0.000000 0.000484 -0.000000 0.000000 1.000000 0.000000
1.000000 0.000111 0.000000 0.000422 -0.000111 1.000000 -0.000000 0.000412 -0.000000 0.000000 1.000000 0.000000
1.000000 0.000042 0.000000 0.000134 -0.000042 1.000000 -0.000000 0.000117 -0.000000 0.000000 1.000000 0.000000
1.000000 0.000053 0.000000 0.001059 -0.000053 1.000000 -0.000000 0.000228 -0.000000 0.000000 1.000000 0.000000
1.000000 0.000070 0.000000 0.000746 -0.000070 1.000000 -0.000000 0.000397 -0.000000 0.000000 1.000000 0.000000
1.000000 0.000108 0.000000 0.000528 -0.000108 1.000000 -0.000000 0.000495 -0.000000 0.000000 1.000000 0.000000
1.000000 0.000095 0.000000 0.000634 -0.000095 1.000000 -0.000000 0.000486 -0.000000 0.000000 1.000000 0.000000
1.000000 0.000037 0.000000 0.000035 -0.000037 1.000000 -0.000000 0.000432 -0.000000 0.000000 1.000000 0.000000
1.000000 0.000021 0.000000 0.000050 -0.000021 1.000000 -0.000000 0.000423 -0.000000 0.000000 1.000000 0.000000
1.000000 0.000101 0.000000 0.000968 -0.000101 1.000000 -0.000000 0.000539 -0.000000 0.000000 1.000000 0.000000
1.000000 0.000126 0.000000 0.000896 -0.000126 1.000000 -0.000000 0.000714 -0.000000 0.000000 1.000000 0.000000
1.000000 0.000122 0.000000 0.001104 -0.000122 1.000000 -0.000000 0.000687 -0.000000 0.000000 1.000000 0.000000
1.000000 0.000090 0.000000 0.001388 -0.000090 1.000000 -0.000000 0.000593 -0.000000 0.000000 1.000000 0.000000
1.000000 0.000146 0.000000 0.001955 -0.000146 1.000000 -0.000000 0.000673 -0.000000 0.000000 1.000000 0.000000
1.000000 0.000135 0.000000 0.002518 -0.000135 1.000000 -0.000000 0.000687 -0.000000 0.000000 1.000000 0.000000
1.000000 0.000111 0.000000 0.001168 -0.000111 1.000000 -0.000000 0.000716 -0.000000 0.000000 1.000000 0.000000
1.000000 0.000122 0.000000 0.001695 -0.000122 1.000000 -0.000000 0.000986 -0.000000 0.000000 1.000000 0.000000
1.000000 0.000127 0.000000 0.001975 -0.000127 1.000000 -0.000000 0.001156 -0.000000 0.000000 1.000000 0.000000
1.000000 0.000157 0.000000 0.004743 -0.000157 1.000000 -0.000000 0.002132 -0.000000 0.000000 1.000000 0.000000
1.000000 0.000068 0.000000 0.039184 -0.000068 1.000000 -0.000000 0.003097 -0.000000 0.000000 1.000000 0.000000
0.999995 -0.003287 0.000000 0.127613 0.003287 0.999995 0.000000 -0.000156 0.000000 0.000000 1.000000 0.000000
0.999836 -0.018133 0.000000 0.575360 0.018133 0.999836 0.000000 0.007744 0.000000 0.000000 1.000000 0.000000
0.998938 -0.046071 0.000000 1.540774 0.046071 0.998938 0.000000 0.052858 0.000000 0.000000 1.000000 0.000000
0.996897 -0.078718 0.000000 2.949344 0.078718 0.996897 0.000000 0.154975 0.000000 0.000000 1.000000 0.000000
0.994407 -0.105613 0.000000 4.837440 0.105613 0.994407 0.000000 0.345367 0.000000 0.000000 1.000000 0.000000
0.994035 -0.109063 0.000000 9.933164 0.109063 0.994035 0.000000 0.878949 0.000000 0.000000 1.000000 0.000000
0.994371 -0.105956 0.000000 11.604731 0.105956 0.994371 0.000000 1.058261 0.000000 0.000000 1.000000 0.000000
0.995227 -0.097585 0.000000 15.197592 0.097585 0.995227 0.000000 1.411145 0.000000 0.000000 1.000000 0.000000
0.996174 -0.087394 0.000000 19.049978 0.087394 0.996174 0.000000 1.739134 0.000000 0.000000 1.000000 0.000000
0.997166 -0.075228 0.000000 23.203319 0.075228 0.997166 0.000000 2.039822 0.000000 0.000000 1.000000 0.000000
0.998065 -0.062174 0.000000 27.436830 0.062174 0.998065 0.000000 2.302413 0.000000 0.000000 1.000000 0.000000
0.998377 -0.056956 0.000000 31.891036 0.056956 0.998377 0.000000 2.536726 0.000000 0.000000 1.000000 0.000000
0.998702 -0.050940 0.000000 36.561319 0.050940 0.998702 0.000000 2.771674 0.000000 0.000000 1.000000 0.000000
0.999174 -0.040632 0.000000 41.064165 0.040632 0.999174 0.000000 2.971932 0.000000 0.000000 1.000000 0.000000
0.999889 -0.014906 0.000000 50.131384 0.014906 0.999889 0.000000 3.167173 0.000000 0.000000 1.000000 0.000000
0.999872 -0.016030 0.000000 52.290588 0.016030 0.999872 0.000000 3.193792 0.000000 0.000000 1.000000 0.000000
0.999836 -0.018104 0.000000 56.640009 0.018104 0.999836 0.000000 3.257010 0.000000 0.000000 1.000000 0.000000
0.999600 -0.028268 0.000000 60.894992 0.028268 0.999600 0.000000 3.334823 0.000000 0.000000 1.000000 0.000000
0.999236 -0.039094 0.000000 65.278393 0.039094 0.999236 0.000000 3.499107 0.000000 0.000000 1.000000 0.000000
0.998653 -0.051896 0.000000 69.792515 0.051896 0.998653 0.000000 3.717166 0.000000 0.000000 1.000000 0.000000
0.997634 -0.068744 0.000000 74.462114 0.068744 0.997634 0.000000 3.997598 0.000000 0.000000 1.000000 0.000000
0.996576 -0.082682 0.000000 79.188256 0.082682 0.996576 0.000000 4.335832 0.000000 0.000000 1.000000 0.000000
0.997244 -0.074192 0.000000 83.733905 0.074192 0.997244 0.000000 4.670651 0.000000 0.000000 1.000000 0.000000
0.999859 -0.016773 0.000000 93.528647 0.016773 0.999859 0.000000 5.006491 0.000000 0.000000 1.000000 0.000000
0.999924 -0.012316 0.000000 95.935416 0.012316 0.999924 0.000000 5.018956 0.000000 0.000000 1.000000 0.000000
0.999916 -0.012942 0.000000 101.311584 0.012942 0.999916 0.000000 5.069666 0.000000 0.000000 1.000000 0.000000
0.999868 -0.016219 0.000000 106.520699 0.016219 0.999868 0.000000 5.142862 0.000000 0.000000 1.000000 0.000000
0.999801 -0.019948 0.000000 112.070841 0.019948 0.999801 0.000000 5.250009 0.000000 0.000000 1.000000 0.000000
0.999690 -0.024881 0.000000 117.670316 0.024881 0.999690 0.000000 5.376286 0.000000 0.000000 1.000000 0.000000
0.999624 -0.027437 0.000000 122.720989 0.027437 0.999624 0.000000 5.514970 0.000000 0.000000 1.000000 0.000000
0.999517 -0.031085 0.000000 128.190789 0.031085 0.999517 0.000000 5.663814 0.000000 0.000000 1.000000 0.000000
0.999399 -0.034677 0.000000 133.614672 0.034677 0.999399 0.000000 5.832970 0.000000 0.000000 1.000000 0.000000
0.999024 -0.044179 0.000000 144.575453 0.044179 0.999024 0.000000 6.230961 0.000000 0.000000 1.000000 0.000000
0.998890 -0.047101 0.000000 147.290155 0.047101 0.998890 0.000000 6.344847 0.000000 0.000000 1.000000 0.000000
0.998701 -0.050961 0.000000 152.449173 0.050961 0.998701 0.000000 6.589533 0.000000 0.000000 1.000000 0.000000
0.998454 -0.055577 0.000000 157.929300 0.055577 0.998454 0.000000 6.873721 0.000000 0.000000 1.000000 0.000000
0.998127 -0.061184 0.000000 163.367535 0.061184 0.998127 0.000000 7.176677 0.000000 0.000000 1.000000 0.000000
0.997870 -0.065230 0.000000 168.744085 0.065230 0.997870 0.000000 7.494915 0.000000 0.000000 1.000000 0.000000
0.997553 -0.069908 0.000000 174.011729 0.069908 0.997553 0.000000 7.832447 0.000000 0.000000 1.000000 0.000000
0.997181 -0.075029 0.000000 179.268436 0.075029 0.997181 0.000000 8.202312 0.000000 0.000000 1.000000 0.000000
0.996823 -0.079647 0.000000 184.488382 0.079647 0.996823 0.000000 8.598508 0.000000 0.000000 1.000000 0.000000
0.995322 -0.096610 0.000000 194.656518 0.096610 0.995322 0.000000 9.476259 0.000000 0.000000 1.000000 0.000000
0.994361 -0.106050 0.000000 197.137409 0.106050 0.994361 0.000000 9.723737 0.000000 0.000000 1.000000 0.000000
0.991421 -0.130709 0.000000 201.998234 0.130709 0.991421 0.000000 10.306288 0.000000 0.000000 1.000000 0.000000
0.989055 -0.147546 0.000000 206.771695 0.147546 0.989055 0.000000 10.979765 0.000000 0.000000 1.000000 0.000000
0.986965 -0.160938 0.000000 210.954465 0.160938 0.986965 0.000000 11.645015 0.000000 0.000000 1.000000 0.000000
0.985720 -0.168391 0.000000 215.461459 0.168391 0.985720 0.000000 12.393781 0.000000 0.000000 1.000000 0.000000
0.984811 -0.173630 0.000000 219.909254 0.173630 0.984811 0.000000 13.159064 0.000000 0.000000 1.000000 0.000000
0.982816 -0.184586 0.000000 224.283412 0.184586 0.982816 0.000000 13.941205 0.000000 0.000000 1.000000 0.000000
0.980043 -0.198787 0.000000 228.598042 0.198787 0.980043 0.000000 14.768082 0.000000 0.000000 1.000000 0.000000
0.975959 -0.217954 0.000000 237.041533 0.217954 0.975959 0.000000 16.540254 0.000000 0.000000 1.000000 0.000000
0.975990 -0.217815 0.000000 239.092853 0.217815 0.975990 0.000000 16.988519 0.000000 0.000000 1.000000 0.000000
0.978707 -0.205262 0.000000 243.153499 0.205262 0.978707 0.000000 17.844020 0.000000 0.000000 1.000000 0.000000
0.984079 -0.177734 0.000000 247.243738 0.177734 0.984079 0.000000 18.608503 0.000000 0.000000 1.000000 0.000000
0.987926 -0.154924 0.000000 251.462398 0.154924 0.987926 0.000000 19.284532 0.000000 0.000000 1.000000 0.000000
0.989803 -0.142441 0.000000 255.744491 0.142441 0.989803 0.000000 19.897879 0.000000 0.000000 1.000000 0.000000
0.990728 -0.135862 0.000000 259.805219 0.135862 0.990728 0.000000 20.453222 0.000000 0.000000 1.000000 0.000000
0.990791 -0.135401 0.000000 264.181138 0.135401 0.990791 0.000000 21.038376 0.000000 0.000000 1.000000 0.000000
0.990636 -0.136528 0.000000 268.719779 0.136528 0.990636 0.000000 21.648516 0.000000 0.000000 1.000000 0.000000
0.990414 -0.138133 0.000000 277.734795 0.138133 0.990414 0.000000 22.837193 0.000000 0.000000 1.000000 0.000000
0.990663 -0.136334 0.000000 280.041667 0.136334 0.990663 0.000000 23.141416 0.000000 0.000000 1.000000 0.000000
0.991360 -0.131173 0.000000 284.193576 0.131173 0.991360 0.000000 23.672345 0.000000 0.000000 1.000000 0.000000
0.992263 -0.124150 0.000000 288.594654 0.124150 0.992263 0.000000 24.209999 0.000000 0.000000 1.000000 0.000000
0.993150 -0.116847 0.000000 293.013515 0.116847 0.993150 0.000000 24.739241 0.000000 0.000000 1.000000 0.000000
0.994097 -0.108497 0.000000 297.481136 0.108497 0.994097 0.000000 25.210607 0.000000 0.000000 1.000000 0.000000
0.994994 -0.099933 0.000000 301.959210 0.099933 0.994994 0.000000 25.669850 0.000000 0.000000 1.000000 0.000000
0.995586 -0.093850 0.000000 306.318367 0.093850 0.995586 0.000000 26.078010 0.000000 0.000000 1.000000 0.000000
0.995983 -0.089541 0.000000 310.506661 0.089541 0.995983 0.000000 26.437536 0.000000 0.000000 1.000000 0.000000
0.996931 -0.078289 0.000000 318.922297 0.078289 0.996931 0.000000 27.120143 0.000000 0.000000 1.000000 0.000000
0.997035 -0.076946 0.000000 321.126930 0.076946 0.997035 0.000000 27.276371 0.000000 0.000000 1.000000 0.000000
0.997378 -0.072369 0.000000 325.512784 0.072369 0.997378 0.000000 27.585690 0.000000 0.000000 1.000000 0.000000
0.997418 -0.071810 0.000000 329.955227 0.071810 0.997418 0.000000 27.891862 0.000000 0.000000 1.000000 0.000000
0.997502 -0.070634 0.000000 334.528751 0.070634 0.997502 0.000000 28.205834 0.000000 0.000000 1.000000 0.000000
0.997490 -0.070813 0.000000 338.976293 0.070813 0.997490 0.000000 28.509120 0.000000 0.000000 1.000000 0.000000
0.997551 -0.069941 0.000000 343.695886 0.069941 0.997551 0.000000 28.826197 0.000000 0.000000 1.000000 0.000000
0.997774 -0.066685 0.000000 348.115819 0.066685 0.997774 0.000000 29.107090 0.000000 0.000000 1.000000 0.000000
0.998265 -0.058879 0.000000 352.590837 0.058879 0.998265 0.000000 29.376226 0.000000 0.000000 1.000000 0.000000
0.999812 -0.019379 0.000000 361.896701 0.019379 0.999812 0.000000 29.729612 0.000000 0.000000 1.000000 0.000000
0.999949 -0.010076 0.000000 364.210003 0.010076 0.999949 0.000000 29.756753 0.000000 0.000000 1.000000 0.000000
0.999987 0.005188 0.000000 368.832137 -0.005188 0.999987 -0.000000 29.748029 -0.000000 0.000000 1.000000 0.000000
0.999912 0.013289 0.000000 373.547317 -0.013289 0.999912 -0.000000 29.688659 -0.000000 0.000000 1.000000 0.000000
0.999914 0.013096 0.000000 378.262431 -0.013096 0.999914 -0.000000 29.599490 -0.000000 0.000000 1.000000 0.000000
0.999980 0.006353 0.000000 383.044604 -0.006353 0.999980 -0.000000 29.512199 -0.000000 0.000000 1.000000 0.000000
0.999932 -0.011700 0.000000 387.866857 0.011700 0.999932 0.000000 29.495432 0.000000 0.000000 1.000000 0.000000
0.999546 -0.030141 0.000000 393.036046 0.030141 0.999546 0.000000 29.568759 0.000000 0.000000 1.000000 0.000000
0.998977 -0.045216 0.000000 398.061707 0.045216 0.998977 0.000000 29.711908 0.000000 0.000000 1.000000 0.000000
0.998901 -0.046860 0.000000 407.645446 0.046860 0.998901 0.000000 30.085212 0.000000 0.000000 1.000000 0.000000
0.998862 -0.047690 0.000000 410.044210 0.047690 0.998862 0.000000 30.180013 0.000000 0.000000 1.000000 0.000000
0.998412 -0.056333 0.000000 414.332082 0.056333 0.998412 0.000000 30.366478 0.000000 0.000000 1.000000 0.000000
0.997701 -0.067767 0.000000 418.502149 0.067767 0.997701 0.000000 30.597080 0.000000 0.000000 1.000000 0.000000
0.996952 -0.078013 0.000000 422.653284 0.078013 0.996952 0.000000 30.876850 0.000000 0.000000 1.000000 0.000000
0.996571 -0.082738 0.000000 426.556558 0.082738 0.996571 0.000000 31.161755 0.000000 0.000000 1.000000 0.000000
0.997267 -0.073880 0.000000 430.147938 0.073880 0.997267 0.000000 31.414230 0.000000 0.000000 1.000000 0.000000
0.998800 -0.048982 0.000000 433.375173 0.048982 0.998800 0.000000 31.583055 0.000000 0.000000 1.000000 0.000000
0.999830 0.018464 0.000000 436.315506 -0.018464 0.999830 -0.000000 31.570648 -0.000000 0.000000 1.000000 0.000000
0.961095 0.276217 0.000000 441.135225 -0.276217 0.961095 -0.000000 30.644903 -0.000000 0.000000 1.000000 0.000000
0.939302 0.343092 0.000000 442.119550 -0.343092 0.939302 -0.000000 30.260627 -0.000000 0.000000 1.000000 0.000000
0.881805 0.471615 0.000000 443.833632 -0.471615 0.881805 -0.000000 29.361782 -0.000000 0.000000 1.000000 0.000000
0.803786 0.594919 0.000000 445.249394 -0.594919 0.803786 -0.000000 28.330506 -0.000000 0.000000 1.000000 0.000000
0.690191 0.723628 0.000000 446.400551 -0.723628 0.690191 -0.000000 27.122740 -0.000000 0.000000 1.000000 0.000000
0.540993 0.841027 0.000000 447.299683 -0.841027 0.540993 -0.000000 25.744302 -0.000000 0.000000 1.000000 0.000000
0.357581 0.933882 0.000000 447.912958 -0.933882 0.357581 -0.000000 24.144347 -0.000000 0.000000 1.000000 0.000000
0.134069 0.990972 0.000000 448.157957 -0.990972 0.134069 -0.000000 22.400464 -0.000000 0.000000 1.000000 0.000000
-0.114141 0.993465 0.000000 447.966560 -0.993465 -0.114141 -0.000000 20.493446 -0.000000 0.000000 1.000000 0.000000
-0.560010 0.828486 0.000000 446.042371 -0.828486 -0.560010 -0.000000 16.642856 -0.000000 0.000000 1.000000 0.000000
-0.647724 0.761875 0.000000 445.210308 -0.761875 -0.647724 0.000000 15.720467 0.000000 0.000000 1.000000 0.000000
-0.784379 0.620282 0.000000 443.145299 -0.620282 -0.784379 0.000000 13.980848 0.000000 0.000000 1.000000 0.000000
-0.851548 0.524276 0.000000 440.479401 -0.524276 -0.851548 0.000000 12.286285 0.000000 0.000000 1.000000 0.000000
-0.876920 0.480637 0.000000 437.484965 -0.480637 -0.876920 0.000000 10.622265 0.000000 0.000000 1.000000 0.000000
-0.885968 0.463747 0.000000 433.983861 -0.463747 -0.885968 0.000000 8.801192 0.000000 0.000000 1.000000 0.000000
-0.889884 0.456186 0.000000 430.121462 -0.456186 -0.889884 0.000000 6.851528 0.000000 0.000000 1.000000 0.000000
-0.892006 0.452025 0.000000 425.873403 -0.452025 -0.892006 0.000000 4.706599 0.000000 0.000000 1.000000 0.000000
-0.892187 0.451666 0.000000 421.407332 -0.451666 -0.892187 0.000000 2.501174 0.000000 0.000000 1.000000 0.000000
-0.894655 0.446757 0.000000 412.068029 -0.446757 -0.894655 0.000000 -2.115492 0.000000 0.000000 1.000000 0.000000
-0.895556 0.444949 0.000000 409.605414 -0.444949 -0.895556 0.000000 -3.321782 0.000000 0.000000 1.000000 0.000000
-0.898917 0.438119 0.000000 404.730650 -0.438119 -0.898917 0.000000 -5.686356 0.000000 0.000000 1.000000 0.000000
-0.901708 0.432345 0.000000 399.947697 -0.432345 -0.901708 0.000000 -7.955584 0.000000 0.000000 1.000000 0.000000
-0.902371 0.430959 0.000000 395.309684 -0.430959 -0.902371 0.000000 -10.148505 0.000000 0.000000 1.000000 0.000000
-0.902962 0.429721 0.000000 390.832824 -0.429721 -0.902962 0.000000 -12.268520 0.000000 0.000000 1.000000 0.000000
-0.903271 0.429071 0.000000 386.629116 -0.429071 -0.903271 0.000000 -14.253298 0.000000 0.000000 1.000000 0.000000
-0.902798 0.430065 0.000000 382.726906 -0.430065 -0.902798 0.000000 -16.101701 0.000000 0.000000 1.000000 0.000000
-0.903781 0.427995 0.000000 379.105910 -0.427995 -0.903781 0.000000 -17.809855 0.000000 0.000000 1.000000 0.000000
-0.907777 0.419452 0.000000 372.821718 -0.419452 -0.907777 0.000000 -20.719384 0.000000 0.000000 1.000000 0.000000
-0.908559 0.417756 0.000000 371.537610 -0.417756 -0.908559 0.000000 -21.306199 0.000000 0.000000 1.000000 0.000000
-0.910152 0.414276 0.000000 368.934114 -0.414276 -0.910152 0.000000 -22.484643 0.000000 0.000000 1.000000 0.000000
-0.911393 0.411537 0.000000 366.391632 -0.411537 -0.911393 0.000000 -23.623592 0.000000 0.000000 1.000000 0.000000
-0.912441 0.409209 0.000000 363.681583 -0.409209 -0.912441 0.000000 -24.833834 0.000000 0.000000 1.000000 0.000000
-0.912897 0.408190 0.000000 360.706616 -0.408190 -0.912897 0.000000 -26.150635 0.000000 0.000000 1.000000 0.000000
-0.912458 0.409171 0.000000 357.465762 -0.409171 -0.912458 0.000000 -27.583576 0.000000 0.000000 1.000000 0.000000
-0.912353 0.409405 0.000000 353.996224 -0.409405 -0.912353 0.000000 -29.119729 0.000000 0.000000 1.000000 0.000000
-0.912670 0.408697 0.000000 350.230493 -0.408697 -0.912670 0.000000 -30.779379 0.000000 0.000000 1.000000 0.000000
-0.918524 0.395365 0.000000 342.508844 -0.395365 -0.918524 0.000000 -34.121903 0.000000 0.000000 1.000000 0.000000
-0.921711 0.387877 0.000000 340.401219 -0.387877 -0.921711 0.000000 -35.004914 0.000000 0.000000 1.000000 0.000000
-0.930584 0.366079 0.000000 336.090071 -0.366079 -0.930584 0.000000 -36.719105 0.000000 0.000000 1.000000 0.000000
-0.938422 0.345492 0.000000 331.521967 -0.345492 -0.938422 0.000000 -38.420835 0.000000 0.000000 1.000000 0.000000
-0.947858 0.318692 0.000000 327.025169 -0.318692 -0.947858 0.000000 -39.968134 0.000000 0.000000 1.000000 0.000000
-0.959084 0.283120 0.000000 322.193452 -0.283120 -0.959084 0.000000 -41.455770 0.000000 0.000000 1.000000 0.000000
-0.965195 0.261530 0.000000 317.032519 -0.261530 -0.965195 0.000000 -42.868773 0.000000 0.000000 1.000000 0.000000
-0.965458 0.260559 0.000000 311.810495 -0.260559 -0.965458 0.000000 -44.237927 0.000000 0.000000 1.000000 0.000000
-0.962664 0.270701 0.000000 306.570467 -0.270701 -0.962664 0.000000 -45.644629 0.000000 0.000000 1.000000 0.000000
-0.950730 0.310019 0.000000 295.753961 -0.310019 -0.950730 0.000000 -48.889868 0.000000 0.000000 1.000000 0.000000
-0.947459 0.319878 0.000000 292.761695 -0.319878 -0.947459 0.000000 -49.892425 0.000000 0.000000 1.000000 0.000000
-0.942913 0.333039 0.000000 287.064548 -0.333039 -0.942913 0.000000 -51.836599 0.000000 0.000000 1.000000 0.000000
-0.941685 0.336495 0.000000 281.355133 -0.336495 -0.941685 0.000000 -53.849111 0.000000 0.000000 1.000000 0.000000
-0.939005 0.343904 0.000000 275.621104 -0.343904 -0.939005 0.000000 -55.912052 0.000000 0.000000 1.000000 0.000000
-0.934814 0.355138 0.000000 270.007510 -0.355138 -0.934814 0.000000 -57.987546 0.000000 0.000000 1.000000 0.000000
-0.931479 0.363796 0.000000 264.373195 -0.363796 -0.931479 0.000000 -60.161464 0.000000 0.000000 1.000000 0.000000
-0.929341 0.369224 0.000000 258.866889 -0.369224 -0.929341 0.000000 -62.295991 0.000000 0.000000 1.000000 0.000000
-0.927448 0.373952 0.000000 253.448471 -0.373952 -0.927448 0.000000 -64.437869 0.000000 0.000000 1.000000 0.000000
-0.924301 0.381664 0.000000 242.779553 -0.381664 -0.924301 0.000000 -68.747629 0.000000 0.000000 1.000000 0.000000
-0.922345 0.386368 0.000000 240.136922 -0.386368 -0.922345 0.000000 -69.837915 0.000000 0.000000 1.000000 0.000000
-0.919770 0.392458 0.000000 235.004165 -0.392458 -0.919770 0.000000 -72.006700 0.000000 0.000000 1.000000 0.000000
-0.918059 0.396444 0.000000 229.835640 -0.396444 -0.918059 0.000000 -74.213761 0.000000 0.000000 1.000000 0.000000
-0.917739 0.397184 0.000000 224.757243 -0.397184 -0.917739 0.000000 -76.385110 0.000000 0.000000 1.000000 0.000000
-0.917504 0.397727 0.000000 219.691495 -0.397727 -0.917504 0.000000 -78.552613 0.000000 0.000000 1.000000 0.000000
-0.914194 0.405277 0.000000 214.718964 -0.405277 -0.914194 0.000000 -80.712131 0.000000 0.000000 1.000000 0.000000
-0.912981 0.408003 0.000000 209.744563 -0.408003 -0.912981 0.000000 -82.913327 0.000000 0.000000 1.000000 0.000000
-0.915477 0.402370 0.000000 204.841447 -0.402370 -0.915477 0.000000 -85.058013 0.000000 0.000000 1.000000 0.000000
-0.920122 0.391632 0.000000 195.330223 -0.391632 -0.920122 0.000000 -89.116872 0.000000 0.000000 1.000000 0.000000
-0.921055 0.389434 0.000000 193.105490 -0.389434 -0.921055 0.000000 -90.045937 0.000000 0.000000 1.000000 0.000000
-0.922519 0.385952 0.000000 188.395368 -0.385952 -0.922519 0.000000 -91.995189 0.000000 0.000000 1.000000 0.000000
-0.923163 0.384408 0.000000 183.835634 -0.384408 -0.923163 0.000000 -93.858810 0.000000 0.000000 1.000000 0.000000
-0.919479 0.393139 0.000000 179.392597 -0.393139 -0.919479 0.000000 -95.693705 0.000000 0.000000 1.000000 0.000000
-0.914651 0.404244 0.000000 174.882508 -0.404244 -0.914651 0.000000 -97.630870 0.000000 0.000000 1.000000 0.000000
-0.911082 0.412226 0.000000 170.543874 -0.412226 -0.911082 0.000000 -99.562174 0.000000 0.000000 1.000000 0.000000
-0.910783 0.412886 0.000000 166.282675 -0.412886 -0.910783 0.000000 -101.461784 0.000000 0.000000 1.000000 0.000000
-0.913203 0.407504 0.000000 162.003522 -0.407504 -0.913203 0.000000 -103.363530 0.000000 0.000000 1.000000 0.000000
-0.916730 0.399508 0.000000 153.669339 -0.399508 -0.916730 0.000000 -106.966022 0.000000 0.000000 1.000000 0.000000
-0.916749 0.399463 0.000000 151.660842 -0.399463 -0.916749 0.000000 -107.822275 0.000000 0.000000 1.000000 0.000000
-0.920184 0.391486 0.000000 147.782024 -0.391486 -0.920184 0.000000 -109.477310 0.000000 0.000000 1.000000 0.000000
-0.926028 0.377454 0.000000 144.043193 -0.377454 -0.926028 0.000000 -111.009380 0.000000 0.000000 1.000000 0.000000
-0.927178 0.374621 0.000000 140.491749 -0.374621 -0.927178 0.000000 -112.439672 0.000000 0.000000 1.000000 0.000000
-0.929140 0.369727 0.000000 137.106618 -0.369727 -0.929140 0.000000 -113.787523 0.000000 0.000000 1.000000 0.000000
-0.931009 0.364996 0.000000 133.944102 -0.364996 -0.931009 0.000000 -115.019599 0.000000 0.000000 1.000000 0.000000
-0.931894 0.362730 0.000000 131.083482 -0.362730 -0.931894 0.000000 -116.117792 0.000000 0.000000 1.000000 0.000000
-0.932044 0.362346 0.000000 128.434144 -0.362346 -0.932044 0.000000 -117.130056 0.000000 0.000000 1.000000 0.000000
-0.934157 0.356862 0.000000 123.803780 -0.356862 -0.934157 0.000000 -118.884908 0.000000 0.000000 1.000000 0.000000
-0.935282 0.353905 0.000000 122.788271 -0.353905 -0.935282 0.000000 -119.259402 0.000000 0.000000 1.000000 0.000000
-0.935937 0.352168 0.000000 120.832574 -0.352168 -0.935937 0.000000 -119.982991 0.000000 0.000000 1.000000 0.000000
-0.937078 0.349120 0.000000 119.160379 -0.349120 -0.937078 0.000000 -120.596040 0.000000 0.000000 1.000000 0.000000
-0.938072 0.346441 0.000000 117.695636 -0.346441 -0.938072 0.000000 -121.124233 0.000000 0.000000 1.000000 0.000000
-0.939296 0.343107 0.000000 116.343844 -0.343107 -0.939296 0.000000 -121.606724 0.000000 0.000000 1.000000 0.000000
-0.940666 0.339333 0.000000 115.107642 -0.339333 -0.940666 0.000000 -122.045178 0.000000 0.000000 1.000000 0.000000
-0.942313 0.334734 0.000000 113.699155 -0.334734 -0.942313 0.000000 -122.537749 0.000000 0.000000 1.000000 0.000000
-0.944152 0.329511 0.000000 112.031972 -0.329511 -0.944152 0.000000 -123.108973 0.000000 0.000000 1.000000 0.000000
-0.945842 0.324627 0.000000 107.480450 -0.324627 -0.945842 0.000000 -124.654258 0.000000 0.000000 1.000000 0.000000
-0.946150 0.323728 0.000000 106.030738 -0.323728 -0.946150 0.000000 -125.151642 0.000000 0.000000 1.000000 0.000000
-0.947211 0.320612 0.000000 103.004754 -0.320612 -0.947211 0.000000 -126.161307 0.000000 0.000000 1.000000 0.000000
-0.947979 0.318333 0.000000 99.728507 -0.318333 -0.947979 0.000000 -127.243518 0.000000 0.000000 1.000000 0.000000
-0.951153 0.308719 0.000000 96.294759 -0.308719 -0.951153 0.000000 -128.368905 0.000000 0.000000 1.000000 0.000000
-0.955651 0.294502 0.000000 92.865281 -0.294502 -0.955651 0.000000 -129.428801 0.000000 0.000000 1.000000 0.000000
-0.959596 0.281383 0.000000 89.353266 -0.281383 -0.959596 0.000000 -130.463672 0.000000 0.000000 1.000000 0.000000
-0.962845 0.270055 0.000000 85.804874 -0.270055 -0.962845 0.000000 -131.455423 0.000000 0.000000 1.000000 0.000000
-0.964002 0.265895 0.000000 82.134547 -0.265895 -0.964002 0.000000 -132.442364 0.000000 0.000000 1.000000 0.000000
-0.962357 0.271787 0.000000 75.097671 -0.271787 -0.962357 0.000000 -134.343893 0.000000 0.000000 1.000000 0.000000
-0.959187 0.282771 0.000000 73.393900 -0.282771 -0.959187 0.000000 -134.831923 0.000000 0.000000 1.000000 0.000000
-0.946299 0.323291 0.000000 70.106363 -0.323291 -0.946299 0.000000 -135.868332 0.000000 0.000000 1.000000 0.000000
-0.915943 0.401308 0.000000 67.068127 -0.401308 -0.915943 0.000000 -137.063028 0.000000 0.000000 1.000000 0.000000
-0.854790 0.518974 0.000000 64.315939 -0.518974 -0.854790 0.000000 -138.526937 0.000000 0.000000 1.000000 0.000000
-0.750065 0.661365 0.000000 62.120156 -0.661365 -0.750065 0.000000 -140.256537 0.000000 0.000000 1.000000 0.000000
-0.605294 0.796002 0.000000 60.414226 -0.796002 -0.605294 0.000000 -142.277385 0.000000 0.000000 1.000000 0.000000
-0.413583 0.910467 0.000000 59.269742 -0.910467 -0.413583 0.000000 -144.513585 0.000000 0.000000 1.000000 0.000000
-0.183769 0.982969 0.000000 58.711861 -0.982969 -0.183769 -0.000000 -146.925623 -0.000000 0.000000 1.000000 0.000000
0.275138 0.961405 0.000000 59.337932 -0.961405 0.275138 -0.000000 -152.010574 -0.000000 0.000000 1.000000 0.000000
0.361145 0.932510 0.000000 59.819305 -0.932510 0.361145 -0.000000 -153.286783 -0.000000 0.000000 1.000000 0.000000
0.507496 0.861654 0.000000 61.179254 -0.861654 0.507496 -0.000000 -155.824503 -0.000000 0.000000 1.000000 0.000000
0.622634 0.782513 0.000000 62.914160 -0.782513 0.622634 -0.000000 -158.229132 -0.000000 0.000000 1.000000 0.000000
0.719139 0.694866 0.000000 65.209382 -0.694866 0.719139 -0.000000 -160.675737 -0.000000 0.000000 1.000000 0.000000
0.791184 0.611578 0.000000 67.716026 -0.611578 0.791184 -0.000000 -162.775211 -0.000000 0.000000 1.000000 0.000000
0.865810 0.500373 0.000000 70.588552 -0.500373 0.865810 -0.000000 -164.665468 -0.000000 0.000000 1.000000 0.000000
0.925945 0.377658 0.000000 73.685832 -0.377658 0.925945 -0.000000 -166.058462 -0.000000 0.000000 1.000000 0.000000
0.969221 0.246194 0.000000 77.106045 -0.246194 0.969221 -0.000000 -167.097360 -0.000000 0.000000 1.000000 0.000000
0.999739 -0.022828 0.000000 84.592931 0.022828 0.999739 0.000000 -167.765046 0.000000 0.000000 1.000000 0.000000
0.996943 -0.078126 0.000000 86.591365 0.078126 0.996943 0.000000 -167.639077 0.000000 0.000000 1.000000 0.000000
0.989379 -0.145360 0.000000 90.611800 0.145360 0.989379 0.000000 -167.138265 0.000000 0.000000 1.000000 0.000000
0.984750 -0.173976 0.000000 94.625717 0.173976 0.984750 0.000000 -166.477194 0.000000 0.000000 1.000000 0.000000
0.983638 -0.180158 0.000000 98.674150 0.180158 0.983638 0.000000 -165.753434 0.000000 0.000000 1.000000 0.000000
0.984771 -0.173854 0.000000 102.868603 0.173854 0.984771 0.000000 -165.026936 0.000000 0.000000 1.000000 0.000000
0.986142 -0.165906 0.000000 107.131616 0.165906 0.986142 0.000000 -164.328855 0.000000 0.000000 1.000000 0.000000
0.988205 -0.153138 0.000000 111.345029 0.153138 0.988205 0.000000 -163.664416 0.000000 0.000000 1.000000 0.000000
0.990184 -0.139768 0.000000 115.617508 0.139768 0.990184 0.000000 -163.060839 0.000000 0.000000 1.000000 0.000000
0.994035 -0.109064 0.000000 124.221756 0.109064 0.994035 0.000000 -162.063963 0.000000 0.000000 1.000000 0.000000
0.994871 -0.101153 0.000000 126.363276 0.101153 0.994871 0.000000 -161.855688 0.000000 0.000000 1.000000 0.000000
0.995712 -0.092508 0.000000 130.874806 0.092508 0.995712 0.000000 -161.442264 0.000000 0.000000 1.000000 0.000000
0.996422 -0.084519 0.000000 135.376669 0.084519 0.996422 0.000000 -161.068180 0.000000 0.000000 1.000000 0.000000
0.997573 -0.069629 0.000000 139.963666 0.069629 0.997573 0.000000 -160.744256 0.000000 0.000000 1.000000 0.000000
0.998637 -0.052185 0.000000 144.536016 0.052185 0.998637 0.000000 -160.485593 0.000000 0.000000 1.000000 0.000000
0.999243 -0.038905 0.000000 149.131384 0.038905 0.999243 0.000000 -160.305116 0.000000 0.000000 1.000000 0.000000
0.999624 -0.027419 0.000000 154.035614 0.027419 0.999624 0.000000 -160.157750 0.000000 0.000000 1.000000 0.000000
0.999934 -0.011494 0.000000 158.923382 0.011494 0.999934 0.000000 -160.086851 0.000000 0.000000 1.000000 0.000000
0.999763 0.021761 0.000000 168.390646 -0.021761 0.999763 -0.000000 -160.186783 -0.000000 0.000000 1.000000 0.000000
0.999533 0.030561 0.000000 170.745201 -0.030561 0.999533 -0.000000 -160.267119 -0.000000 0.000000 1.000000 0.000000
0.998717 0.050639 0.000000 175.587319 -0.050639 0.998717 -0.000000 -160.503439 -0.000000 0.000000 1.000000 0.000000
0.997284 0.073648 0.000000 180.449715 -0.073648 0.997284 -0.000000 -160.842405 -0.000000 0.000000 1.000000 0.000000
0.995170 0.098167 0.000000 185.284511 -0.098167 0.995170 -0.000000 -161.299133 -0.000000 0.000000 1.000000 0.000000
0.992891 0.119025 0.000000 190.020344 -0.119025 0.992891 -0.000000 -161.858247 -0.000000 0.000000 1.000000 0.000000
0.991057 0.133438 0.000000 194.802362 -0.133438 0.991057 -0.000000 -162.499013 -0.000000 0.000000 1.000000 0.000000
0.988893 0.148629 0.000000 199.561316 -0.148629 0.988893 -0.000000 -163.202044 -0.000000 0.000000 1.000000 0.000000
0.986909 0.161277 0.000000 204.434327 -0.161277 0.986909 -0.000000 -164.019773 -0.000000 0.000000 1.000000 0.000000
0.984389 0.176006 0.000000 214.433449 -0.176006 0.984389 -0.000000 -165.805815 -0.000000 0.000000 1.000000 0.000000
0.983852 0.178981 0.000000 216.966079 -0.178981 0.983852 -0.000000 -166.277068 -0.000000 0.000000 1.000000 0.000000
0.982850 0.184408 0.000000 222.045112 -0.184408 0.982850 -0.000000 -167.246729 -0.000000 0.000000 1.000000 0.000000
0.981825 0.189788 0.000000 226.614680 -0.189788 0.981825 -0.000000 -168.145196 -0.000000 0.000000 1.000000 0.000000
0.980885 0.194591 0.000000 231.644591 -0.194591 0.980885 -0.000000 -169.157583 -0.000000 0.000000 1.000000 0.000000
0.979884 0.199567 0.000000 236.561787 -0.199567 0.979884 -0.000000 -170.168815 -0.000000 0.000000 1.000000 0.000000
0.978724 0.205183 0.000000 241.280650 -0.205183 0.978724 -0.000000 -171.175697 -0.000000 0.000000 1.000000 0.000000
0.977481 0.211023 0.000000 246.273265 -0.211023 0.977481 -0.000000 -172.264378 -0.000000 0.000000 1.000000 0.000000
0.976421 0.215873 0.000000 251.022548 -0.215873 0.976421 -0.000000 -173.325906 -0.000000 0.000000 1.000000 0.000000
0.974769 0.223217 0.000000 260.394111 -0.223217 0.974769 -0.000000 -175.483155 -0.000000 0.000000 1.000000 0.000000
0.974253 0.225458 0.000000 262.659090 -0.225458 0.974253 -0.000000 -176.016706 -0.000000 0.000000 1.000000 0.000000
0.973233 0.229820 0.000000 267.267077 -0.229820 0.973233 -0.000000 -177.120932 -0.000000 0.000000 1.000000 0.000000
0.971487 0.237092 0.000000 271.719544 -0.237092 0.971487 -0.000000 -178.206801 -0.000000 0.000000 1.000000 0.000000
0.967516 0.252810 0.000000 276.120342 -0.252810 0.967516 -0.000000 -179.343506 -0.000000 0.000000 1.000000 0.000000
0.963093 0.269170 0.000000 280.594664 -0.269170 0.963093 -0.000000 -180.592374 -0.000000 0.000000 1.000000 0.000000
0.959314 0.282341 0.000000 285.087883 -0.282341 0.959314 -0.000000 -181.907709 -0.000000 0.000000 1.000000 0.000000
0.955993 0.293390 0.000000 289.468574 -0.293390 0.955993 -0.000000 -183.252696 -0.000000 0.000000 1.000000 0.000000
0.952374 0.304934 0.000000 294.104611 -0.304934 0.952374 -0.000000 -184.742567 -0.000000 0.000000 1.000000 0.000000
0.942893 0.333096 0.000000 302.776970 -0.333096 0.942893 -0.000000 -187.721258 -0.000000 0.000000 1.000000 0.000000
0.939649 0.342139 0.000000 305.148181 -0.342139 0.939649 -0.000000 -188.585157 -0.000000 0.000000 1.000000 0.000000
0.932909 0.360111 0.000000 309.776725 -0.360111 0.932909 -0.000000 -190.349951 -0.000000 0.000000 1.000000 0.000000
0.924158 0.382010 0.000000 314.338553 -0.382010 0.924158 -0.000000 -192.206118 -0.000000 0.000000 1.000000 0.000000
0.916480 0.400080 0.000000 318.931264 -0.400080 0.916480 -0.000000 -194.178674 -0.000000 0.000000 1.000000 0.000000
0.908943 0.416921 0.000000 323.522208 -0.416921 0.908943 -0.000000 -196.253797 -0.000000 0.000000 1.000000 0.000000
0.903880 0.427786 0.000000 328.111095 -0.427786 0.903880 -0.000000 -198.431039 -0.000000 0.000000 1.000000 0.000000
0.900865 0.434100 0.000000 332.724572 -0.434100 0.900865 -0.000000 -200.659585 -0.000000 0.000000 1.000000 0.000000
0.899025 0.437897 0.000000 337.364204 -0.437897 0.899025 -0.000000 -202.957312 -0.000000 0.000000 1.000000 0.000000
0.903231 0.429155 0.000000 346.315984 -0.429155 0.903231 -0.000000 -207.364194 -0.000000 0.000000 1.000000 0.000000
0.906665 0.421852 0.000000 348.514418 -0.421852 0.906665 -0.000000 -208.413911 -0.000000 0.000000 1.000000 0.000000
0.914600 0.404359 0.000000 352.933853 -0.404359 0.914600 -0.000000 -210.461851 -0.000000 0.000000 1.000000 0.000000
0.924277 0.381723 0.000000 357.430200 -0.381723 0.924277 -0.000000 -212.408603 -0.000000 0.000000 1.000000 0.000000
0.933872 0.357607 0.000000 361.749739 -0.357607 0.933872 -0.000000 -214.142574 -0.000000 0.000000 1.000000 0.000000
0.945583 0.325382 0.000000 366.131367 -0.325382 0.945583 -0.000000 -215.740152 -0.000000 0.000000 1.000000 0.000000
0.959038 0.283279 0.000000 370.546781 -0.283279 0.959038 -0.000000 -217.156882 -0.000000 0.000000 1.000000 0.000000
0.974136 0.225961 0.000000 374.982959 -0.225961 0.974136 -0.000000 -218.333864 -0.000000 0.000000 1.000000 0.000000
0.987177 0.159631 0.000000 379.478906 -0.159631 0.987177 -0.000000 -219.206187 -0.000000 0.000000 1.000000 0.000000
0.999829 0.018492 0.000000 388.802733 -0.018492 0.999829 -0.000000 -220.000282 -0.000000 0.000000 1.000000 0.000000
0.999972 -0.007435 0.000000 391.170297 0.007435 0.999972 0.000000 -220.006403 0.000000 0.000000 1.000000 0.000000
0.998683 -0.051299 0.000000 396.036187 0.051299 0.998683 0.000000 -219.854059 0.000000 0.000000 1.000000 0.000000
0.996524 -0.083306 0.000000 400.998913 0.083306 0.996524 0.000000 -219.504024 0.000000 0.000000 1.000000 0.000000
0.992909 -0.118874 0.000000 405.958452 0.118874 0.992909 0.000000 -219.000364 0.000000 0.000000 1.000000 0.000000
0.988718 -0.149788 0.000000 410.825030 0.149788 0.988718 0.000000 -218.335369 0.000000 0.000000 1.000000 0.000000
0.985135 -0.171780 0.000000 415.719226 0.171780 0.985135 0.000000 -217.559639 0.000000 0.000000 1.000000 0.000000
0.983538 -0.180700 0.000000 420.338768 0.180700 0.983538 0.000000 -216.751637 0.000000 0.000000 1.000000 0.000000
0.983087 -0.183140 0.000000 424.954612 0.183140 0.983087 0.000000 -215.934109 0.000000 0.000000 1.000000 0.000000
0.979784 -0.200058 0.000000 433.634062 0.200058 0.979784 0.000000 -214.300083 0.000000 0.000000 1.000000 0.000000
0.979165 -0.203067 0.000000 435.743648 0.203067 0.979165 0.000000 -213.878356 0.000000 0.000000 1.000000 0.000000
0.978349 -0.206960 0.000000 439.852769 0.206960 0.978349 0.000000 -213.030241 0.000000 0.000000 1.000000 0.000000
0.978151 -0.207897 0.000000 443.689127 0.207897 0.978151 0.000000 -212.236652 0.000000 0.000000 1.000000 0.000000
0.979653 -0.200700 0.000000 447.690833 0.200700 0.979653 0.000000 -211.412114 0.000000 0.000000 1.000000 0.000000
