1.000000 0.000007 0.000000 0.000000 -0.000007 1.000000 -0.000000 -0.000000 -0.000000 0.000000 1.000000 0.000000
1.000000 0.000010 0.000000 0.000000 -0.000010 1.000000 -0.000000 -0.000000 -0.000000 0.000000 1.000000 0.000000
1.000000 0.000013 0.000000 0.000000 -0.000013 1.000000 -0.000000 -0.000000 -0.000000 0.000000 1.000000 0.000000
1.000000 -0.000239 0.000000 -0.002621 0.000239 1.000000 0.000000 0.004175 0.000000 0.000000 1.000000 0.000000
1.000000 0.000034 0.000000 0.002147 -0.000034 1.000000 -0.000000 -0.000833 -0.000000 0.000000 1.000000 0.000000
1.000000 -0.000023 0.000000 -0.005770 0.000023 1.000000 0.000000 0.004881 0.000000 0.000000 1.000000 0.000000
1.000000 -0.000039 0.000000 -0.003315 0.000039 1.000000 0.000000 0.005957 0.000000 0.000000 1.000000 0.000000
1.000000 -0.000854 0.000000 -0.007181 0.000854 1.000000 0.000000 0.007436 0.000000 0.000000 1.000000 0.000000
0.999999 -0.001509 0.000000 -0.013499 0.001509 0.999999 0.000000 0.016918 0.000000 0.000000 1.000000 0.000000
0.999999 -0.001634 0.000000 -0.015017 0.001634 0.999999 0.000000 0.010950 0.000000 0.000000 1.000000 0.000000
0.999998 -0.001767 0.000000 -0.015386 0.001767 0.999998 0.000000 0.018344 0.000000 0.000000 1.000000 0.000000
0.999999 -0.001508 0.000000 -0.029968 0.001508 0.999999 0.000000 0.018226 0.000000 0.000000 1.000000 0.000000
0.999999 -0.001043 0.000000 -0.017659 0.001043 0.999999 0.000000 0.025393 0.000000 0.000000 1.000000 0.000000
0.999998 -0.001971 0.000000 -0.012453 0.001971 0.999998 0.000000 0.036683 0.000000 0.000000 1.000000 0.000000
0.999999 -0.001529 0.000000 -0.021342 0.001529 0.999999 0.000000 0.042563 0.000000 0.000000 1.000000 0.000000
0.999998 -0.001809 0.000000 -0.025459 0.001809 0.999998 0.000000 0.029048 0.000000 0.000000 1.000000 0.000000
0.999999 -0.001174 0.000000 -0.017333 0.001174 0.999999 0.000000 0.035557 0.000000 0.000000 1.000000 0.000000
0.999999 -0.001280 0.000000 -0.024437 0.001280 0.999999 0.000000 0.047265 0.000000 0.000000 1.000000 0.000000
0.999999 -0.001726 0.000000 -0.023038 0.001726 0.999999 0.000000 0.056168 0.000000 0.000000 1.000000 0.000000
0.999999 -0.001721 0.000000 -0.020321 0.001721 0.999999 0.000000 0.054337 0.000000 0.000000 1.000000 0.000000
0.999999 -0.001321 0.000000 -0.014557 0.001321 0.999999 0.000000 0.048227 0.000000 0.000000 1.000000 0.000000
0.999999 -0.001618 0.000000 -0.019157 0.001618 0.999999 0.000000 0.053838 0.000000 0.000000 1.000000 0.000000
0.999999 -0.001011 0.000000 -0.031979 0.001011 0.999999 0.000000 0.047489 0.000000 0.000000 1.000000 0.000000
0.999999 -0.001495 0.000000 -0.019732 0.001495 0.999999 0.000000 0.055508 0.000000 0.000000 1.000000 0.000000
0.999999 -0.001330 0.000000 -0.026334 0.001330 0.999999 0.000000 0.050211 0.000000 0.000000 1.000000 0.000000
0.999999 -0.001202 0.000000 -0.019146 0.001202 0.999999 0.000000 0.038089 0.000000 0.000000 1.000000 0.000000
0.999999 -0.001307 0.000000 -0.019721 0.001307 0.999999 0.000000 0.048047 0.000000 0.000000 1.000000 0.000000
0.999999 -0.001185 0.000000 -0.024915 0.001185 0.999999 0.000000 0.043376 0.000000 0.000000 1.000000 0.000000
0.999999 -0.001371 0.000000 -0.030614 0.001371 0.999999 0.000000 0.046844 0.000000 0.000000 1.000000 0.000000
0.999999 -0.001266 0.000000 -0.026550 0.001266 0.999999 0.000000 0.041637 0.000000 0.000000 1.000000 0.000000
0.999999 -0.001310 0.000000 -0.024814 0.001310 0.999999 0.000000 0.042469 0.000000 0.000000 1.000000 0.000000
0.999998 -0.002227 0.000000 -0.020827 0.002227 0.999998 0.000000 0.065919 0.000000 0.000000 1.000000 0.000000
0.999999 -0.001189 0.000000 -0.014085 0.001189 0.999999 0.000000 0.039091 0.000000 0.000000 1.000000 0.000000
0.999997 -0.002476 0.000000 0.036963 0.002476 0.999997 0.000000 -0.026956 0.000000 0.000000 1.000000 0.000000
0.999638 -0.026921 0.000000 0.732421 0.026921 0.999638 0.000000 0.075533 0.000000 0.000000 1.000000 0.000000
0.999054 -0.043488 0.000000 1.136781 0.043488 0.999054 0.000000 0.098512 0.000000 0.000000 1.000000 0.000000
0.996620 -0.082149 0.000000 2.321639 0.082149 0.996620 0.000000 0.230673 0.000000 0.000000 1.000000 0.000000
0.991650 -0.128956 0.000000 3.761957 0.128956 0.991650 0.000000 0.386845 0.000000 0.000000 1.000000 0.000000
0.992151 -0.125047 0.000000 5.801845 0.125047 0.992151 0.000000 0.592097 0.000000 0.000000 1.000000 0.000000
0.992596 -0.121466 0.000000 8.159343 0.121466 0.992596 0.000000 0.869625 0.000000 0.000000 1.000000 0.000000
0.993265 -0.115864 0.000000 11.213678 0.115864 0.993265 0.000000 1.254921 0.000000 0.000000 1.000000 0.000000
0.994530 -0.104453 0.000000 14.687107 0.104453 0.994530 0.000000 1.530758 0.000000 0.000000 1.000000 0.000000
0.994334 -0.106303 0.000000 18.483327 0.106303 0.994334 0.000000 1.986731 0.000000 0.000000 1.000000 0.000000
0.996355 -0.085299 0.000000 26.261231 0.085299 0.996355 0.000000 2.569617 0.000000 0.000000 1.000000 0.000000
0.996790 -0.080062 0.000000 28.350759 0.080062 0.996790 0.000000 2.719429 0.000000 0.000000 1.000000 0.000000
0.997251 -0.074094 0.000000 32.541222 0.074094 0.997251 0.000000 2.976519 0.000000 0.000000 1.000000 0.000000
0.997391 -0.072191 0.000000 36.973703 0.072191 0.997391 0.000000 3.148445 0.000000 0.000000 1.000000 0.000000
0.997854 -0.065480 0.000000 41.405999 0.065480 0.997854 0.000000 3.463948 0.000000 0.000000 1.000000 0.000000
0.997768 -0.066777 0.000000 46.051463 0.066777 0.997768 0.000000 3.667254 0.000000 0.000000 1.000000 0.000000
0.997924 -0.064400 0.000000 50.544995 0.064400 0.997924 0.000000 3.902530 0.000000 0.000000 1.000000 0.000000
0.998026 -0.062800 0.000000 55.054813 0.062800 0.998026 0.000000 4.104784 0.000000 0.000000 1.000000 0.000000
0.998277 -0.058681 0.000000 59.585881 0.058681 0.998277 0.000000 4.307341 0.000000 0.000000 1.000000 0.000000
0.999079 -0.042902 0.000000 68.680294 0.042902 0.999079 0.000000 4.521187 0.000000 0.000000 1.000000 0.000000
0.999123 -0.041873 0.000000 71.092646 0.041873 0.999123 0.000000 4.642662 0.000000 0.000000 1.000000 0.000000
0.999341 -0.036295 0.000000 75.439351 0.036295 0.999341 0.000000 4.750128 0.000000 0.000000 1.000000 0.000000
0.999291 -0.037639 0.000000 80.015987 0.037639 0.999291 0.000000 4.889351 0.000000 0.000000 1.000000 0.000000
0.998810 -0.048771 0.000000 84.687991 0.048771 0.998810 0.000000 4.953902 0.000000 0.000000 1.000000 0.000000
0.998370 -0.057080 0.000000 89.285802 0.057080 0.998370 0.000000 5.224483 0.000000 0.000000 1.000000 0.000000
0.997462 -0.071207 0.000000 94.016025 0.071207 0.997462 0.000000 5.382799 0.000000 0.000000 1.000000 0.000000
0.997485 -0.070879 0.000000 98.758494 0.070879 0.997485 0.000000 5.583539 0.000000 0.000000 1.000000 0.000000
0.997772 -0.066712 0.000000 103.690400 0.066712 0.997772 0.000000 5.997563 0.000000 0.000000 1.000000 0.000000
0.997167 -0.075225 0.000000 113.430453 0.075225 0.997167 0.000000 6.727603 0.000000 0.000000 1.000000 0.000000
0.997210 -0.074649 0.000000 115.941183 0.074649 0.997210 0.000000 6.847213 0.000000 0.000000 1.000000 0.000000
0.997271 -0.073824 0.000000 120.761082 0.073824 0.997271 0.000000 7.111779 0.000000 0.000000 1.000000 0.000000
0.996918 -0.078456 0.000000 125.753839 0.078456 0.996918 0.000000 7.467248 0.000000 0.000000 1.000000 0.000000
0.997242 -0.074214 0.000000 130.833587 0.074214 0.997242 0.000000 7.805950 0.000000 0.000000 1.000000 0.000000
0.996801 -0.079921 0.000000 135.874413 0.079921 0.996801 0.000000 8.086725 0.000000 0.000000 1.000000 0.000000
0.996915 -0.078488 0.000000 140.933850 0.078488 0.996915 0.000000 8.499251 0.000000 0.000000 1.000000 0.000000
0.996766 -0.080356 0.000000 145.995522 0.080356 0.996766 0.000000 8.786419 0.000000 0.000000 1.000000 0.000000
0.996645 -0.081841 0.000000 151.160894 0.081841 0.996645 0.000000 9.200367 0.000000 0.000000 1.000000 0.000000
0.996814 -0.079766 0.000000 160.761500 0.079766 0.996814 0.000000 9.958957 0.000000 0.000000 1.000000 0.000000
0.996790 -0.080058 0.000000 163.147207 0.080058 0.996790 0.000000 10.102179 0.000000 0.000000 1.000000 0.000000
0.996535 -0.083177 0.000000 167.947077 0.083177 0.996535 0.000000 10.527031 0.000000 0.000000 1.000000 0.000000
0.996174 -0.087388 0.000000 172.778571 0.087388 0.996174 0.000000 10.734618 0.000000 0.000000 1.000000 0.000000
0.995888 -0.090594 0.000000 177.505491 0.090594 0.995888 0.000000 11.009914 0.000000 0.000000 1.000000 0.000000
0.995743 -0.092177 0.000000 182.437983 0.092177 0.995743 0.000000 11.465360 0.000000 0.000000 1.000000 0.000000
0.995181 -0.098058 0.000000 187.128924 0.098058 0.995181 0.000000 11.794085 0.000000 0.000000 1.000000 0.000000
0.995519 -0.094561 0.000000 191.865909 0.094561 0.995519 0.000000 12.314744 0.000000 0.000000 1.000000 0.000000
0.995628 -0.093403 0.000000 196.732918 0.093403 0.995628 0.000000 12.721973 0.000000 0.000000 1.000000 0.000000
0.996826 -0.079615 0.000000 206.010939 0.079615 0.996826 0.000000 13.466591 0.000000 0.000000 1.000000 0.000000
0.996900 -0.078681 0.000000 208.264392 0.078681 0.996900 0.000000 13.589230 0.000000 0.000000 1.000000 0.000000
0.996100 -0.088231 0.000000 212.771779 0.088231 0.996100 0.000000 13.890714 0.000000 0.000000 1.000000 0.000000
0.993765 -0.111497 0.000000 217.296301 0.111497 0.993765 0.000000 14.296064 0.000000 0.000000 1.000000 0.000000
0.990711 -0.135983 0.000000 221.677100 0.135983 0.990711 0.000000 14.863210 0.000000 0.000000 1.000000 0.000000
0.987971 -0.154637 0.000000 226.250405 0.154637 0.987971 0.000000 15.556870 0.000000 0.000000 1.000000 0.000000
0.986366 -0.164566 0.000000 230.658391 0.164566 0.986366 0.000000 16.239582 0.000000 0.000000 1.000000 0.000000
0.984937 -0.172916 0.000000 235.148760 0.172916 0.984937 0.000000 16.981215 0.000000 0.000000 1.000000 0.000000
0.983892 -0.178763 0.000000 239.882312 0.178763 0.983892 0.000000 17.840328 0.000000 0.000000 1.000000 0.000000
0.981420 -0.191872 0.000000 249.217687 0.191872 0.981420 0.000000 19.365916 0.000000 0.000000 1.000000 0.000000
0.981042 -0.193797 0.000000 251.476305 0.193797 0.981042 0.000000 19.747096 0.000000 0.000000 1.000000 0.000000
0.979827 -0.199846 0.000000 256.059046 0.199846 0.979827 0.000000 20.616393 0.000000 0.000000 1.000000 0.000000
0.978389 -0.206772 0.000000 260.616380 0.206772 0.978389 0.000000 21.399093 0.000000 0.000000 1.000000 0.000000
0.976883 -0.213775 0.000000 265.132353 0.213775 0.976883 0.000000 22.424108 0.000000 0.000000 1.000000 0.000000
0.973347 -0.229337 0.000000 270.006464 0.229337 0.973347 0.000000 23.517509 0.000000 0.000000 1.000000 0.000000
0.972488 -0.232953 0.000000 274.564598 0.232953 0.972488 0.000000 24.411343 0.000000 0.000000 1.000000 0.000000
0.971012 -0.239031 0.000000 279.323527 0.239031 0.971012 0.000000 25.570849 0.000000 0.000000 1.000000 0.000000
0.973041 -0.230633 0.000000 283.753357 0.230633 0.973041 0.000000 26.554394 0.000000 0.000000 1.000000 0.000000
0.980385 -0.197090 0.000000 293.278783 0.197090 0.980385 0.000000 28.489472 0.000000 0.000000 1.000000 0.000000
0.981147 -0.193261 0.000000 295.586681 0.193261 0.981147 0.000000 28.896788 0.000000 0.000000 1.000000 0.000000
0.983780 -0.179378 0.000000 300.312521 0.179378 0.983780 0.000000 29.672356 0.000000 0.000000 1.000000 0.000000
0.985503 -0.169661 0.000000 304.986688 0.169661 0.985503 0.000000 30.401150 0.000000 0.000000 1.000000 0.000000
0.984774 -0.173839 0.000000 309.852753 0.173839 0.984774 0.000000 31.067112 0.000000 0.000000 1.000000 0.000000
0.986394 -0.164397 0.000000 314.867215 0.164397 0.986394 0.000000 31.944679 0.000000 0.000000 1.000000 0.000000
0.988857 -0.148867 0.000000 319.738007 0.148867 0.988857 0.000000 32.628310 0.000000 0.000000 1.000000 0.000000
0.989438 -0.144960 0.000000 324.741446 0.144960 0.989438 0.000000 33.241735 0.000000 0.000000 1.000000 0.000000
0.991318 -0.131486 0.000000 329.420885 0.131486 0.991318 0.000000 33.870354 0.000000 0.000000 1.000000 0.000000
0.995115 -0.098719 0.000000 339.190116 0.098719 0.995115 0.000000 34.760922 0.000000 0.000000 1.000000 0.000000
0.995548 -0.094261 0.000000 341.561604 0.094261 0.995548 0.000000 34.921077 0.000000 0.000000 1.000000 0.000000
0.996399 -0.084789 0.000000 346.382156 0.084789 0.996399 0.000000 35.388009 0.000000 0.000000 1.000000 0.000000
0.997968 -0.063718 0.000000 351.137619 0.063718 0.997968 0.000000 35.543447 0.000000 0.000000 1.000000 0.000000
0.998676 -0.051446 0.000000 355.824037 0.051446 0.998676 0.000000 35.653658 0.000000 0.000000 1.000000 0.000000
0.998977 -0.045218 0.000000 360.657114 0.045218 0.998977 0.000000 35.946070 0.000000 0.000000 1.000000 0.000000
0.999318 -0.036931 0.000000 365.526161 0.036931 0.999318 0.000000 35.952661 0.000000 0.000000 1.000000 0.000000
0.999430 -0.033750 0.000000 370.424641 0.033750 0.999430 0.000000 36.125638 0.000000 0.000000 1.000000 0.000000
0.999499 -0.031643 0.000000 375.214223 0.031643 0.999499 0.000000 36.428304 0.000000 0.000000 1.000000 0.000000
0.999156 -0.041071 0.000000 384.887013 0.041071 0.999156 0.000000 36.464847 0.000000 0.000000 1.000000 0.000000
0.999195 -0.040106 0.000000 387.306562 0.040106 0.999195 0.000000 36.561568 0.000000 0.000000 1.000000 0.000000
0.998793 -0.049108 0.000000 392.226208 0.049108 0.998793 0.000000 36.711846 0.000000 0.000000 1.000000 0.000000
0.997566 -0.069733 0.000000 397.117810 0.069733 0.997566 0.000000 37.070295 0.000000 0.000000 1.000000 0.000000
0.997456 -0.071283 0.000000 402.241075 0.071283 0.997456 0.000000 37.121530 0.000000 0.000000 1.000000 0.000000
0.996171 -0.087431 0.000000 407.158732 0.087431 0.996171 0.000000 37.635612 0.000000 0.000000 1.000000 0.000000
0.995066 -0.099216 0.000000 412.123899 0.099216 0.995066 0.000000 37.929824 0.000000 0.000000 1.000000 0.000000
0.994243 -0.107145 0.000000 417.201029 0.107145 0.994243 0.000000 38.501864 0.000000 0.000000 1.000000 0.000000
0.994266 -0.106933 0.000000 422.188181 0.106933 0.994266 0.000000 38.982675 0.000000 0.000000 1.000000 0.000000
0.993574 -0.113185 0.000000 432.138775 0.113185 0.993574 0.000000 39.962561 0.000000 0.000000 1.000000 0.000000
0.993673 -0.112308 0.000000 434.402090 0.112308 0.993673 0.000000 40.176853 0.000000 0.000000 1.000000 0.000000
0.993840 -0.110823 0.000000 439.036469 0.110823 0.993840 0.000000 40.636909 0.000000 0.000000 1.000000 0.000000
0.994231 -0.107262 0.000000 443.024423 0.107262 0.994231 0.000000 41.034211 0.000000 0.000000 1.000000 0.000000
0.995007 -0.099809 0.000000 446.836362 0.099809 0.995007 0.000000 41.340818 0.000000 0.000000 1.000000 0.000000
0.996907 -0.078592 0.000000 450.318937 0.078592 0.996907 0.000000 41.565571 0.000000 0.000000 1.000000 0.000000
0.999498 -0.031690 0.000000 453.388987 0.031690 0.999498 0.000000 41.657165 0.000000 0.000000 1.000000 0.000000
0.998161 0.060613 0.000000 456.337995 -0.060613 0.998161 -0.000000 41.438241 -0.000000 0.000000 1.000000 0.000000
0.983435 0.181263 0.000000 458.569201 -0.181263 0.983435 -0.000000 40.902302 -0.000000 0.000000 1.000000 0.000000
0.867861 0.496807 0.000000 462.871184 -0.496807 0.867861 -0.000000 39.237017 -0.000000 0.000000 1.000000 0.000000
0.806612 0.591081 0.000000 463.663466 -0.591081 0.806612 -0.000000 38.589178 -0.000000 0.000000 1.000000 0.000000
0.640444 0.768005 0.000000 464.948658 -0.768005 0.640444 -0.000000 37.035877 -0.000000 0.000000 1.000000 0.000000
0.405791 0.913966 0.000000 465.592370 -0.913966 0.405791 -0.000000 35.314012 -0.000000 0.000000 1.000000 0.000000
0.131818 0.991274 0.000000 465.977861 -0.991274 0.131818 -0.000000 33.402847 -0.000000 0.000000 1.000000 0.000000
-0.168924 0.985629 0.000000 465.504047 -0.985629 -0.168924 -0.000000 31.440758 -0.000000 0.000000 1.000000 0.000000
-0.455487 0.890243 0.000000 464.280449 -0.890243 -0.455487 -0.000000 29.448637 -0.000000 0.000000 1.000000 0.000000
-0.669357 0.742941 0.000000 462.905418 -0.742941 -0.669357 -0.000000 27.670146 -0.000000 0.000000 1.000000 0.000000
-0.809530 0.587079 0.000000 460.586515 -0.587079 -0.809530 -0.000000 25.921418 -0.000000 0.000000 1.000000 0.000000
-0.870107 0.492863 0.000000 455.460388 -0.492863 -0.870107 -0.000000 23.138850 -0.000000 0.000000 1.000000 0.000000
-0.870756 0.491716 0.000000 453.988442 -0.491716 -0.870756 -0.000000 22.337276 -0.000000 0.000000 1.000000 0.000000
-0.871219 0.490895 0.000000 450.718747 -0.490895 -0.871219 -0.000000 20.646796 -0.000000 0.000000 1.000000 0.000000
-0.870739 0.491745 0.000000 447.437386 -0.491745 -0.870739 -0.000000 18.839172 -0.000000 0.000000 1.000000 0.000000
-0.871654 0.490122 0.000000 443.771578 -0.490122 -0.871654 -0.000000 16.770865 -0.000000 0.000000 1.000000 0.000000
-0.874591 0.484861 0.000000 439.835282 -0.484861 -0.874591 -0.000000 14.689044 -0.000000 0.000000 1.000000 0.000000
-0.874560 0.484917 0.000000 435.744629 -0.484917 -0.874560 -0.000000 12.459547 -0.000000 0.000000 1.000000 0.000000
-0.876783 0.480886 0.000000 431.539102 -0.480886 -0.876783 -0.000000 10.327634 -0.000000 0.000000 1.000000 0.000000
-0.881654 0.471897 0.000000 427.180096 -0.471897 -0.881654 -0.000000 7.921792 -0.000000 0.000000 1.000000 0.000000
-0.888219 0.459420 0.000000 418.047235 -0.459420 -0.888219 -0.000000 3.407876 -0.000000 0.000000 1.000000 0.000000
-0.889013 0.457882 0.000000 415.769320 -0.457882 -0.889013 -0.000000 2.218582 -0.000000 0.000000 1.000000 0.000000
-0.890927 0.454146 0.000000 411.102070 -0.454146 -0.890927 -0.000000 -0.042287 -0.000000 0.000000 1.000000 0.000000
-0.892367 0.451311 0.000000 406.602589 -0.451311 -0.892367 -0.000000 -2.303778 -0.000000 0.000000 1.000000 0.000000
-0.893574 0.448917 0.000000 401.965892 -0.448917 -0.893574 -0.000000 -4.550947 -0.000000 0.000000 1.000000 0.000000
-0.892552 0.450944 0.000000 397.299714 -0.450944 -0.892552 -0.000000 -6.928866 -0.000000 0.000000 1.000000 0.000000
-0.895152 0.445761 0.000000 392.742493 -0.445761 -0.895152 -0.000000 -9.079278 -0.000000 0.000000 1.000000 0.000000
-0.896607 0.442828 0.000000 388.123023 -0.442828 -0.896607 -0.000000 -11.273868 -0.000000 0.000000 1.000000 0.000000
-0.897289 0.441444 0.000000 383.462605 -0.441444 -0.897289 -0.000000 -13.553875 -0.000000 0.000000 1.000000 0.000000
-0.905369 0.424625 0.000000 374.309432 -0.424625 -0.905369 -0.000000 -17.655738 -0.000000 0.000000 1.000000 0.000000
-0.908020 0.418928 0.000000 371.946649 -0.418928 -0.908020 -0.000000 -18.630634 -0.000000 0.000000 1.000000 0.000000
-0.916307 0.400476 0.000000 367.347290 -0.400476 -0.916307 -0.000000 -20.666235 -0.000000 0.000000 1.000000 0.000000
-0.922121 0.386903 0.000000 362.803247 -0.386903 -0.922121 -0.000000 -22.569329 -0.000000 0.000000 1.000000 0.000000
-0.928264 0.371921 0.000000 358.194474 -0.371921 -0.928264 -0.000000 -24.179249 -0.000000 0.000000 1.000000 0.000000
-0.935053 0.354507 0.000000 353.452769 -0.354507 -0.935053 -0.000000 -26.017203 -0.000000 0.000000 1.000000 0.000000
-0.941173 0.337925 0.000000 348.689136 -0.337925 -0.941173 -0.000000 -27.677634 -0.000000 0.000000 1.000000 0.000000
-0.944552 0.328361 0.000000 343.987124 -0.328361 -0.944552 -0.000000 -29.193563 -0.000000 0.000000 1.000000 0.000000
-0.945194 0.326509 0.000000 339.258289 -0.326509 -0.945194 -0.000000 -30.781828 -0.000000 0.000000 1.000000 0.000000
-0.940663 0.339341 0.000000 330.016766 -0.339341 -0.940663 -0.000000 -34.013574 -0.000000 0.000000 1.000000 0.000000
-0.937719 0.347395 0.000000 327.693481 -0.347395 -0.937719 -0.000000 -34.836417 -0.000000 0.000000 1.000000 0.000000
-0.935694 0.352813 0.000000 323.049969 -0.352813 -0.935694 -0.000000 -36.503216 -0.000000 0.000000 1.000000 0.000000
-0.930086 0.367342 0.000000 318.302627 -0.367342 -0.930086 -0.000000 -38.268301 -0.000000 0.000000 1.000000 0.000000
-0.927559 0.373676 0.000000 313.645469 -0.373676 -0.927559 -0.000000 -40.039576 -0.000000 0.000000 1.000000 0.000000
-0.924199 0.381912 0.000000 308.970272 -0.381912 -0.924199 -0.000000 -41.867437 -0.000000 0.000000 1.000000 0.000000
-0.923193 0.384336 0.000000 304.190239 -0.384336 -0.923193 -0.000000 -43.804338 -0.000000 0.000000 1.000000 0.000000
-0.922865 0.385124 0.000000 299.434047 -0.385124 -0.922865 -0.000000 -45.768983 -0.000000 0.000000 1.000000 0.000000
-0.922110 0.386927 0.000000 294.820821 -0.386927 -0.922110 -0.000000 -47.572275 -0.000000 0.000000 1.000000 0.000000
-0.918640 0.395095 0.000000 285.629519 -0.395095 -0.918640 -0.000000 -51.397380 -0.000000 0.000000 1.000000 0.000000
-0.917344 0.398095 0.000000 283.240580 -0.398095 -0.917344 -0.000000 -52.323995 -0.000000 0.000000 1.000000 0.000000
-0.915920 0.401360 0.000000 278.878741 -0.401360 -0.915920 -0.000000 -54.280541 -0.000000 0.000000 1.000000 0.000000
-0.913258 0.407382 0.000000 274.282646 -0.407382 -0.913258 -0.000000 -56.209088 -0.000000 0.000000 1.000000 0.000000
-0.911161 0.412051 0.000000 269.781872 -0.412051 -0.911161 -0.000000 -58.130529 -0.000000 0.000000 1.000000 0.000000
-0.912860 0.408272 0.000000 265.182134 -0.408272 -0.912860 -0.000000 -60.241553 -0.000000 0.000000 1.000000 0.000000
-0.916514 0.400002 0.000000 260.644240 -0.400002 -0.916514 -0.000000 -62.112584 -0.000000 0.000000 1.000000 0.000000
-0.916067 0.401024 0.000000 256.039053 -0.401024 -0.916067 -0.000000 -64.204808 -0.000000 0.000000 1.000000 0.000000
-0.915387 0.402575 0.000000 251.330635 -0.402575 -0.915387 -0.000000 -66.078808 -0.000000 0.000000 1.000000 0.000000
-0.912087 0.409997 0.000000 242.098354 -0.409997 -0.912087 -0.000000 -70.242424 -0.000000 0.000000 1.000000 0.000000
-0.911614 0.411047 0.000000 239.854678 -0.411047 -0.911614 -0.000000 -71.271753 -0.000000 0.000000 1.000000 0.000000
-0.908150 0.418645 0.000000 235.246245 -0.418645 -0.908150 -0.000000 -73.257342 -0.000000 0.000000 1.000000 0.000000
-0.907746 0.419519 0.000000 230.615127 -0.419519 -0.907746 -0.000000 -75.350335 -0.000000 0.000000 1.000000 0.000000
-0.906388 0.422446 0.000000 226.006178 -0.422446 -0.906388 -0.000000 -77.472202 -0.000000 0.000000 1.000000 0.000000
-0.908710 0.417429 0.000000 221.067469 -0.417429 -0.908710 -0.000000 -79.683652 -0.000000 0.000000 1.000000 0.000000
-0.906691 0.421796 0.000000 216.545655 -0.421796 -0.906691 -0.000000 -81.817772 -0.000000 0.000000 1.000000 0.000000
-0.908247 0.418433 0.000000 211.885111 -0.418433 -0.908247 -0.000000 -83.786598 -0.000000 0.000000 1.000000 0.000000
-0.909929 0.414765 0.000000 206.878987 -0.414765 -0.909929 -0.000000 -86.043086 -0.000000 0.000000 1.000000 0.000000
-0.911023 0.412355 0.000000 197.131218 -0.412355 -0.911023 -0.000000 -90.362435 -0.000000 0.000000 1.000000 0.000000
-0.909859 0.414918 0.000000 194.666640 -0.414918 -0.909859 -0.000000 -91.392308 -0.000000 0.000000 1.000000 0.000000
-0.907878 0.419236 0.000000 189.800021 -0.419236 -0.907878 -0.000000 -93.480974 -0.000000 0.000000 1.000000 0.000000
-0.910658 0.413161 0.000000 184.939254 -0.413161 -0.910658 -0.000000 -95.792986 -0.000000 0.000000 1.000000 0.000000
-0.908888 0.417040 0.000000 180.036656 -0.417040 -0.908888 -0.000000 -97.828718 -0.000000 0.000000 1.000000 0.000000
-0.910637 0.413208 0.000000 174.949639 -0.413208 -0.910637 -0.000000 -100.040533 -0.000000 0.000000 1.000000 0.000000
-0.911753 0.410740 0.000000 170.166797 -0.410740 -0.911753 -0.000000 -102.321538 -0.000000 0.000000 1.000000 0.000000
-0.915647 0.401984 0.000000 165.032798 -0.401984 -0.915647 -0.000000 -104.341818 -0.000000 0.000000 1.000000 0.000000
-0.918455 0.395527 0.000000 159.981415 -0.395527 -0.918455 -0.000000 -106.561879 -0.000000 0.000000 1.000000 0.000000
-0.922155 0.386821 0.000000 149.844832 -0.386821 -0.922155 -0.000000 -110.581448 -0.000000 0.000000 1.000000 0.000000
-0.922983 0.384840 0.000000 147.321638 -0.384840 -0.922983 -0.000000 -111.647906 -0.000000 0.000000 1.000000 0.000000
-0.924240 0.381812 0.000000 142.311893 -0.381812 -0.924240 -0.000000 -113.615095 -0.000000 0.000000 1.000000 0.000000
-0.925097 0.379731 0.000000 137.295868 -0.379731 -0.925097 -0.000000 -115.552307 -0.000000 0.000000 1.000000 0.000000
-0.926155 0.377144 0.000000 132.308166 -0.377144 -0.926155 -0.000000 -117.546478 -0.000000 0.000000 1.000000 0.000000
-0.928645 0.370969 0.000000 127.331214 -0.370969 -0.928645 -0.000000 -119.418268 -0.000000 0.000000 1.000000 0.000000
-0.929631 0.368491 0.000000 122.406244 -0.368491 -0.929631 -0.000000 -121.300543 -0.000000 0.000000 1.000000 0.000000
-0.928891 0.370354 0.000000 117.937016 -0.370354 -0.928891 -0.000000 -123.067200 -0.000000 0.000000 1.000000 0.000000
-0.930423 0.366487 0.000000 114.273796 -0.366487 -0.930423 -0.000000 -124.385039 -0.000000 0.000000 1.000000 0.000000
-0.929966 0.367646 0.000000 109.567105 -0.367646 -0.929966 -0.000000 -126.155457 -0.000000 0.000000 1.000000 0.000000
-0.929747 0.368199 0.000000 108.959801 -0.368199 -0.929747 -0.000000 -126.386048 -0.000000 0.000000 1.000000 0.000000
-0.930843 0.365420 0.000000 108.108010 -0.365420 -0.930843 -0.000000 -126.738423 -0.000000 0.000000 1.000000 0.000000
-0.931278 0.364309 0.000000 107.544765 -0.364309 -0.931278 -0.000000 -126.937589 -0.000000 0.000000 1.000000 0.000000
-0.930762 0.365626 0.000000 107.075403 -0.365626 -0.930762 -0.000000 -127.100716 -0.000000 0.000000 1.000000 0.000000
-0.930436 0.366454 0.000000 106.903500 -0.366454 -0.930436 -0.000000 -127.177727 -0.000000 0.000000 1.000000 0.000000
-0.931110 0.364739 0.000000 106.961112 -0.364739 -0.931110 -0.000000 -127.143577 -0.000000 0.000000 1.000000 0.000000
-0.930267 0.366884 0.000000 106.902639 -0.366884 -0.930267 -0.000000 -127.177280 -0.000000 0.000000 1.000000 0.000000
-0.930259 0.366904 0.000000 106.942643 -0.366904 -0.930259 -0.000000 -127.134402 -0.000000 0.000000 1.000000 0.000000
-0.930129 0.367234 0.000000 106.942348 -0.367234 -0.930129 -0.000000 -127.153006 -0.000000 0.000000 1.000000 0.000000
-0.930074 0.367371 0.000000 106.945338 -0.367371 -0.930074 -0.000000 -127.151263 -0.000000 0.000000 1.000000 0.000000
-0.930015 0.367523 0.000000 106.942057 -0.367523 -0.930015 -0.000000 -127.153139 -0.000000 0.000000 1.000000 0.000000
-0.929955 0.367673 0.000000 106.940488 -0.367673 -0.929955 -0.000000 -127.153768 -0.000000 0.000000 1.000000 0.000000
-0.929897 0.367821 0.000000 106.935749 -0.367821 -0.929897 -0.000000 -127.154896 -0.000000 0.000000 1.000000 0.000000
-0.929846 0.367950 0.000000 106.934634 -0.367950 -0.929846 -0.000000 -127.157134 -0.000000 0.000000 1.000000 0.000000
-0.929785 0.368102 0.000000 106.939301 -0.368102 -0.929785 -0.000000 -127.153955 -0.000000 0.000000 1.000000 0.000000
-0.929728 0.368246 0.000000 106.937107 -0.368246 -0.929728 -0.000000 -127.156132 -0.000000 0.000000 1.000000 0.000000
-0.929671 0.368392 0.000000 106.937798 -0.368392 -0.929671 -0.000000 -127.154815 -0.000000 0.000000 1.000000 0.000000
-0.929605 0.368557 0.000000 106.937855 -0.368557 -0.929605 -0.000000 -127.154769 -0.000000 0.000000 1.000000 0.000000
-0.929532 0.368741 0.000000 106.932356 -0.368741 -0.929532 -0.000000 -127.159204 -0.000000 0.000000 1.000000 0.000000
-0.929486 0.368857 0.000000 106.936325 -0.368857 -0.929486 -0.000000 -127.155391 -0.000000 0.000000 1.000000 0.000000
-0.929408 0.369054 0.000000 106.931744 -0.369054 -0.929408 -0.000000 -127.161155 -0.000000 0.000000 1.000000 0.000000
-0.929378 0.369130 0.000000 106.938527 -0.369130 -0.929378 -0.000000 -127.153519 -0.000000 0.000000 1.000000 0.000000
-0.929313 0.369292 0.000000 106.934365 -0.369292 -0.929313 -0.000000 -127.156199 -0.000000 0.000000 1.000000 0.000000
-0.929255 0.369438 0.000000 106.933776 -0.369438 -0.929255 -0.000000 -127.155902 -0.000000 0.000000 1.000000 0.000000
-0.929201 0.369574 0.000000 106.933342 -0.369574 -0.929201 -0.000000 -127.155136 -0.000000 0.000000 1.000000 0.000000
-0.929153 0.369695 0.000000 106.928790 -0.369695 -0.929153 -0.000000 -127.154018 -0.000000 0.000000 1.000000 0.000000
-0.929076 0.369889 0.000000 106.930056 -0.369889 -0.929076 -0.000000 -127.158638 -0.000000 0.000000 1.000000 0.000000
-0.929013 0.370047 0.000000 106.924669 -0.370047 -0.929013 -0.000000 -127.161866 -0.000000 0.000000 1.000000 0.000000
-0.928954 0.370196 0.000000 106.925567 -0.370196 -0.928954 -0.000000 -127.161278 -0.000000 0.000000 1.000000 0.000000
-0.928890 0.370356 0.000000 106.921591 -0.370356 -0.928890 -0.000000 -127.163897 -0.000000 0.000000 1.000000 0.000000
-0.928848 0.370461 0.000000 106.932132 -0.370461 -0.928848 -0.000000 -127.157274 -0.000000 0.000000 1.000000 0.000000
-0.928795 0.370594 0.000000 106.931265 -0.370594 -0.928795 -0.000000 -127.159500 -0.000000 0.000000 1.000000 0.000000
-0.928734 0.370748 0.000000 106.924763 -0.370748 -0.928734 -0.000000 -127.158760 -0.000000 0.000000 1.000000 0.000000
-0.928664 0.370922 0.000000 106.927417 -0.370922 -0.928664 -0.000000 -127.160949 -0.000000 0.000000 1.000000 0.000000
-0.928603 0.371074 0.000000 106.927643 -0.371074 -0.928603 -0.000000 -127.160309 -0.000000 0.000000 1.000000 0.000000
-0.928545 0.371219 0.000000 106.924854 -0.371219 -0.928545 -0.000000 -127.160303 -0.000000 0.000000 1.000000 0.000000
-0.928488 0.371362 0.000000 106.923445 -0.371362 -0.928488 -0.000000 -127.161278 -0.000000 0.000000 1.000000 0.000000
-0.928432 0.371501 0.000000 106.924155 -0.371501 -0.928432 -0.000000 -127.161248 -0.000000 0.000000 1.000000 0.000000
-0.928377 0.371640 0.000000 106.924865 -0.371640 -0.928377 -0.000000 -127.161899 -0.000000 0.000000 1.000000 0.000000
-0.928308 0.371813 0.000000 106.923095 -0.371813 -0.928308 -0.000000 -127.163208 -0.000000 0.000000 1.000000 0.000000
-0.928263 0.371924 0.000000 106.920556 -0.371924 -0.928263 -0.000000 -127.163443 -0.000000 0.000000 1.000000 0.000000
-0.928204 0.372071 0.000000 106.923420 -0.372071 -0.928204 -0.000000 -127.162747 -0.000000 0.000000 1.000000 0.000000
-0.928142 0.372226 0.000000 106.919363 -0.372226 -0.928142 -0.000000 -127.162328 -0.000000 0.000000 1.000000 0.000000
-0.928048 0.372461 0.000000 106.920451 -0.372461 -0.928048 -0.000000 -127.166608 -0.000000 0.000000 1.000000 0.000000
-0.928030 0.372505 0.000000 106.920849 -0.372505 -0.928030 -0.000000 -127.163053 -0.000000 0.000000 1.000000 0.000000
-0.927980 0.372630 0.000000 106.921308 -0.372630 -0.927980 -0.000000 -127.164397 -0.000000 0.000000 1.000000 0.000000
-0.927919 0.372782 0.000000 106.919705 -0.372782 -0.927919 -0.000000 -127.165011 -0.000000 0.000000 1.000000 0.000000
-0.927863 0.372921 0.000000 106.918917 -0.372921 -0.927863 -0.000000 -127.165746 -0.000000 0.000000 1.000000 0.000000
-0.927798 0.373082 0.000000 106.923950 -0.373082 -0.927798 -0.000000 -127.160625 -0.000000 0.000000 1.000000 0.000000
-0.927743 0.373219 0.000000 106.923351 -0.373219 -0.927743 -0.000000 -127.161924 -0.000000 0.000000 1.000000 0.000000
-0.927683 0.373369 0.000000 106.919244 -0.373369 -0.927683 -0.000000 -127.162481 -0.000000 0.000000 1.000000 0.000000
-0.927626 0.373510 0.000000 106.923221 -0.373510 -0.927626 -0.000000 -127.160884 -0.000000 0.000000 1.000000 0.000000
-0.927562 0.373670 0.000000 106.916802 -0.373670 -0.927562 -0.000000 -127.162803 -0.000000 0.000000 1.000000 0.000000
-0.927551 0.373697 0.000000 106.920019 -0.373697 -0.927551 -0.000000 -127.155860 -0.000000 0.000000 1.000000 0.000000
-0.927496 0.373832 0.000000 106.913293 -0.373832 -0.927496 -0.000000 -127.157523 -0.000000 0.000000 1.000000 0.000000
-0.927460 0.373922 0.000000 106.915363 -0.373922 -0.927460 -0.000000 -127.152548 -0.000000 0.000000 1.000000 0.000000
-0.927378 0.374127 0.000000 106.909273 -0.374127 -0.927378 -0.000000 -127.159228 -0.000000 0.000000 1.000000 0.000000
-0.927329 0.374246 0.000000 106.912915 -0.374246 -0.927329 -0.000000 -127.155044 -0.000000 0.000000 1.000000 0.000000
-0.927261 0.374415 0.000000 106.914792 -0.374415 -0.927261 -0.000000 -127.156663 -0.000000 0.000000 1.000000 0.000000
-0.927204 0.374557 0.000000 106.915204 -0.374557 -0.927204 -0.000000 -127.156123 -0.000000 0.000000 1.000000 0.000000
-0.927137 0.374722 0.000000 106.909831 -0.374722 -0.927137 -0.000000 -127.159177 -0.000000 0.000000 1.000000 0.000000
-0.927081 0.374862 0.000000 106.911328 -0.374862 -0.927081 -0.000000 -127.157231 -0.000000 0.000000 1.000000 0.000000
-0.927005 0.375048 0.000000 106.910211 -0.375048 -0.927005 -0.000000 -127.162229 -0.000000 0.000000 1.000000 0.000000
-0.926946 0.375194 0.000000 106.907646 -0.375194 -0.926946 -0.000000 -127.162969 -0.000000 0.000000 1.000000 0.000000
-0.926891 0.375331 0.000000 106.901558 -0.375331 -0.926891 -0.000000 -127.162690 -0.000000 0.000000 1.000000 0.000000
-0.926806 0.375540 0.000000 106.903619 -0.375540 -0.926806 -0.000000 -127.168040 -0.000000 0.000000 1.000000 0.000000
-0.926764 0.375645 0.000000 106.905814 -0.375645 -0.926764 -0.000000 -127.163449 -0.000000 0.000000 1.000000 0.000000
-0.926713 0.375769 0.000000 106.909673 -0.375769 -0.926713 -0.000000 -127.161970 -0.000000 0.000000 1.000000 0.000000
-0.926677 0.375859 0.000000 106.918394 -0.375859 -0.926677 -0.000000 -127.156470 -0.000000 0.000000 1.000000 0.000000
-0.926562 0.376142 0.000000 106.907169 -0.376142 -0.926562 -0.000000 -127.168611 -0.000000 0.000000 1.000000 0.000000
-0.926550 0.376173 0.000000 106.913440 -0.376173 -0.926550 -0.000000 -127.157838 -0.000000 0.000000 1.000000 0.000000
-0.926488 0.376324 0.000000 106.914789 -0.376324 -0.926488 -0.000000 -127.161927 -0.000000 0.000000 1.000000 0.000000
-0.926354 0.376653 0.000000 106.921691 -0.376653 -0.926354 -0.000000 -127.176414 -0.000000 0.000000 1.000000 0.000000
-0.926371 0.376611 0.000000 106.917965 -0.376611 -0.926371 -0.000000 -127.160665 -0.000000 0.000000 1.000000 0.000000
-0.926314 0.376754 0.000000 106.920285 -0.376754 -0.926314 -0.000000 -127.160733 -0.000000 0.000000 1.000000 0.000000
-0.926286 0.376821 0.000000 106.923857 -0.376821 -0.926286 -0.000000 -127.161341 -0.000000 0.000000 1.000000 0.000000
-0.926171 0.377103 0.000000 106.912771 -0.377103 -0.926171 -0.000000 -127.158510 -0.000000 0.000000 1.000000 0.000000
-0.926139 0.377181 0.000000 106.914774 -0.377181 -0.926139 -0.000000 -127.161803 -0.000000 0.000000 1.000000 0.000000
-0.926061 0.377374 0.000000 106.907375 -0.377374 -0.926061 -0.000000 -127.165192 -0.000000 0.000000 1.000000 0.000000
-0.926022 0.377470 0.000000 106.911305 -0.377470 -0.926022 -0.000000 -127.162025 -0.000000 0.000000 1.000000 0.000000
-0.925898 0.377774 0.000000 106.923358 -0.377774 -0.925898 -0.000000 -127.144855 -0.000000 0.000000 1.000000 0.000000
-0.925779 0.378065 0.000000 106.930802 -0.378065 -0.925779 -0.000000 -127.130249 -0.000000 0.000000 1.000000 0.000000
-0.925779 0.378066 0.000000 106.935222 -0.378066 -0.925779 -0.000000 -127.140658 -0.000000 0.000000 1.000000 0.000000
-0.925780 0.378062 0.000000 106.926532 -0.378062 -0.925780 -0.000000 -127.148631 -0.000000 0.000000 1.000000 0.000000
-0.925655 0.378369 0.000000 106.934243 -0.378369 -0.925655 -0.000000 -127.140556 -0.000000 0.000000 1.000000 0.000000
-0.925559 0.378603 0.000000 106.915833 -0.378603 -0.925559 -0.000000 -127.153356 -0.000000 0.000000 1.000000 0.000000
-0.925540 0.378650 0.000000 106.928942 -0.378650 -0.925540 -0.000000 -127.140959 -0.000000 0.000000 1.000000 0.000000
-0.925471 0.378817 0.000000 106.934586 -0.378817 -0.925471 -0.000000 -127.139859 -0.000000 0.000000 1.000000 0.000000
-0.925414 0.378957 0.000000 106.934540 -0.378957 -0.925414 -0.000000 -127.139625 -0.000000 0.000000 1.000000 0.000000
-0.925345 0.379127 0.000000 106.927854 -0.379127 -0.925345 -0.000000 -127.141605 -0.000000 0.000000 1.000000 0.000000
-0.925284 0.379274 0.000000 106.924477 -0.379274 -0.925284 -0.000000 -127.141793 -0.000000 0.000000 1.000000 0.000000
-0.925216 0.379441 0.000000 106.932092 -0.379441 -0.925216 -0.000000 -127.141756 -0.000000 0.000000 1.000000 0.000000
-0.925170 0.379552 0.000000 106.930797 -0.379552 -0.925170 -0.000000 -127.139384 -0.000000 0.000000 1.000000 0.000000
-0.925160 0.379578 0.000000 106.929871 -0.379578 -0.925160 -0.000000 -127.130370 -0.000000 0.000000 1.000000 0.000000
-0.925028 0.379900 0.000000 106.918481 -0.379900 -0.925028 -0.000000 -127.147658 -0.000000 0.000000 1.000000 0.000000
-0.925269 0.379312 0.000000 106.928963 -0.379312 -0.925269 -0.000000 -127.135315 -0.000000 0.000000 1.000000 0.000000
-0.924797 0.380460 0.000000 106.924326 -0.380460 -0.924797 -0.000000 -127.154192 -0.000000 0.000000 1.000000 0.000000
-0.924518 0.381139 0.000000 106.919840 -0.381139 -0.924518 -0.000000 -127.176482 -0.000000 0.000000 1.000000 0.000000
-0.924828 0.380385 0.000000 106.933363 -0.380385 -0.924828 -0.000000 -127.136616 -0.000000 0.000000 1.000000 0.000000
-0.924772 0.380522 0.000000 106.937928 -0.380522 -0.924772 -0.000000 -127.135262 -0.000000 0.000000 1.000000 0.000000
-0.924748 0.380579 0.000000 106.934998 -0.380579 -0.924748 -0.000000 -127.128325 -0.000000 0.000000 1.000000 0.000000
-0.924659 0.380796 0.000000 106.937810 -0.380796 -0.924659 -0.000000 -127.133717 -0.000000 0.000000 1.000000 0.000000
-0.924593 0.380956 0.000000 106.934623 -0.380956 -0.924593 -0.000000 -127.135602 -0.000000 0.000000 1.000000 0.000000
-0.924537 0.381091 0.000000 106.935999 -0.381091 -0.924537 -0.000000 -127.134974 -0.000000 0.000000 1.000000 0.000000
-0.924479 0.381232 0.000000 106.936696 -0.381232 -0.924479 -0.000000 -127.134318 -0.000000 0.000000 1.000000 0.000000
-0.924420 0.381377 0.000000 106.935242 -0.381377 -0.924420 -0.000000 -127.135103 -0.000000 0.000000 1.000000 0.000000
-0.924353 0.381539 0.000000 106.931714 -0.381539 -0.924353 -0.000000 -127.136446 -0.000000 0.000000 1.000000 0.000000
-0.924237 0.381819 0.000000 106.936200 -0.381819 -0.924237 -0.000000 -127.146699 -0.000000 0.000000 1.000000 0.000000
-0.924175 0.381970 0.000000 106.937945 -0.381970 -0.924175 -0.000000 -127.146653 -0.000000 0.000000 1.000000 0.000000
-0.924118 0.382108 0.000000 106.935816 -0.382108 -0.924118 -0.000000 -127.146967 -0.000000 0.000000 1.000000 0.000000
-0.924013 0.382360 0.000000 106.940249 -0.382360 -0.924013 -0.000000 -127.154643 -0.000000 0.000000 1.000000 0.000000
-0.924010 0.382369 0.000000 106.936802 -0.382369 -0.924010 -0.000000 -127.149668 -0.000000 0.000000 1.000000 0.000000
-0.923940 0.382538 0.000000 106.945634 -0.382538 -0.923940 -0.000000 -127.144563 -0.000000 0.000000 1.000000 0.000000
-0.923873 0.382699 0.000000 106.936677 -0.382699 -0.923873 -0.000000 -127.146951 -0.000000 0.000000 1.000000 0.000000
-0.923757 0.382980 0.000000 106.932370 -0.382980 -0.923757 -0.000000 -127.159621 -0.000000 0.000000 1.000000 0.000000
-0.923747 0.383003 0.000000 106.937486 -0.383003 -0.923747 -0.000000 -127.147082 -0.000000 0.000000 1.000000 0.000000
-0.923701 0.383114 0.000000 106.942280 -0.383114 -0.923701 -0.000000 -127.144346 -0.000000 0.000000 1.000000 0.000000
-0.923604 0.383348 0.000000 106.946311 -0.383348 -0.923604 -0.000000 -127.150396 -0.000000 0.000000 1.000000 0.000000
-0.923574 0.383420 0.000000 106.944221 -0.383420 -0.923574 -0.000000 -127.144739 -0.000000 0.000000 1.000000 0.000000
-0.923448 0.383723 0.000000 106.948867 -0.383723 -0.923448 -0.000000 -127.157767 -0.000000 0.000000 1.000000 0.000000
-0.923434 0.383758 0.000000 106.934699 -0.383758 -0.923434 -0.000000 -127.149017 -0.000000 0.000000 1.000000 0.000000
-0.923262 0.384170 0.000000 106.950931 -0.384170 -0.923262 -0.000000 -127.161111 -0.000000 0.000000 1.000000 0.000000
-0.923369 0.383914 0.000000 106.946778 -0.383914 -0.923369 -0.000000 -127.149418 -0.000000 0.000000 1.000000 0.000000
-0.923296 0.384090 0.000000 106.946299 -0.384090 -0.923296 -0.000000 -127.140104 -0.000000 0.000000 1.000000 0.000000
-0.923291 0.384101 0.000000 106.948109 -0.384101 -0.923291 -0.000000 -127.151732 -0.000000 0.000000 1.000000 0.000000
-0.923223 0.384264 0.000000 106.939671 -0.384264 -0.923223 -0.000000 -127.153103 -0.000000 0.000000 1.000000 0.000000
-0.923142 0.384459 0.000000 106.912568 -0.384459 -0.923142 -0.000000 -127.176189 -0.000000 0.000000 1.000000 0.000000
-0.922861 0.385134 0.000000 106.814415 -0.385134 -0.922861 -0.000000 -127.239601 -0.000000 0.000000 1.000000 0.000000
-0.922887 0.385070 0.000000 106.434734 -0.385070 -0.922887 -0.000000 -127.329714 -0.000000 0.000000 1.000000 0.000000
-0.924365 0.381508 0.000000 105.787253 -0.381508 -0.924365 -0.000000 -127.574652 -0.000000 0.000000 1.000000 0.000000
-0.924177 0.381965 0.000000 104.944040 -0.381965 -0.924177 -0.000000 -127.897135 -0.000000 0.000000 1.000000 0.000000
-0.924632 0.380862 0.000000 103.719358 -0.380862 -0.924632 -0.000000 -128.440497 -0.000000 0.000000 1.000000 0.000000
