1.000000 0.000004 0.000000 0.001075 -0.000004 1.000000 -0.000000 0.000052 -0.000000 0.000000 1.000000 0.000000
1.000000 0.000004 0.000000 0.001507 -0.000004 1.000000 -0.000000 0.000012 -0.000000 0.000000 1.000000 0.000000
1.000000 0.000003 0.000000 0.001237 -0.000003 1.000000 -0.000000 0.000053 -0.000000 0.000000 1.000000 0.000000
1.000000 -0.000008 0.000000 0.000376 0.000008 1.000000 0.000000 0.000054 0.000000 0.000000 1.000000 0.000000
1.000000 -0.000010 0.000000 -0.000657 0.000010 1.000000 0.000000 0.000126 0.000000 0.000000 1.000000 0.000000
1.000000 -0.000006 0.000000 -0.000671 0.000006 1.000000 0.000000 0.000093 0.000000 0.000000 1.000000 0.000000
1.000000 0.000018 0.000000 0.000162 -0.000018 1.000000 -0.000000 0.000173 -0.000000 0.000000 1.000000 0.000000
1.000000 0.000033 0.000000 0.000416 -0.000033 1.000000 -0.000000 0.000306 -0.000000 0.000000 1.000000 0.000000
1.000000 0.000032 0.000000 0.000607 -0.000032 1.000000 -0.000000 0.000289 -0.000000 0.000000 1.000000 0.000000
1.000000 0.000028 0.000000 0.000661 -0.000028 1.000000 -0.000000 0.000259 -0.000000 0.000000 1.000000 0.000000
1.000000 -0.000001 0.000000 0.000127 0.000001 1.000000 0.000000 0.000202 0.000000 0.000000 1.000000 0.000000
1.000000 0.000022 0.000000 0.000451 -0.000022 1.000000 -0.000000 0.000097 -0.000000 0.000000 1.000000 0.000000
1.000000 0.000027 0.000000 0.000327 -0.000027 1.000000 -0.000000 0.000050 -0.000000 0.000000 1.000000 0.000000
1.000000 0.000006 0.000000 0.000313 -0.000006 1.000000 -0.000000 0.000086 -0.000000 0.000000 1.000000 0.000000
1.000000 0.000005 0.000000 0.000814 -0.000005 1.000000 -0.000000 0.000088 -0.000000 0.000000 1.000000 0.000000
1.000000 0.000010 0.000000 0.001186 -0.000010 1.000000 -0.000000 0.000039 -0.000000 0.000000 1.000000 0.000000
1.000000 0.000031 0.000000 0.001071 -0.000031 1.000000 -0.000000 -0.000010 -0.000000 0.000000 1.000000 0.000000
1.000000 0.000049 0.000000 0.000617 -0.000049 1.000000 -0.000000 0.000023 -0.000000 0.000000 1.000000 0.000000
1.000000 0.000037 0.000000 0.000133 -0.000037 1.000000 -0.000000 0.000226 -0.000000 0.000000 1.000000 0.000000
1.000000 0.000015 0.000000 0.000126 -0.000015 1.000000 -0.000000 0.000295 -0.000000 0.000000 1.000000 0.000000
1.000000 -0.000003 0.000000 -0.000107 0.000003 1.000000 0.000000 0.000292 0.000000 0.000000 1.000000 0.000000
1.000000 0.000047 0.000000 0.000013 -0.000047 1.000000 -0.000000 0.000421 -0.000000 0.000000 1.000000 0.000000
1.000000 0.000059 0.000000 0.000222 -0.000059 1.000000 -0.000000 0.000403 -0.000000 0.000000 1.000000 0.000000
1.000000 0.000038 0.000000 0.000267 -0.000038 1.000000 -0.000000 0.000331 -0.000000 0.000000 1.000000 0.000000
1.000000 0.000014 0.000000 0.000018 -0.000014 1.000000 -0.000000 0.000231 -0.000000 0.000000 1.000000 0.000000
1.000000 0.000036 0.000000 0.000886 -0.000036 1.000000 -0.000000 0.000309 -0.000000 0.000000 1.000000 0.000000
1.000000 0.000042 0.000000 0.000958 -0.000042 1.000000 -0.000000 0.000239 -0.000000 0.000000 1.000000 0.000000
1.000000 0.000028 0.000000 0.000868 -0.000028 1.000000 -0.000000 0.000190 -0.000000 0.000000 1.000000 0.000000
1.000000 0.000008 0.000000 0.000624 -0.000008 1.000000 -0.000000 0.000159 -0.000000 0.000000 1.000000 0.000000
1.000000 0.000021 0.000000 0.000690 -0.000021 1.000000 -0.000000 0.000173 -0.000000 0.000000 1.000000 0.000000
1.000000 0.000050 0.000000 0.001086 -0.000050 1.000000 -0.000000 0.000184 -0.000000 0.000000 1.000000 0.000000
1.000000 0.000080 0.000000 0.001077 -0.000080 1.000000 -0.000000 0.000228 -0.000000 0.000000 1.000000 0.000000
1.000000 0.000075 0.000000 0.001116 -0.000075 1.000000 -0.000000 0.000199 -0.000000 0.000000 1.000000 0.000000
1.000000 0.000064 0.000000 0.001468 -0.000064 1.000000 -0.000000 0.000149 -0.000000 0.000000 1.000000 0.000000
1.000000 0.000059 0.000000 0.001831 -0.000059 1.000000 -0.000000 0.000169 -0.000000 0.000000 1.000000 0.000000
1.000000 0.000041 0.000000 0.001051 -0.000041 1.000000 -0.000000 0.000163 -0.000000 0.000000 1.000000 0.000000
1.000000 0.000052 0.000000 0.000675 -0.000052 1.000000 -0.000000 0.000209 -0.000000 0.000000 1.000000 0.000000
1.000000 0.000058 0.000000 0.000485 -0.000058 1.000000 -0.000000 0.000242 -0.000000 0.000000 1.000000 0.000000
1.000000 0.000056 0.000000 0.000575 -0.000056 1.000000 -0.000000 0.000273 -0.000000 0.000000 1.000000 0.000000
1.000000 0.000048 0.000000 0.000797 -0.000048 1.000000 -0.000000 0.000252 -0.000000 0.000000 1.000000 0.000000
1.000000 0.000065 0.000000 0.001264 -0.000065 1.000000 -0.000000 0.000243 -0.000000 0.000000 1.000000 0.000000
1.000000 0.000057 0.000000 0.001091 -0.000057 1.000000 -0.000000 0.000212 -0.000000 0.000000 1.000000 0.000000
1.000000 0.000056 0.000000 0.000789 -0.000056 1.000000 -0.000000 0.000195 -0.000000 0.000000 1.000000 0.000000
1.000000 0.000052 0.000000 0.000694 -0.000052 1.000000 -0.000000 0.000223 -0.000000 0.000000 1.000000 0.000000
1.000000 0.000050 0.000000 0.000550 -0.000050 1.000000 -0.000000 0.000249 -0.000000 0.000000 1.000000 0.000000
1.000000 0.000072 0.000000 0.000947 -0.000072 1.000000 -0.000000 0.000336 -0.000000 0.000000 1.000000 0.000000
1.000000 0.000066 0.000000 0.000942 -0.000066 1.000000 -0.000000 0.000352 -0.000000 0.000000 1.000000 0.000000
1.000000 0.000058 0.000000 0.000906 -0.000058 1.000000 -0.000000 0.000268 -0.000000 0.000000 1.000000 0.000000
1.000000 0.000051 0.000000 0.000771 -0.000051 1.000000 -0.000000 0.000307 -0.000000 0.000000 1.000000 0.000000
1.000000 0.000045 0.000000 0.000242 -0.000045 1.000000 -0.000000 0.000345 -0.000000 0.000000 1.000000 0.000000
1.000000 0.000049 0.000000 -0.000271 -0.000049 1.000000 -0.000000 0.000344 -0.000000 0.000000 1.000000 0.000000
1.000000 0.000040 0.000000 -0.000119 -0.000040 1.000000 -0.000000 0.000311 -0.000000 0.000000 1.000000 0.000000
1.000000 0.000030 0.000000 -0.000321 -0.000030 1.000000 -0.000000 0.000296 -0.000000 0.000000 1.000000 0.000000
1.000000 0.000030 0.000000 -0.000430 -0.000030 1.000000 -0.000000 0.000321 -0.000000 0.000000 1.000000 0.000000
1.000000 0.000037 0.000000 -0.000127 -0.000037 1.000000 -0.000000 0.000353 -0.000000 0.000000 1.000000 0.000000
1.000000 0.000063 0.000000 0.000505 -0.000063 1.000000 -0.000000 0.000358 -0.000000 0.000000 1.000000 0.000000
1.000000 0.000054 0.000000 0.000271 -0.000054 1.000000 -0.000000 0.000381 -0.000000 0.000000 1.000000 0.000000
1.000000 0.000084 0.000000 0.000337 -0.000084 1.000000 -0.000000 0.000412 -0.000000 0.000000 1.000000 0.000000
1.000000 0.000087 0.000000 0.000817 -0.000087 1.000000 -0.000000 0.000298 -0.000000 0.000000 1.000000 0.000000
1.000000 0.000051 0.000000 0.001501 -0.000051 1.000000 -0.000000 0.000219 -0.000000 0.000000 1.000000 0.000000
1.000000 0.000034 0.000000 0.001082 -0.000034 1.000000 -0.000000 0.000197 -0.000000 0.000000 1.000000 0.000000
1.000000 0.000051 0.000000 0.001579 -0.000051 1.000000 -0.000000 0.000214 -0.000000 0.000000 1.000000 0.000000
1.000000 0.000063 0.000000 0.001887 -0.000063 1.000000 -0.000000 0.000168 -0.000000 0.000000 1.000000 0.000000
1.000000 0.000068 0.000000 0.001284 -0.000068 1.000000 -0.000000 0.000322 -0.000000 0.000000 1.000000 0.000000
1.000000 0.000069 0.000000 0.001072 -0.000069 1.000000 -0.000000 0.000229 -0.000000 0.000000 1.000000 0.000000
1.000000 0.000082 0.000000 0.000723 -0.000082 1.000000 -0.000000 0.000194 -0.000000 0.000000 1.000000 0.000000
1.000000 0.000035 0.000000 0.000560 -0.000035 1.000000 -0.000000 0.000139 -0.000000 0.000000 1.000000 0.000000
1.000000 0.000018 0.000000 0.000416 -0.000018 1.000000 -0.000000 0.000106 -0.000000 0.000000 1.000000 0.000000
1.000000 0.000022 0.000000 0.000113 -0.000022 1.000000 -0.000000 0.000137 -0.000000 0.000000 1.000000 0.000000
1.000000 0.000065 0.000000 0.000173 -0.000065 1.000000 -0.000000 0.000220 -0.000000 0.000000 1.000000 0.000000
1.000000 0.000067 0.000000 0.000546 -0.000067 1.000000 -0.000000 0.000189 -0.000000 0.000000 1.000000 0.000000
1.000000 0.000072 0.000000 0.000505 -0.000072 1.000000 -0.000000 0.000190 -0.000000 0.000000 1.000000 0.000000
1.000000 0.000057 0.000000 0.000328 -0.000057 1.000000 -0.000000 0.000173 -0.000000 0.000000 1.000000 0.000000
1.000000 0.000047 0.000000 0.000259 -0.000047 1.000000 -0.000000 0.000107 -0.000000 0.000000 1.000000 0.000000
1.000000 0.000051 0.000000 0.000357 -0.000051 1.000000 -0.000000 -0.000016 -0.000000 0.000000 1.000000 0.000000
1.000000 0.000021 0.000000 0.001276 -0.000021 1.000000 -0.000000 -0.000193 -0.000000 0.000000 1.000000 0.000000
1.000000 0.000049 0.000000 0.000586 -0.000049 1.000000 -0.000000 -0.000427 -0.000000 0.000000 1.000000 0.000000
1.000000 0.000048 0.000000 0.000033 -0.000048 1.000000 -0.000000 -0.000838 -0.000000 0.000000 1.000000 0.000000
1.000000 0.000067 0.000000 -0.000112 -0.000067 1.000000 -0.000000 -0.000873 -0.000000 0.000000 1.000000 0.000000
1.000000 0.000104 0.000000 -0.000337 -0.000104 1.000000 -0.000000 -0.000335 -0.000000 0.000000 1.000000 0.000000
1.000000 0.000129 0.000000 0.000074 -0.000129 1.000000 -0.000000 0.000051 -0.000000 0.000000 1.000000 0.000000
1.000000 0.000116 0.000000 0.000702 -0.000116 1.000000 -0.000000 0.000224 -0.000000 0.000000 1.000000 0.000000
1.000000 0.000099 0.000000 0.000368 -0.000099 1.000000 -0.000000 0.000327 -0.000000 0.000000 1.000000 0.000000
1.000000 0.000080 0.000000 0.000037 -0.000080 1.000000 -0.000000 0.000305 -0.000000 0.000000 1.000000 0.000000
1.000000 0.000080 0.000000 0.000394 -0.000080 1.000000 -0.000000 0.000407 -0.000000 0.000000 1.000000 0.000000
1.000000 0.000055 0.000000 0.000080 -0.000055 1.000000 -0.000000 0.000480 -0.000000 0.000000 1.000000 0.000000
1.000000 0.000081 0.000000 0.000110 -0.000081 1.000000 -0.000000 0.000527 -0.000000 0.000000 1.000000 0.000000
1.000000 0.000090 0.000000 0.000194 -0.000090 1.000000 -0.000000 0.000546 -0.000000 0.000000 1.000000 0.000000
1.000000 0.000076 0.000000 -0.000018 -0.000076 1.000000 -0.000000 0.000409 -0.000000 0.000000 1.000000 0.000000
1.000000 0.000077 0.000000 -0.000141 -0.000077 1.000000 -0.000000 0.000443 -0.000000 0.000000 1.000000 0.000000
1.000000 0.000108 0.000000 0.000072 -0.000108 1.000000 -0.000000 0.000457 -0.000000 0.000000 1.000000 0.000000
1.000000 0.000110 0.000000 0.000903 -0.000110 1.000000 -0.000000 0.000484 -0.000000 0.000000 1.000000 0.000000
1.000000 0.000114 0.000000 0.000776 -0.000114 1.000000 -0.000000 0.000417 -0.000000 0.000000 1.000000 0.000000
1.000000 0.000111 0.000000 0.000422 -0.000111 1.000000 -0.000000 0.000412 -0.000000 0.000000 1.000000 0.000000
1.000000 0.000078 0.000000 0.000420 -0.000078 1.000000 -0.000000 0.000341 -0.000000 0.000000 1.000000 0.000000
1.000000 0.000042 0.000000 0.000134 -0.000042 1.000000 -0.000000 0.000117 -0.000000 0.000000 1.000000 0.000000
1.000000 0.000045 0.000000 0.000491 -0.000045 1.000000 -0.000000 0.000189 -0.000000 0.000000 1.000000 0.000000
1.000000 0.000053 0.000000 0.001059 -0.000053 1.000000 -0.000000 0.000228 -0.000000 0.000000 1.000000 0.000000
1.000000 0.000077 0.000000 0.001219 -0.000077 1.000000 -0.000000 0.000366 -0.000000 0.000000 1.000000 0.000000
1.000000 0.000070 0.000000 0.000746 -0.000070 1.000000 -0.000000 0.000397 -0.000000 0.000000 1.000000 0.000000
1.000000 0.000089 0.000000 0.000347 -0.000089 1.000000 -0.000000 0.000440 -0.000000 0.000000 1.000000 0.000000
1.000000 0.000108 0.000000 0.000528 -0.000108 1.000000 -0.000000 0.000495 -0.000000 0.000000 1.000000 0.000000
1.000000 0.000108 0.000000 0.000721 -0.000108 1.000000 -0.000000 0.000525 -0.000000 0.000000 1.000000 0.000000
1.000000 0.000095 0.000000 0.000634 -0.000095 1.000000 -0.000000 0.000486 -0.000000 0.000000 1.000000 0.000000
1.000000 0.000101 0.000000 0.000529 -0.000101 1.000000 -0.000000 0.000491 -0.000000 0.000000 1.000000 0.000000
1.000000 0.000116 0.000000 0.000623 -0.000116 1.000000 -0.000000 0.000583 -0.000000 0.000000 1.000000 0.000000
1.000000 0.000088 0.000000 0.000231 -0.000088 1.000000 -0.000000 0.000482 -0.000000 0.000000 1.000000 0.000000
1.000000 0.000037 0.000000 0.000035 -0.000037 1.000000 -0.000000 0.000432 -0.000000 0.000000 1.000000 0.000000
1.000000 0.000021 0.000000 0.000050 -0.000021 1.000000 -0.000000 0.000423 -0.000000 0.000000 1.000000 0.000000
1.000000 0.000078 0.000000 0.000441 -0.000078 1.000000 -0.000000 0.000482 -0.000000 0.000000 1.000000 0.000000
1.000000 0.000101 0.000000 0.000968 -0.000101 1.000000 -0.000000 0.000539 -0.000000 0.000000 1.000000 0.000000
1.000000 0.000119 0.000000 0.000833 -0.000119 1.000000 -0.000000 0.000678 -0.000000 0.000000 1.000000 0.000000
1.000000 0.000126 0.000000 0.000896 -0.000126 1.000000 -0.000000 0.000714 -0.000000 0.000000 1.000000 0.000000
1.000000 0.000123 0.000000 0.001156 -0.000123 1.000000 -0.000000 0.000709 -0.000000 0.000000 1.000000 0.000000
1.000000 0.000122 0.000000 0.001104 -0.000122 1.000000 -0.000000 0.000687 -0.000000 0.000000 1.000000 0.000000
1.000000 0.000124 0.000000 0.001646 -0.000124 1.000000 -0.000000 0.000598 -0.000000 0.000000 1.000000 0.000000
1.000000 0.000090 0.000000 0.001388 -0.000090 1.000000 -0.000000 0.000593 -0.000000 0.000000 1.000000 0.000000
1.000000 0.000106 0.000000 0.001458 -0.000106 1.000000 -0.000000 0.000601 -0.000000 0.000000 1.000000 0.000000
1.000000 0.000146 0.000000 0.001955 -0.000146 1.000000 -0.000000 0.000673 -0.000000 0.000000 1.000000 0.000000
1.000000 0.000158 0.000000 0.002702 -0.000158 1.000000 -0.000000 0.000680 -0.000000 0.000000 1.000000 0.000000
1.000000 0.000135 0.000000 0.002518 -0.000135 1.000000 -0.000000 0.000687 -0.000000 0.000000 1.000000 0.000000
1.000000 0.000118 0.000000 0.001764 -0.000118 1.000000 -0.000000 0.000644 -0.000000 0.000000 1.000000 0.000000
1.000000 0.000111 0.000000 0.001168 -0.000111 1.000000 -0.000000 0.000716 -0.000000 0.000000 1.000000 0.000000
1.000000 0.000100 0.000000 0.000671 -0.000100 1.000000 -0.000000 0.000806 -0.000000 0.000000 1.000000 0.000000
1.000000 0.000102 0.000000 0.000345 -0.000102 1.000000 -0.000000 0.000840 -0.000000 0.000000 1.000000 0.000000
1.000000 0.000115 0.000000 0.000823 -0.000115 1.000000 -0.000000 0.000868 -0.000000 0.000000 1.000000 0.000000
1.000000 0.000122 0.000000 0.001695 -0.000122 1.000000 -0.000000 0.000986 -0.000000 0.000000 1.000000 0.000000
1.000000 0.000127 0.000000 0.001975 -0.000127 1.000000 -0.000000 0.001156 -0.000000 0.000000 1.000000 0.000000
1.000000 0.000138 0.000000 0.002443 -0.000138 1.000000 -0.000000 0.001563 -0.000000 0.000000 1.000000 0.000000
1.000000 0.000157 0.000000 0.004743 -0.000157 1.000000 -0.000000 0.002132 -0.000000 0.000000 1.000000 0.000000
1.000000 0.000143 0.000000 0.013125 -0.000143 1.000000 -0.000000 0.002619 -0.000000 0.000000 1.000000 0.000000
1.000000 0.000068 0.000000 0.039184 -0.000068 1.000000 -0.000000 0.003097 -0.000000 0.000000 1.000000 0.000000
1.000000 -0.000662 0.000000 0.091928 0.000662 1.000000 0.000000 0.002998 0.000000 0.000000 1.000000 0.000000
0.999995 -0.003287 0.000000 0.127613 0.003287 0.999995 0.000000 -0.000156 0.000000 0.000000 1.000000 0.000000
0.999964 -0.008454 0.000000 0.336109 0.008454 0.999964 0.000000 0.005277 0.000000 0.000000 1.000000 0.000000
0.999836 -0.018133 0.000000 0.575360 0.018133 0.999836 0.000000 0.007744 0.000000 0.000000 1.000000 0.000000
0.999512 -0.031225 0.000000 0.999979 0.031225 0.999512 0.000000 0.025299 0.000000 0.000000 1.000000 0.000000
0.998938 -0.046071 0.000000 1.540774 0.046071 0.998938 0.000000 0.052858 0.000000 0.000000 1.000000 0.000000
0.998049 -0.062442 0.000000 2.189593 0.062442 0.998049 0.000000 0.094863 0.000000 0.000000 1.000000 0.000000
0.996897 -0.078718 0.000000 2.949344 0.078718 0.996897 0.000000 0.154975 0.000000 0.000000 1.000000 0.000000
0.995601 -0.093694 0.000000 3.833852 0.093694 0.995601 0.000000 0.239547 0.000000 0.000000 1.000000 0.000000
0.994407 -0.105613 0.000000 4.837440 0.105613 0.994407 0.000000 0.345367 0.000000 0.000000 1.000000 0.000000
0.993720 -0.111894 0.000000 5.930425 0.111894 0.993720 0.000000 0.462256 0.000000 0.000000 1.000000 0.000000
0.993630 -0.112691 0.000000 7.110015 0.112691 0.993630 0.000000 0.578427 0.000000 0.000000 1.000000 0.000000
0.993868 -0.110571 0.000000 8.398261 0.110571 0.993868 0.000000 0.706551 0.000000 0.000000 1.000000 0.000000
0.994035 -0.109063 0.000000 9.933164 0.109063 0.994035 0.000000 0.878949 0.000000 0.000000 1.000000 0.000000
0.994371 -0.105956 0.000000 11.604731 0.105956 0.994371 0.000000 1.058261 0.000000 0.000000 1.000000 0.000000
0.994792 -0.101923 0.000000 13.356704 0.101923 0.994792 0.000000 1.233474 0.000000 0.000000 1.000000 0.000000
0.995227 -0.097585 0.000000 15.197592 0.097585 0.995227 0.000000 1.411145 0.000000 0.000000 1.000000 0.000000
0.995682 -0.092833 0.000000 17.137333 0.092833 0.995682 0.000000 1.580895 0.000000 0.000000 1.000000 0.000000
0.996174 -0.087394 0.000000 19.049978 0.087394 0.996174 0.000000 1.739134 0.000000 0.000000 1.000000 0.000000
0.996705 -0.081115 0.000000 21.129352 0.081115 0.996705 0.000000 1.896672 0.000000 0.000000 1.000000 0.000000
0.997166 -0.075228 0.000000 23.203319 0.075228 0.997166 0.000000 2.039822 0.000000 0.000000 1.000000 0.000000
0.997708 -0.067665 0.000000 25.311799 0.067665 0.997708 0.000000 2.184125 0.000000 0.000000 1.000000 0.000000
0.998065 -0.062174 0.000000 27.436830 0.062174 0.998065 0.000000 2.302413 0.000000 0.000000 1.000000 0.000000
0.998273 -0.058750 0.000000 29.640675 0.058750 0.998273 0.000000 2.418477 0.000000 0.000000 1.000000 0.000000
0.998377 -0.056956 0.000000 31.891036 0.056956 0.998377 0.000000 2.536726 0.000000 0.000000 1.000000 0.000000
0.998530 -0.054204 0.000000 34.218530 0.054204 0.998530 0.000000 2.658350 0.000000 0.000000 1.000000 0.000000
0.998702 -0.050940 0.000000 36.561319 0.050940 0.998702 0.000000 2.771674 0.000000 0.000000 1.000000 0.000000
0.998893 -0.047047 0.000000 38.828603 0.047047 0.998893 0.000000 2.881976 0.000000 0.000000 1.000000 0.000000
0.999174 -0.040632 0.000000 41.064165 0.040632 0.999174 0.000000 2.971932 0.000000 0.000000 1.000000 0.000000
0.999416 -0.034182 0.000000 43.304772 0.034182 0.999416 0.000000 3.046651 0.000000 0.000000 1.000000 0.000000
0.999678 -0.025359 0.000000 45.584662 0.025359 0.999678 0.000000 3.102320 0.000000 0.000000 1.000000 0.000000
0.999803 -0.019840 0.000000 47.867420 0.019840 0.999803 0.000000 3.137830 0.000000 0.000000 1.000000 0.000000
0.999889 -0.014906 0.000000 50.131384 0.014906 0.999889 0.000000 3.167173 0.000000 0.000000 1.000000 0.000000
0.999872 -0.016030 0.000000 52.290588 0.016030 0.999872 0.000000 3.193792 0.000000 0.000000 1.000000 0.000000
0.999855 -0.017001 0.000000 54.468108 0.017001 0.999855 0.000000 3.223228 0.000000 0.000000 1.000000 0.000000
0.999836 -0.018104 0.000000 56.640009 0.018104 0.999836 0.000000 3.257010 0.000000 0.000000 1.000000 0.000000
0.999766 -0.021626 0.000000 58.776848 0.021626 0.999766 0.000000 3.290717 0.000000 0.000000 1.000000 0.000000
0.999600 -0.028268 0.000000 60.894992 0.028268 0.999600 0.000000 3.334823 0.000000 0.000000 1.000000 0.000000
0.999429 -0.033782 0.000000 63.004031 0.033782 0.999429 0.000000 3.403968 0.000000 0.000000 1.000000 0.000000
0.999236 -0.039094 0.000000 65.278393 0.039094 0.999236 0.000000 3.499107 0.000000 0.000000 1.000000 0.000000
0.998996 -0.044805 0.000000 67.544051 0.044805 0.998996 0.000000 3.605167 0.000000 0.000000 1.000000 0.000000
0.998653 -0.051896 0.000000 69.792515 0.051896 0.998653 0.000000 3.717166 0.000000 0.000000 1.000000 0.000000
0.998159 -0.060644 0.000000 72.091109 0.060644 0.998159 0.000000 3.838904 0.000000 0.000000 1.000000 0.000000
0.997634 -0.068744 0.000000 74.462114 0.068744 0.997634 0.000000 3.997598 0.000000 0.000000 1.000000 0.000000
0.997010 -0.077276 0.000000 76.865748 0.077276 0.997010 0.000000 4.163076 0.000000 0.000000 1.000000 0.000000
0.996576 -0.082682 0.000000 79.188256 0.082682 0.996576 0.000000 4.335832 0.000000 0.000000 1.000000 0.000000
0.996655 -0.081726 0.000000 81.457161 0.081726 0.996655 0.000000 4.510882 0.000000 0.000000 1.000000 0.000000
0.997244 -0.074192 0.000000 83.733905 0.074192 0.997244 0.000000 4.670651 0.000000 0.000000 1.000000 0.000000
0.998268 -0.058836 0.000000 86.165856 0.058836 0.998268 0.000000 4.820792 0.000000 0.000000 1.000000 0.000000
0.999131 -0.041676 0.000000 88.629988 0.041676 0.999131 0.000000 4.913773 0.000000 0.000000 1.000000 0.000000
0.999686 -0.025076 0.000000 91.104982 0.025076 0.999686 0.000000 4.978729 0.000000 0.000000 1.000000 0.000000
0.999859 -0.016773 0.000000 93.528647 0.016773 0.999859 0.000000 5.006491 0.000000 0.000000 1.000000 0.000000
0.999924 -0.012316 0.000000 95.935416 0.012316 0.999924 0.000000 5.018956 0.000000 0.000000 1.000000 0.000000
0.999926 -0.012158 0.000000 98.586957 0.012158 0.999926 0.000000 5.042959 0.000000 0.000000 1.000000 0.000000
0.999916 -0.012942 0.000000 101.311584 0.012942 0.999916 0.000000 5.069666 0.000000 0.000000 1.000000 0.000000
0.999892 -0.014692 0.000000 103.869029 0.014692 0.999892 0.000000 5.106564 0.000000 0.000000 1.000000 0.000000
0.999868 -0.016219 0.000000 106.520699 0.016219 0.999868 0.000000 5.142862 0.000000 0.000000 1.000000 0.000000
0.999835 -0.018169 0.000000 109.334121 0.018169 0.999835 0.000000 5.203251 0.000000 0.000000 1.000000 0.000000
0.999801 -0.019948 0.000000 112.070841 0.019948 0.999801 0.000000 5.250009 0.000000 0.000000 1.000000 0.000000
0.999730 -0.023245 0.000000 114.901129 0.023245 0.999730 0.000000 5.301630 0.000000 0.000000 1.000000 0.000000
0.999690 -0.024881 0.000000 117.670316 0.024881 0.999690 0.000000 5.376286 0.000000 0.000000 1.000000 0.000000
0.999662 -0.026003 0.000000 120.221748 0.026003 0.999662 0.000000 5.446403 0.000000 0.000000 1.000000 0.000000
0.999624 -0.027437 0.000000 122.720989 0.027437 0.999624 0.000000 5.514970 0.000000 0.000000 1.000000 0.000000
0.999578 -0.029045 0.000000 125.469359 0.029045 0.999578 0.000000 5.593032 0.000000 0.000000 1.000000 0.000000
0.999517 -0.031085 0.000000 128.190789 0.031085 0.999517 0.000000 5.663814 0.000000 0.000000 1.000000 0.000000
0.999437 -0.033563 0.000000 130.919027 0.033563 0.999437 0.000000 5.746142 0.000000 0.000000 1.000000 0.000000
0.999399 -0.034677 0.000000 133.614672 0.034677 0.999399 0.000000 5.832970 0.000000 0.000000 1.000000 0.000000
0.999336 -0.036426 0.000000 136.312278 0.036426 0.999336 0.000000 5.920427 0.000000 0.000000 1.000000 0.000000
0.999266 -0.038314 0.000000 139.098845 0.038314 0.999266 0.000000 6.026928 0.000000 0.000000 1.000000 0.000000
0.999154 -0.041132 0.000000 141.785824 0.041132 0.999154 0.000000 6.146006 0.000000 0.000000 1.000000 0.000000
0.999024 -0.044179 0.000000 144.575453 0.044179 0.999024 0.000000 6.230961 0.000000 0.000000 1.000000 0.000000
0.998890 -0.047101 0.000000 147.290155 0.047101 0.998890 0.000000 6.344847 0.000000 0.000000 1.000000 0.000000
0.998815 -0.048670 0.000000 149.923226 0.048670 0.998815 0.000000 6.469684 0.000000 0.000000 1.000000 0.000000
0.998701 -0.050961 0.000000 152.449173 0.050961 0.998701 0.000000 6.589533 0.000000 0.000000 1.000000 0.000000
0.998576 -0.053341 0.000000 155.184156 0.053341 0.998576 0.000000 6.731164 0.000000 0.000000 1.000000 0.000000
0.998454 -0.055577 0.000000 157.929300 0.055577 0.998454 0.000000 6.873721 0.000000 0.000000 1.000000 0.000000
0.998266 -0.058864 0.000000 160.644723 0.058864 0.998266 0.000000 7.018917 0.000000 0.000000 1.000000 0.000000
0.998127 -0.061184 0.000000 163.367535 0.061184 0.998127 0.000000 7.176677 0.000000 0.000000 1.000000 0.000000
0.998012 -0.063017 0.000000 166.052774 0.063017 0.998012 0.000000 7.336645 0.000000 0.000000 1.000000 0.000000
0.997870 -0.065230 0.000000 168.744085 0.065230 0.997870 0.000000 7.494915 0.000000 0.000000 1.000000 0.000000
0.997708 -0.067672 0.000000 171.369103 0.067672 0.997708 0.000000 7.661153 0.000000 0.000000 1.000000 0.000000
0.997553 -0.069908 0.000000 174.011729 0.069908 0.997553 0.000000 7.832447 0.000000 0.000000 1.000000 0.000000
0.997343 -0.072849 0.000000 176.642093 0.072849 0.997343 0.000000 8.012428 0.000000 0.000000 1.000000 0.000000
0.997181 -0.075029 0.000000 179.268436 0.075029 0.997181 0.000000 8.202312 0.000000 0.000000 1.000000 0.000000
0.996990 -0.077531 0.000000 181.871796 0.077531 0.996990 0.000000 8.389516 0.000000 0.000000 1.000000 0.000000
0.996823 -0.079647 0.000000 184.488382 0.079647 0.996823 0.000000 8.598508 0.000000 0.000000 1.000000 0.000000
0.996695 -0.081239 0.000000 187.076510 0.081239 0.996695 0.000000 8.807227 0.000000 0.000000 1.000000 0.000000
0.996360 -0.085246 0.000000 189.637119 0.085246 0.996360 0.000000 9.013199 0.000000 0.000000 1.000000 0.000000
0.995904 -0.090412 0.000000 192.192403 0.090412 0.995904 0.000000 9.236153 0.000000 0.000000 1.000000 0.000000
0.995322 -0.096610 0.000000 194.656518 0.096610 0.995322 0.000000 9.476259 0.000000 0.000000 1.000000 0.000000
0.994361 -0.106050 0.000000 197.137409 0.106050 0.994361 0.000000 9.723737 0.000000 0.000000 1.000000 0.000000
0.992983 -0.118257 0.000000 199.585340 0.118257 0.992983 0.000000 10.002517 0.000000 0.000000 1.000000 0.000000
0.991421 -0.130709 0.000000 201.998234 0.130709 0.991421 0.000000 10.306288 0.000000 0.000000 1.000000 0.000000
0.990216 -0.139544 0.000000 204.407239 0.139544 0.990216 0.000000 10.639117 0.000000 0.000000 1.000000 0.000000
0.989055 -0.147546 0.000000 206.771695 0.147546 0.989055 0.000000 10.979765 0.000000 0.000000 1.000000 0.000000
0.987910 -0.155027 0.000000 208.797766 0.155027 0.987910 0.000000 11.297992 0.000000 0.000000 1.000000 0.000000
0.986965 -0.160938 0.000000 210.954465 0.160938 0.986965 0.000000 11.645015 0.000000 0.000000 1.000000 0.000000
0.986081 -0.166264 0.000000 213.212489 0.166264 0.986081 0.000000 12.014921 0.000000 0.000000 1.000000 0.000000
0.985720 -0.168391 0.000000 215.461459 0.168391 0.985720 0.000000 12.393781 0.000000 0.000000 1.000000 0.000000
0.985303 -0.170818 0.000000 217.690638 0.170818 0.985303 0.000000 12.778527 0.000000 0.000000 1.000000 0.000000
0.984811 -0.173630 0.000000 219.909254 0.173630 0.984811 0.000000 13.159064 0.000000 0.000000 1.000000 0.000000
0.983893 -0.178760 0.000000 222.116776 0.178760 0.983893 0.000000 13.547448 0.000000 0.000000 1.000000 0.000000
0.982816 -0.184586 0.000000 224.283412 0.184586 0.982816 0.000000 13.941205 0.000000 0.000000 1.000000 0.000000
0.981490 -0.191516 0.000000 226.444574 0.191516 0.981490 0.000000 14.345402 0.000000 0.000000 1.000000 0.000000
0.980043 -0.198787 0.000000 228.598042 0.198787 0.980043 0.000000 14.768082 0.000000 0.000000 1.000000 0.000000
0.978663 -0.205472 0.000000 230.739162 0.205472 0.978663 0.000000 15.202421 0.000000 0.000000 1.000000 0.000000
0.977416 -0.211327 0.000000 232.854201 0.211327 0.977416 0.000000 15.642092 0.000000 0.000000 1.000000 0.000000
0.976424 -0.215863 0.000000 234.946084 0.215863 0.976424 0.000000 16.086415 0.000000 0.000000 1.000000 0.000000
0.975959 -0.217954 0.000000 237.041533 0.217954 0.975959 0.000000 16.540254 0.000000 0.000000 1.000000 0.000000
0.975990 -0.217815 0.000000 239.092853 0.217815 0.975990 0.000000 16.988519 0.000000 0.000000 1.000000 0.000000
0.976775 -0.214267 0.000000 241.117960 0.214267 0.976775 0.000000 17.423767 0.000000 0.000000 1.000000 0.000000
0.978707 -0.205262 0.000000 243.153499 0.205262 0.978707 0.000000 17.844020 0.000000 0.000000 1.000000 0.000000
0.981421 -0.191867 0.000000 245.191223 0.191867 0.981421 0.000000 18.239554 0.000000 0.000000 1.000000 0.000000
0.984079 -0.177734 0.000000 247.243738 0.177734 0.984079 0.000000 18.608503 0.000000 0.000000 1.000000 0.000000
0.986100 -0.166153 0.000000 249.346041 0.166153 0.986100 0.000000 18.956122 0.000000 0.000000 1.000000 0.000000
0.987926 -0.154924 0.000000 251.462398 0.154924 0.987926 0.000000 19.284532 0.000000 0.000000 1.000000 0.000000
0.988970 -0.148118 0.000000 253.596098 0.148118 0.988970 0.000000 19.594060 0.000000 0.000000 1.000000 0.000000
0.989803 -0.142441 0.000000 255.744491 0.142441 0.989803 0.000000 19.897879 0.000000 0.000000 1.000000 0.000000
0.990459 -0.137808 0.000000 257.837070 0.137808 0.990459 0.000000 20.185763 0.000000 0.000000 1.000000 0.000000
0.990728 -0.135862 0.000000 259.805219 0.135862 0.990728 0.000000 20.453222 0.000000 0.000000 1.000000 0.000000
0.990852 -0.134956 0.000000 261.925116 0.134956 0.990852 0.000000 20.738077 0.000000 0.000000 1.000000 0.000000
0.990791 -0.135401 0.000000 264.181138 0.135401 0.990791 0.000000 21.038376 0.000000 0.000000 1.000000 0.000000
0.990710 -0.135992 0.000000 266.474884 0.135992 0.990710 0.000000 21.345262 0.000000 0.000000 1.000000 0.000000
0.990636 -0.136528 0.000000 268.719779 0.136528 0.990636 0.000000 21.648516 0.000000 0.000000 1.000000 0.000000
0.990394 -0.138272 0.000000 270.790590 0.138272 0.990394 0.000000 21.911608 0.000000 0.000000 1.000000 0.000000
0.990311 -0.138868 0.000000 273.095545 0.138868 0.990311 0.000000 22.215105 0.000000 0.000000 1.000000 0.000000
0.990191 -0.139717 0.000000 275.418369 0.139717 0.990191 0.000000 22.520344 0.000000 0.000000 1.000000 0.000000
0.990414 -0.138133 0.000000 277.734795 0.138133 0.990414 0.000000 22.837193 0.000000 0.000000 1.000000 0.000000
0.990663 -0.136334 0.000000 280.041667 0.136334 0.990663 0.000000 23.141416 0.000000 0.000000 1.000000 0.000000
0.990925 -0.134417 0.000000 282.097749 0.134417 0.990925 0.000000 23.405041 0.000000 0.000000 1.000000 0.000000
0.991360 -0.131173 0.000000 284.193576 0.131173 0.991360 0.000000 23.672345 0.000000 0.000000 1.000000 0.000000
0.991810 -0.127719 0.000000 286.369517 0.127719 0.991810 0.000000 23.940167 0.000000 0.000000 1.000000 0.000000
0.992263 -0.124150 0.000000 288.594654 0.124150 0.992263 0.000000 24.209999 0.000000 0.000000 1.000000 0.000000
0.992743 -0.120254 0.000000 290.802831 0.120254 0.992743 0.000000 24.468535 0.000000 0.000000 1.000000 0.000000
0.993150 -0.116847 0.000000 293.013515 0.116847 0.993150 0.000000 24.739241 0.000000 0.000000 1.000000 0.000000
0.993736 -0.111749 0.000000 295.258969 0.111749 0.993736 0.000000 24.987249 0.000000 0.000000 1.000000 0.000000
0.994097 -0.108497 0.000000 297.481136 0.108497 0.994097 0.000000 25.210607 0.000000 0.000000 1.000000 0.000000
0.994546 -0.104295 0.000000 299.713904 0.104295 0.994546 0.000000 25.438393 0.000000 0.000000 1.000000 0.000000
0.994994 -0.099933 0.000000 301.959210 0.099933 0.994994 0.000000 25.669850 0.000000 0.000000 1.000000 0.000000
0.995280 -0.097050 0.000000 304.135449 0.097050 0.995280 0.000000 25.879293 0.000000 0.000000 1.000000 0.000000
0.995586 -0.093850 0.000000 306.318367 0.093850 0.995586 0.000000 26.078010 0.000000 0.000000 1.000000 0.000000
0.995763 -0.091954 0.000000 308.438259 0.091954 0.995763 0.000000 26.262676 0.000000 0.000000 1.000000 0.000000
0.995983 -0.089541 0.000000 310.506661 0.089541 0.995983 0.000000 26.437536 0.000000 0.000000 1.000000 0.000000
0.996207 -0.087017 0.000000 312.708387 0.087017 0.996207 0.000000 26.633323 0.000000 0.000000 1.000000 0.000000
0.996505 -0.083536 0.000000 314.857553 0.083536 0.996505 0.000000 26.807618 0.000000 0.000000 1.000000 0.000000
0.996722 -0.080904 0.000000 316.848574 0.080904 0.996722 0.000000 26.962325 0.000000 0.000000 1.000000 0.000000
0.996931 -0.078289 0.000000 318.922297 0.078289 0.996931 0.000000 27.120143 0.000000 0.000000 1.000000 0.000000
0.997035 -0.076946 0.000000 321.126930 0.076946 0.997035 0.000000 27.276371 0.000000 0.000000 1.000000 0.000000
0.997192 -0.074886 0.000000 323.313486 0.074886 0.997192 0.000000 27.431829 0.000000 0.000000 1.000000 0.000000
0.997378 -0.072369 0.000000 325.512784 0.072369 0.997378 0.000000 27.585690 0.000000 0.000000 1.000000 0.000000
0.997350 -0.072758 0.000000 327.717941 0.072758 0.997350 0.000000 27.733508 0.000000 0.000000 1.000000 0.000000
0.997418 -0.071810 0.000000 329.955227 0.071810 0.997418 0.000000 27.891862 0.000000 0.000000 1.000000 0.000000
0.997467 -0.071132 0.000000 332.232146 0.071132 0.997467 0.000000 28.052780 0.000000 0.000000 1.000000 0.000000
0.997502 -0.070634 0.000000 334.528751 0.070634 0.997502 0.000000 28.205834 0.000000 0.000000 1.000000 0.000000
0.997523 -0.070347 0.000000 336.706825 0.070347 0.997523 0.000000 28.354929 0.000000 0.000000 1.000000 0.000000
0.997490 -0.070813 0.000000 338.976293 0.070813 0.997490 0.000000 28.509120 0.000000 0.000000 1.000000 0.000000
0.997529 -0.070256 0.000000 341.347532 0.070256 0.997529 0.000000 28.670258 0.000000 0.000000 1.000000 0.000000
0.997551 -0.069941 0.000000 343.695886 0.069941 0.997551 0.000000 28.826197 0.000000 0.000000 1.000000 0.000000
0.997650 -0.068518 0.000000 345.901412 0.068518 0.997650 0.000000 28.970162 0.000000 0.000000 1.000000 0.000000
0.997774 -0.066685 0.000000 348.115819 0.066685 0.997774 0.000000 29.107090 0.000000 0.000000 1.000000 0.000000
0.997972 -0.063653 0.000000 350.342168 0.063653 0.997972 0.000000 29.246502 0.000000 0.000000 1.000000 0.000000
0.998265 -0.058879 0.000000 352.590837 0.058879 0.998265 0.000000 29.376226 0.000000 0.000000 1.000000 0.000000
0.998656 -0.051824 0.000000 354.876752 0.051824 0.998656 0.000000 29.496461 0.000000 0.000000 1.000000 0.000000
0.999155 -0.041095 0.000000 357.246227 0.041095 0.999155 0.000000 29.602809 0.000000 0.000000 1.000000 0.000000
0.999525 -0.030833 0.000000 359.592476 0.030833 0.999525 0.000000 29.679429 0.000000 0.000000 1.000000 0.000000
0.999812 -0.019379 0.000000 361.896701 0.019379 0.999812 0.000000 29.729612 0.000000 0.000000 1.000000 0.000000
0.999949 -0.010076 0.000000 364.210003 0.010076 0.999949 0.000000 29.756753 0.000000 0.000000 1.000000 0.000000
0.999999 -0.001266 0.000000 366.509235 0.001266 0.999999 0.000000 29.762649 0.000000 0.000000 1.000000 0.000000
0.999987 0.005188 0.000000 368.832137 -0.005188 0.999987 -0.000000 29.748029 -0.000000 0.000000 1.000000 0.000000
0.999943 0.010646 0.000000 371.199667 -0.010646 0.999943 -0.000000 29.722611 -0.000000 0.000000 1.000000 0.000000
0.999912 0.013289 0.000000 373.547317 -0.013289 0.999912 -0.000000 29.688659 -0.000000 0.000000 1.000000 0.000000
0.999895 0.014517 0.000000 375.878133 -0.014517 0.999895 -0.000000 29.642397 -0.000000 0.000000 1.000000 0.000000
0.999914 0.013096 0.000000 378.262431 -0.013096 0.999914 -0.000000 29.599490 -0.000000 0.000000 1.000000 0.000000
0.999938 0.011095 0.000000 380.655248 -0.011095 0.999938 -0.000000 29.555823 -0.000000 0.000000 1.000000 0.000000
0.999980 0.006353 0.000000 383.044604 -0.006353 0.999980 -0.000000 29.512199 -0.000000 0.000000 1.000000 0.000000
0.999999 -0.001460 0.000000 385.414886 0.001460 0.999999 0.000000 29.492881 0.000000 0.000000 1.000000 0.000000
0.999932 -0.011700 0.000000 387.866857 0.011700 0.999932 0.000000 29.495432 0.000000 0.000000 1.000000 0.000000
0.999762 -0.021794 0.000000 390.430061 0.021794 0.999762 0.000000 29.520217 0.000000 0.000000 1.000000 0.000000
0.999546 -0.030141 0.000000 393.036046 0.030141 0.999546 0.000000 29.568759 0.000000 0.000000 1.000000 0.000000
0.999240 -0.038970 0.000000 395.568469 0.038970 0.999240 0.000000 29.628897 0.000000 0.000000 1.000000 0.000000
0.998977 -0.045216 0.000000 398.061707 0.045216 0.998977 0.000000 29.711908 0.000000 0.000000 1.000000 0.000000
0.998880 -0.047321 0.000000 400.551917 0.047321 0.998880 0.000000 29.806078 0.000000 0.000000 1.000000 0.000000
0.998860 -0.047734 0.000000 402.941400 0.047734 0.998860 0.000000 29.904303 0.000000 0.000000 1.000000 0.000000
0.998902 -0.046847 0.000000 405.237306 0.046847 0.998902 0.000000 29.991738 0.000000 0.000000 1.000000 0.000000
0.998901 -0.046860 0.000000 407.645446 0.046860 0.998901 0.000000 30.085212 0.000000 0.000000 1.000000 0.000000
0.998862 -0.047690 0.000000 410.044210 0.047690 0.998862 0.000000 30.180013 0.000000 0.000000 1.000000 0.000000
0.998699 -0.050997 0.000000 412.248481 0.050997 0.998699 0.000000 30.272195 0.000000 0.000000 1.000000 0.000000
0.998412 -0.056333 0.000000 414.332082 0.056333 0.998412 0.000000 30.366478 0.000000 0.000000 1.000000 0.000000
0.998053 -0.062371 0.000000 416.403841 0.062371 0.998053 0.000000 30.473928 0.000000 0.000000 1.000000 0.000000
0.997701 -0.067767 0.000000 418.502149 0.067767 0.997701 0.000000 30.597080 0.000000 0.000000 1.000000 0.000000
0.997312 -0.073265 0.000000 420.599092 0.073265 0.997312 0.000000 30.732590 0.000000 0.000000 1.000000 0.000000
0.996952 -0.078013 0.000000 422.653284 0.078013 0.996952 0.000000 30.876850 0.000000 0.000000 1.000000 0.000000
0.996681 -0.081405 0.000000 424.646479 0.081405 0.996681 0.000000 31.017127 0.000000 0.000000 1.000000 0.000000
0.996571 -0.082738 0.000000 426.556558 0.082738 0.996571 0.000000 31.161755 0.000000 0.000000 1.000000 0.000000
0.996851 -0.079295 0.000000 428.404372 0.079295 0.996851 0.000000 31.296487 0.000000 0.000000 1.000000 0.000000
0.997267 -0.073880 0.000000 430.147938 0.073880 0.997267 0.000000 31.414230 0.000000 0.000000 1.000000 0.000000
0.997873 -0.065184 0.000000 431.798942 0.065184 0.997873 0.000000 31.513076 0.000000 0.000000 1.000000 0.000000
0.998800 -0.048982 0.000000 433.375173 0.048982 0.998800 0.000000 31.583055 0.000000 0.000000 1.000000 0.000000
0.999716 -0.023845 0.000000 434.880518 0.023845 0.999716 0.000000 31.607413 0.000000 0.000000 1.000000 0.000000
0.999830 0.018464 0.000000 436.315506 -0.018464 0.999830 -0.000000 31.570648 -0.000000 0.000000 1.000000 0.000000
0.996922 0.078404 0.000000 437.628396 -0.078404 0.996922 -0.000000 31.449259 -0.000000 0.000000 1.000000 0.000000
0.989759 0.142752 0.000000 438.877124 -0.142752 0.989759 -0.000000 31.246421 -0.000000 0.000000 1.000000 0.000000
0.978152 0.207893 0.000000 440.051365 -0.207893 0.978152 -0.000000 30.974324 -0.000000 0.000000 1.000000 0.000000
0.961095 0.276217 0.000000 441.135225 -0.276217 0.961095 -0.000000 30.644903 -0.000000 0.000000 1.000000 0.000000
0.939302 0.343092 0.000000 442.119550 -0.343092 0.939302 -0.000000 30.260627 -0.000000 0.000000 1.000000 0.000000
0.913250 0.407401 0.000000 443.015064 -0.407401 0.913250 -0.000000 29.830653 -0.000000 0.000000 1.000000 0.000000
0.881805 0.471615 0.000000 443.833632 -0.471615 0.881805 -0.000000 29.361782 -0.000000 0.000000 1.000000 0.000000
0.845317 0.534266 0.000000 444.575920 -0.534266 0.845317 -0.000000 28.862390 -0.000000 0.000000 1.000000 0.000000
0.803786 0.594919 0.000000 445.249394 -0.594919 0.803786 -0.000000 28.330506 -0.000000 0.000000 1.000000 0.000000
0.751376 0.659874 0.000000 445.857150 -0.659874 0.751376 -0.000000 27.752638 -0.000000 0.000000 1.000000 0.000000
0.690191 0.723628 0.000000 446.400551 -0.723628 0.690191 -0.000000 27.122740 -0.000000 0.000000 1.000000 0.000000
0.619820 0.784744 0.000000 446.880744 -0.784744 0.619820 -0.000000 26.456815 -0.000000 0.000000 1.000000 0.000000
0.540993 0.841027 0.000000 447.299683 -0.841027 0.540993 -0.000000 25.744302 -0.000000 0.000000 1.000000 0.000000
0.453806 0.891101 0.000000 447.642289 -0.891101 0.453806 -0.000000 24.969901 -0.000000 0.000000 1.000000 0.000000
0.357581 0.933882 0.000000 447.912958 -0.933882 0.357581 -0.000000 24.144347 -0.000000 0.000000 1.000000 0.000000
0.250179 0.968200 0.000000 448.080503 -0.968200 0.250179 -0.000000 23.302710 -0.000000 0.000000 1.000000 0.000000
0.134069 0.990972 0.000000 448.157957 -0.990972 0.134069 -0.000000 22.400464 -0.000000 0.000000 1.000000 0.000000
0.011645 0.999932 0.000000 448.124791 -0.999932 0.011645 -0.000000 21.459425 -0.000000 0.000000 1.000000 0.000000
-0.114141 0.993465 0.000000 447.966560 -0.993465 -0.114141 -0.000000 20.493446 -0.000000 0.000000 1.000000 0.000000
-0.235788 0.971804 0.000000 447.687438 -0.971804 -0.235788 -0.000000 19.514450 -0.000000 0.000000 1.000000 0.000000
-0.351196 0.936302 0.000000 447.270457 -0.936302 -0.351196 -0.000000 18.551729 -0.000000 0.000000 1.000000 0.000000
-0.461626 0.887074 0.000000 446.721607 -0.887074 -0.461626 -0.000000 17.591319 -0.000000 0.000000 1.000000 0.000000
-0.560010 0.828486 0.000000 446.042371 -0.828486 -0.560010 -0.000000 16.642856 -0.000000 0.000000 1.000000 0.000000
-0.647724 0.761875 0.000000 445.210308 -0.761875 -0.647724 0.000000 15.720467 0.000000 0.000000 1.000000 0.000000
-0.723370 0.690461 0.000000 444.246939 -0.690461 -0.723370 0.000000 14.830754 0.000000 0.000000 1.000000 0.000000
-0.784379 0.620282 0.000000 443.145299 -0.620282 -0.784379 0.000000 13.980848 0.000000 0.000000 1.000000 0.000000
