1.000000 -0.000067 0.000000 -0.000426 0.000067 1.000000 0.000000 0.000678 0.000000 0.000000 1.000000 0.000000
1.000000 -0.000091 0.000000 -0.000556 0.000091 1.000000 0.000000 0.000749 0.000000 0.000000 1.000000 0.000000
1.000000 -0.000122 0.000000 -0.000774 0.000122 1.000000 0.000000 0.000920 0.000000 0.000000 1.000000 0.000000
1.000000 -0.000149 0.000000 -0.000964 0.000149 1.000000 0.000000 0.001109 0.000000 0.000000 1.000000 0.000000
1.000000 -0.000173 0.000000 -0.001112 0.000173 1.000000 0.000000 0.001299 0.000000 0.000000 1.000000 0.000000
1.000000 -0.000173 0.000000 -0.001350 0.000173 1.000000 0.000000 0.001553 0.000000 0.000000 1.000000 0.000000
1.000000 -0.000190 0.000000 -0.001475 0.000190 1.000000 0.000000 0.001770 0.000000 0.000000 1.000000 0.000000
1.000000 -0.000207 0.000000 -0.001717 0.000207 1.000000 0.000000 0.001975 0.000000 0.000000 1.000000 0.000000
1.000000 -0.000221 0.000000 -0.001891 0.000221 1.000000 0.000000 0.002199 0.000000 0.000000 1.000000 0.000000
1.000000 -0.000249 0.000000 -0.001999 0.000249 1.000000 0.000000 0.002372 0.000000 0.000000 1.000000 0.000000
1.000000 -0.000277 0.000000 -0.002189 0.000277 1.000000 0.000000 0.002533 0.000000 0.000000 1.000000 0.000000
1.000000 -0.000304 0.000000 -0.002470 0.000304 1.000000 0.000000 0.002651 0.000000 0.000000 1.000000 0.000000
1.000000 -0.000322 0.000000 -0.002545 0.000322 1.000000 0.000000 0.002859 0.000000 0.000000 1.000000 0.000000
1.000000 -0.000359 0.000000 -0.002724 0.000359 1.000000 0.000000 0.003020 0.000000 0.000000 1.000000 0.000000
1.000000 -0.000385 0.000000 -0.002970 0.000385 1.000000 0.000000 0.003191 0.000000 0.000000 1.000000 0.000000
1.000000 -0.000384 0.000000 -0.003060 0.000384 1.000000 0.000000 0.003440 0.000000 0.000000 1.000000 0.000000
1.000000 -0.000410 0.000000 -0.003212 0.000410 1.000000 0.000000 0.003619 0.000000 0.000000 1.000000 0.000000
1.000000 -0.000421 0.000000 -0.003370 0.000421 1.000000 0.000000 0.003831 0.000000 0.000000 1.000000 0.000000
1.000000 -0.000446 0.000000 -0.003559 0.000446 1.000000 0.000000 0.004028 0.000000 0.000000 1.000000 0.000000
1.000000 -0.000475 0.000000 -0.003841 0.000475 1.000000 0.000000 0.004179 0.000000 0.000000 1.000000 0.000000
1.000000 -0.000509 0.000000 -0.003773 0.000509 1.000000 0.000000 0.004331 0.000000 0.000000 1.000000 0.000000
1.000000 -0.000546 0.000000 -0.004129 0.000546 1.000000 0.000000 0.004481 0.000000 0.000000 1.000000 0.000000
1.000000 -0.000570 0.000000 -0.004387 0.000570 1.000000 0.000000 0.004695 0.000000 0.000000 1.000000 0.000000
1.000000 -0.000601 0.000000 -0.004694 0.000601 1.000000 0.000000 0.004839 0.000000 0.000000 1.000000 0.000000
1.000000 -0.000644 0.000000 -0.005113 0.000644 1.000000 0.000000 0.004991 0.000000 0.000000 1.000000 0.000000
1.000000 -0.000695 0.000000 -0.005483 0.000695 1.000000 0.000000 0.005079 0.000000 0.000000 1.000000 0.000000
1.000000 -0.000741 0.000000 -0.005597 0.000741 1.000000 0.000000 0.005053 0.000000 0.000000 1.000000 0.000000
1.000000 -0.000778 0.000000 -0.005665 0.000778 1.000000 0.000000 0.005207 0.000000 0.000000 1.000000 0.000000
1.000000 -0.000808 0.000000 -0.005909 0.000808 1.000000 0.000000 0.005362 0.000000 0.000000 1.000000 0.000000
1.000000 -0.000820 0.000000 -0.006233 0.000820 1.000000 0.000000 0.005501 0.000000 0.000000 1.000000 0.000000
1.000000 -0.000850 0.000000 -0.006388 0.000850 1.000000 0.000000 0.005642 0.000000 0.000000 1.000000 0.000000
1.000000 -0.000870 0.000000 -0.006418 0.000870 1.000000 0.000000 0.005778 0.000000 0.000000 1.000000 0.000000
1.000000 -0.000902 0.000000 -0.006973 0.000902 1.000000 0.000000 0.005855 0.000000 0.000000 1.000000 0.000000
1.000000 -0.000920 0.000000 -0.007371 0.000920 1.000000 0.000000 0.005978 0.000000 0.000000 1.000000 0.000000
1.000000 -0.000933 0.000000 -0.007543 0.000933 1.000000 0.000000 0.006101 0.000000 0.000000 1.000000 0.000000
1.000000 -0.000978 0.000000 -0.007827 0.000978 1.000000 0.000000 0.006162 0.000000 0.000000 1.000000 0.000000
1.000000 -0.000996 0.000000 -0.008239 0.000996 1.000000 0.000000 0.006341 0.000000 0.000000 1.000000 0.000000
0.999999 -0.001037 0.000000 -0.008390 0.001037 0.999999 0.000000 0.006362 0.000000 0.000000 1.000000 0.000000
0.999999 -0.001066 0.000000 -0.008621 0.001066 0.999999 0.000000 0.006511 0.000000 0.000000 1.000000 0.000000
0.999999 -0.001102 0.000000 -0.008960 0.001102 0.999999 0.000000 0.006615 0.000000 0.000000 1.000000 0.000000
0.999999 -0.001132 0.000000 -0.009194 0.001132 0.999999 0.000000 0.006723 0.000000 0.000000 1.000000 0.000000
0.999999 -0.001141 0.000000 -0.009460 0.001141 0.999999 0.000000 0.006943 0.000000 0.000000 1.000000 0.000000
0.999999 -0.001160 0.000000 -0.009586 0.001160 0.999999 0.000000 0.007142 0.000000 0.000000 1.000000 0.000000
0.999999 -0.001192 0.000000 -0.009769 0.001192 0.999999 0.000000 0.007277 0.000000 0.000000 1.000000 0.000000
0.999999 -0.001219 0.000000 -0.009679 0.001219 0.999999 0.000000 0.007456 0.000000 0.000000 1.000000 0.000000
0.999999 -0.001236 0.000000 -0.009820 0.001236 0.999999 0.000000 0.007637 0.000000 0.000000 1.000000 0.000000
0.999999 -0.001266 0.000000 -0.009965 0.001266 0.999999 0.000000 0.007712 0.000000 0.000000 1.000000 0.000000
0.999999 -0.001282 0.000000 -0.010202 0.001282 0.999999 0.000000 0.007797 0.000000 0.000000 1.000000 0.000000
0.999999 -0.001313 0.000000 -0.010260 0.001313 0.999999 0.000000 0.007853 0.000000 0.000000 1.000000 0.000000
0.999999 -0.001368 0.000000 -0.010532 0.001368 0.999999 0.000000 0.007897 0.000000 0.000000 1.000000 0.000000
0.999999 -0.001397 0.000000 -0.010396 0.001397 0.999999 0.000000 0.008004 0.000000 0.000000 1.000000 0.000000
0.999999 -0.001437 0.000000 -0.010498 0.001437 0.999999 0.000000 0.008062 0.000000 0.000000 1.000000 0.000000
0.999999 -0.001456 0.000000 -0.010593 0.001456 0.999999 0.000000 0.008160 0.000000 0.000000 1.000000 0.000000
0.999999 -0.001499 0.000000 -0.010808 0.001499 0.999999 0.000000 0.008256 0.000000 0.000000 1.000000 0.000000
0.999999 -0.001531 0.000000 -0.010900 0.001531 0.999999 0.000000 0.008372 0.000000 0.000000 1.000000 0.000000
0.999999 -0.001571 0.000000 -0.011081 0.001571 0.999999 0.000000 0.008464 0.000000 0.000000 1.000000 0.000000
0.999999 -0.001604 0.000000 -0.011251 0.001604 0.999999 0.000000 0.008580 0.000000 0.000000 1.000000 0.000000
0.999999 -0.001638 0.000000 -0.011490 0.001638 0.999999 0.000000 0.008678 0.000000 0.000000 1.000000 0.000000
0.999999 -0.001680 0.000000 -0.011705 0.001680 0.999999 0.000000 0.008740 0.000000 0.000000 1.000000 0.000000
0.999999 -0.001722 0.000000 -0.011782 0.001722 0.999999 0.000000 0.008873 0.000000 0.000000 1.000000 0.000000
0.999998 -0.001779 0.000000 -0.011938 0.001779 0.999998 0.000000 0.008927 0.000000 0.000000 1.000000 0.000000
0.999998 -0.001820 0.000000 -0.012071 0.001820 0.999998 0.000000 0.009077 0.000000 0.000000 1.000000 0.000000
0.999998 -0.001884 0.000000 -0.012291 0.001884 0.999998 0.000000 0.009055 0.000000 0.000000 1.000000 0.000000
0.999998 -0.001908 0.000000 -0.012380 0.001908 0.999998 0.000000 0.009204 0.000000 0.000000 1.000000 0.000000
0.999998 -0.001934 0.000000 -0.012436 0.001934 0.999998 0.000000 0.009257 0.000000 0.000000 1.000000 0.000000
0.999998 -0.001971 0.000000 -0.012544 0.001971 0.999998 0.000000 0.009289 0.000000 0.000000 1.000000 0.000000
0.999998 -0.002000 0.000000 -0.012921 0.002000 0.999998 0.000000 0.009685 0.000000 0.000000 1.000000 0.000000
0.999998 -0.002136 0.000000 -0.008852 0.002136 0.999998 0.000000 0.009729 0.000000 0.000000 1.000000 0.000000
0.999997 -0.002597 0.000000 0.011377 0.002597 0.999997 0.000000 0.008480 0.000000 0.000000 1.000000 0.000000
0.999993 -0.003629 0.000000 0.040203 0.003629 0.999993 0.000000 0.007895 0.000000 0.000000 1.000000 0.000000
0.999985 -0.005501 0.000000 0.117883 0.005501 0.999985 0.000000 0.010032 0.000000 0.000000 1.000000 0.000000
0.999956 -0.009383 0.000000 0.243184 0.009383 0.999956 0.000000 0.012852 0.000000 0.000000 1.000000 0.000000
0.999871 -0.016091 0.000000 0.388110 0.016091 0.999871 0.000000 0.016624 0.000000 0.000000 1.000000 0.000000
0.999632 -0.027130 0.000000 0.655722 0.027130 0.999632 0.000000 0.029464 0.000000 0.000000 1.000000 0.000000
0.999148 -0.041271 0.000000 1.017443 0.041271 0.999148 0.000000 0.050767 0.000000 0.000000 1.000000 0.000000
0.998280 -0.058620 0.000000 1.480524 0.058620 0.998280 0.000000 0.087637 0.000000 0.000000 1.000000 0.000000
0.996736 -0.080726 0.000000 2.066035 0.080726 0.996736 0.000000 0.142014 0.000000 0.000000 1.000000 0.000000
0.994666 -0.103148 0.000000 2.765373 0.103148 0.994666 0.000000 0.223150 0.000000 0.000000 1.000000 0.000000
0.992889 -0.119048 0.000000 3.574595 0.119048 0.992889 0.000000 0.321991 0.000000 0.000000 1.000000 0.000000
0.992350 -0.123456 0.000000 4.524095 0.123456 0.992350 0.000000 0.434703 0.000000 0.000000 1.000000 0.000000
0.992728 -0.120380 0.000000 5.602832 0.120380 0.992728 0.000000 0.554409 0.000000 0.000000 1.000000 0.000000
0.992867 -0.119224 0.000000 6.811756 0.119224 0.992867 0.000000 0.695730 0.000000 0.000000 1.000000 0.000000
0.992664 -0.120908 0.000000 8.152961 0.120908 0.992664 0.000000 0.839063 0.000000 0.000000 1.000000 0.000000
0.993232 -0.116148 0.000000 9.612669 0.116148 0.993232 0.000000 1.004592 0.000000 0.000000 1.000000 0.000000
0.993783 -0.111337 0.000000 11.186913 0.111337 0.993783 0.000000 1.171517 0.000000 0.000000 1.000000 0.000000
0.994062 -0.108817 0.000000 12.782756 0.108817 0.994062 0.000000 1.333733 0.000000 0.000000 1.000000 0.000000
0.994176 -0.107767 0.000000 14.243095 0.107767 0.994176 0.000000 1.474012 0.000000 0.000000 1.000000 0.000000
0.994519 -0.104559 0.000000 16.086108 0.104559 0.994519 0.000000 1.652400 0.000000 0.000000 1.000000 0.000000
0.994706 -0.102760 0.000000 17.992870 0.102760 0.994706 0.000000 1.831411 0.000000 0.000000 1.000000 0.000000
0.995053 -0.099346 0.000000 19.932978 0.099346 0.995053 0.000000 2.006323 0.000000 0.000000 1.000000 0.000000
0.995293 -0.096912 0.000000 21.909839 0.096912 0.995293 0.000000 2.181059 0.000000 0.000000 1.000000 0.000000
0.995634 -0.093346 0.000000 23.944962 0.093346 0.995634 0.000000 2.359103 0.000000 0.000000 1.000000 0.000000
0.996007 -0.089279 0.000000 25.993745 0.089279 0.996007 0.000000 2.529140 0.000000 0.000000 1.000000 0.000000
0.996265 -0.086348 0.000000 28.111349 0.086348 0.996265 0.000000 2.698529 0.000000 0.000000 1.000000 0.000000
0.996579 -0.082642 0.000000 30.254043 0.082642 0.996579 0.000000 2.867482 0.000000 0.000000 1.000000 0.000000
0.996877 -0.078969 0.000000 32.396689 0.078969 0.996877 0.000000 3.019102 0.000000 0.000000 1.000000 0.000000
0.997048 -0.076776 0.000000 34.619855 0.076776 0.997048 0.000000 3.178661 0.000000 0.000000 1.000000 0.000000
0.997221 -0.074506 0.000000 36.884004 0.074506 0.997221 0.000000 3.331947 0.000000 0.000000 1.000000 0.000000
0.997293 -0.073529 0.000000 39.142813 0.073529 0.997293 0.000000 3.487219 0.000000 0.000000 1.000000 0.000000
0.997391 -0.072195 0.000000 41.418421 0.072195 0.997391 0.000000 3.642930 0.000000 0.000000 1.000000 0.000000
0.997519 -0.070401 0.000000 43.722494 0.070401 0.997519 0.000000 3.795016 0.000000 0.000000 1.000000 0.000000
0.997464 -0.071174 0.000000 45.998925 0.071174 0.997464 0.000000 3.939212 0.000000 0.000000 1.000000 0.000000
0.997461 -0.071210 0.000000 48.310952 0.071210 0.997461 0.000000 4.095662 0.000000 0.000000 1.000000 0.000000
0.997470 -0.071089 0.000000 50.619107 0.071089 0.997470 0.000000 4.254006 0.000000 0.000000 1.000000 0.000000
0.997549 -0.069976 0.000000 52.923002 0.069976 0.997549 0.000000 4.408159 0.000000 0.000000 1.000000 0.000000
0.997715 -0.067564 0.000000 55.246791 0.067564 0.997715 0.000000 4.557310 0.000000 0.000000 1.000000 0.000000
0.997806 -0.066200 0.000000 57.561052 0.066200 0.997806 0.000000 4.700128 0.000000 0.000000 1.000000 0.000000
0.998001 -0.063192 0.000000 59.869419 0.063192 0.998001 0.000000 4.838141 0.000000 0.000000 1.000000 0.000000
0.998102 -0.061577 0.000000 62.203340 0.061577 0.998102 0.000000 4.970441 0.000000 0.000000 1.000000 0.000000
0.998294 -0.058393 0.000000 64.506612 0.058393 0.998294 0.000000 5.094438 0.000000 0.000000 1.000000 0.000000
0.998444 -0.055764 0.000000 66.813998 0.055764 0.998444 0.000000 5.211299 0.000000 0.000000 1.000000 0.000000
0.998645 -0.052030 0.000000 69.118476 0.052030 0.998645 0.000000 5.319971 0.000000 0.000000 1.000000 0.000000
0.998799 -0.049004 0.000000 71.405844 0.049004 0.998799 0.000000 5.424209 0.000000 0.000000 1.000000 0.000000
0.998863 -0.047682 0.000000 73.712635 0.047682 0.998863 0.000000 5.522311 0.000000 0.000000 1.000000 0.000000
0.998905 -0.046789 0.000000 76.022045 0.046789 0.998905 0.000000 5.626248 0.000000 0.000000 1.000000 0.000000
0.998900 -0.046884 0.000000 78.344456 0.046884 0.998900 0.000000 5.728799 0.000000 0.000000 1.000000 0.000000
0.998797 -0.049031 0.000000 80.674436 0.049031 0.998797 0.000000 5.829838 0.000000 0.000000 1.000000 0.000000
0.998589 -0.053107 0.000000 83.015363 0.053107 0.998589 0.000000 5.943532 0.000000 0.000000 1.000000 0.000000
0.998361 -0.057223 0.000000 85.379185 0.057223 0.998361 0.000000 6.071821 0.000000 0.000000 1.000000 0.000000
0.997978 -0.063562 0.000000 87.774460 0.063562 0.997978 0.000000 6.209747 0.000000 0.000000 1.000000 0.000000
0.997595 -0.069308 0.000000 90.152518 0.069308 0.997595 0.000000 6.365015 0.000000 0.000000 1.000000 0.000000
0.997071 -0.076475 0.000000 92.531355 0.076475 0.997071 0.000000 6.532091 0.000000 0.000000 1.000000 0.000000
0.996703 -0.081137 0.000000 94.947491 0.081137 0.996703 0.000000 6.715737 0.000000 0.000000 1.000000 0.000000
0.996523 -0.083319 0.000000 97.398084 0.083319 0.996523 0.000000 6.915864 0.000000 0.000000 1.000000 0.000000
0.996515 -0.083417 0.000000 99.624969 0.083417 0.996515 0.000000 7.096806 0.000000 0.000000 1.000000 0.000000
0.996476 -0.083882 0.000000 101.708333 0.083882 0.996476 0.000000 7.264023 0.000000 0.000000 1.000000 0.000000
0.996476 -0.083878 0.000000 104.203608 0.083878 0.996476 0.000000 7.469697 0.000000 0.000000 1.000000 0.000000
0.996388 -0.084920 0.000000 106.746575 0.084920 0.996388 0.000000 7.675658 0.000000 0.000000 1.000000 0.000000
0.996372 -0.085100 0.000000 109.281304 0.085100 0.996372 0.000000 7.882759 0.000000 0.000000 1.000000 0.000000
0.996298 -0.085967 0.000000 111.798799 0.085967 0.996298 0.000000 8.093923 0.000000 0.000000 1.000000 0.000000
0.996243 -0.086606 0.000000 114.305094 0.086606 0.996243 0.000000 8.311005 0.000000 0.000000 1.000000 0.000000
0.996273 -0.086259 0.000000 116.808090 0.086259 0.996273 0.000000 8.521969 0.000000 0.000000 1.000000 0.000000
0.996166 -0.087487 0.000000 119.336701 0.087487 0.996166 0.000000 8.732946 0.000000 0.000000 1.000000 0.000000
0.996216 -0.086912 0.000000 121.858192 0.086912 0.996216 0.000000 8.952050 0.000000 0.000000 1.000000 0.000000
0.996156 -0.087593 0.000000 124.396051 0.087593 0.996156 0.000000 9.170317 0.000000 0.000000 1.000000 0.000000
0.996144 -0.087730 0.000000 126.950874 0.087730 0.996144 0.000000 9.390795 0.000000 0.000000 1.000000 0.000000
0.996262 -0.086383 0.000000 129.541471 0.086383 0.996262 0.000000 9.615958 0.000000 0.000000 1.000000 0.000000
0.996332 -0.085566 0.000000 132.118822 0.085566 0.996332 0.000000 9.837551 0.000000 0.000000 1.000000 0.000000
0.996351 -0.085351 0.000000 134.714679 0.085351 0.996351 0.000000 10.062906 0.000000 0.000000 1.000000 0.000000
0.996330 -0.085594 0.000000 137.337515 0.085594 0.996330 0.000000 10.283615 0.000000 0.000000 1.000000 0.000000
0.996279 -0.086187 0.000000 139.948741 0.086187 0.996279 0.000000 10.505192 0.000000 0.000000 1.000000 0.000000
0.996252 -0.086494 0.000000 142.544707 0.086494 0.996252 0.000000 10.726870 0.000000 0.000000 1.000000 0.000000
0.996187 -0.087243 0.000000 145.150359 0.087243 0.996187 0.000000 10.952967 0.000000 0.000000 1.000000 0.000000
0.996114 -0.088073 0.000000 147.766201 0.088073 0.996114 0.000000 11.164887 0.000000 0.000000 1.000000 0.000000
0.996009 -0.089251 0.000000 150.354373 0.089251 0.996009 0.000000 11.391302 0.000000 0.000000 1.000000 0.000000
0.995938 -0.090039 0.000000 152.921271 0.090039 0.995938 0.000000 11.611816 0.000000 0.000000 1.000000 0.000000
0.995921 -0.090225 0.000000 155.482467 0.090225 0.995921 0.000000 11.837703 0.000000 0.000000 1.000000 0.000000
0.995952 -0.089887 0.000000 158.037419 0.089887 0.995952 0.000000 12.065940 0.000000 0.000000 1.000000 0.000000
0.995988 -0.089483 0.000000 160.562544 0.089483 0.995988 0.000000 12.283754 0.000000 0.000000 1.000000 0.000000
0.995980 -0.089575 0.000000 163.052503 0.089575 0.995980 0.000000 12.495837 0.000000 0.000000 1.000000 0.000000
0.996021 -0.089115 0.000000 165.523381 0.089115 0.996021 0.000000 12.706256 0.000000 0.000000 1.000000 0.000000
0.995939 -0.090035 0.000000 167.973372 0.090035 0.995939 0.000000 12.906802 0.000000 0.000000 1.000000 0.000000
0.995879 -0.090691 0.000000 170.433546 0.090691 0.995879 0.000000 13.111492 0.000000 0.000000 1.000000 0.000000
0.995720 -0.092425 0.000000 172.894685 0.092425 0.995720 0.000000 13.328662 0.000000 0.000000 1.000000 0.000000
0.995551 -0.094219 0.000000 175.359469 0.094219 0.995551 0.000000 13.551594 0.000000 0.000000 1.000000 0.000000
0.995269 -0.097162 0.000000 177.831445 0.097162 0.995269 0.000000 13.780118 0.000000 0.000000 1.000000 0.000000
0.994927 -0.100603 0.000000 180.323418 0.100603 0.994927 0.000000 14.010270 0.000000 0.000000 1.000000 0.000000
0.994642 -0.103381 0.000000 182.801164 0.103381 0.994642 0.000000 14.249840 0.000000 0.000000 1.000000 0.000000
0.994339 -0.106258 0.000000 185.265827 0.106258 0.994339 0.000000 14.500138 0.000000 0.000000 1.000000 0.000000
0.994084 -0.108614 0.000000 187.720848 0.108614 0.994084 0.000000 14.755552 0.000000 0.000000 1.000000 0.000000
0.993953 -0.109806 0.000000 190.185281 0.109806 0.993953 0.000000 15.016462 0.000000 0.000000 1.000000 0.000000
0.993948 -0.109854 0.000000 192.648714 0.109854 0.993948 0.000000 15.278924 0.000000 0.000000 1.000000 0.000000
0.994058 -0.108852 0.000000 195.086311 0.108852 0.994058 0.000000 15.535853 0.000000 0.000000 1.000000 0.000000
0.994243 -0.107153 0.000000 197.520193 0.107153 0.994243 0.000000 15.793343 0.000000 0.000000 1.000000 0.000000
0.994417 -0.105526 0.000000 199.925419 0.105526 0.994417 0.000000 16.043820 0.000000 0.000000 1.000000 0.000000
0.994662 -0.103189 0.000000 202.313511 0.103189 0.994662 0.000000 16.292820 0.000000 0.000000 1.000000 0.000000
0.995233 -0.097525 0.000000 204.694612 0.097525 0.995233 0.000000 16.530712 0.000000 0.000000 1.000000 0.000000
0.995743 -0.092171 0.000000 207.049692 0.092171 0.995743 0.000000 16.754309 0.000000 0.000000 1.000000 0.000000
0.995903 -0.090429 0.000000 209.393382 0.090429 0.995903 0.000000 16.967639 0.000000 0.000000 1.000000 0.000000
0.995919 -0.090249 0.000000 211.731545 0.090249 0.995919 0.000000 17.175455 0.000000 0.000000 1.000000 0.000000
0.995623 -0.093455 0.000000 214.038411 0.093455 0.995623 0.000000 17.386095 0.000000 0.000000 1.000000 0.000000
0.994975 -0.100121 0.000000 216.339353 0.100121 0.994975 0.000000 17.613581 0.000000 0.000000 1.000000 0.000000
0.993799 -0.111195 0.000000 218.646190 0.111195 0.993799 0.000000 17.861072 0.000000 0.000000 1.000000 0.000000
0.992378 -0.123228 0.000000 220.951173 0.123228 0.992378 0.000000 18.138227 0.000000 0.000000 1.000000 0.000000
0.990791 -0.135402 0.000000 223.245761 0.135402 0.990791 0.000000 18.439511 0.000000 0.000000 1.000000 0.000000
0.989164 -0.146813 0.000000 225.539450 0.146813 0.989164 0.000000 18.766969 0.000000 0.000000 1.000000 0.000000
0.987415 -0.158148 0.000000 227.841116 0.158148 0.987415 0.000000 19.118856 0.000000 0.000000 1.000000 0.000000
0.986294 -0.164995 0.000000 230.148774 0.164995 0.986294 0.000000 19.494769 0.000000 0.000000 1.000000 0.000000
0.985359 -0.170495 0.000000 232.459698 0.170495 0.985359 0.000000 19.882679 0.000000 0.000000 1.000000 0.000000
0.984465 -0.175580 0.000000 234.773798 0.175580 0.984465 0.000000 20.283869 0.000000 0.000000 1.000000 0.000000
0.983728 -0.179665 0.000000 237.089014 0.179665 0.983728 0.000000 20.698495 0.000000 0.000000 1.000000 0.000000
0.982957 -0.183836 0.000000 239.416834 0.183836 0.982957 0.000000 21.122822 0.000000 0.000000 1.000000 0.000000
0.982300 -0.187317 0.000000 241.761071 0.187317 0.982300 0.000000 21.554071 0.000000 0.000000 1.000000 0.000000
0.981839 -0.189718 0.000000 244.112080 0.189718 0.981839 0.000000 21.994374 0.000000 0.000000 1.000000 0.000000
0.981443 -0.191754 0.000000 246.456670 0.191754 0.981443 0.000000 22.444917 0.000000 0.000000 1.000000 0.000000
0.981029 -0.193859 0.000000 248.806400 0.193859 0.981029 0.000000 22.900881 0.000000 0.000000 1.000000 0.000000
0.980646 -0.195788 0.000000 251.143467 0.195788 0.980646 0.000000 23.356836 0.000000 0.000000 1.000000 0.000000
0.980601 -0.196015 0.000000 253.467557 0.196015 0.980601 0.000000 23.814558 0.000000 0.000000 1.000000 0.000000
0.980057 -0.198716 0.000000 255.793267 0.198716 0.980057 0.000000 24.272532 0.000000 0.000000 1.000000 0.000000
0.979566 -0.201124 0.000000 258.111713 0.201124 0.979566 0.000000 24.735188 0.000000 0.000000 1.000000 0.000000
0.978990 -0.203910 0.000000 260.434386 0.203910 0.978990 0.000000 25.203450 0.000000 0.000000 1.000000 0.000000
0.978322 -0.207089 0.000000 262.790157 0.207089 0.978322 0.000000 25.688439 0.000000 0.000000 1.000000 0.000000
0.977310 -0.211814 0.000000 265.150269 0.211814 0.977310 0.000000 26.182936 0.000000 0.000000 1.000000 0.000000
0.976251 -0.216644 0.000000 267.508730 0.216644 0.976251 0.000000 26.688189 0.000000 0.000000 1.000000 0.000000
0.975067 -0.221909 0.000000 269.856091 0.221909 0.975067 0.000000 27.207408 0.000000 0.000000 1.000000 0.000000
0.974193 -0.225716 0.000000 272.197570 0.225716 0.974193 0.000000 27.741123 0.000000 0.000000 1.000000 0.000000
0.973107 -0.230353 0.000000 274.535950 0.230353 0.973107 0.000000 28.282310 0.000000 0.000000 1.000000 0.000000
0.972176 -0.234252 0.000000 276.879732 0.234252 0.972176 0.000000 28.831872 0.000000 0.000000 1.000000 0.000000
0.971299 -0.237864 0.000000 279.221517 0.237864 0.971299 0.000000 29.391766 0.000000 0.000000 1.000000 0.000000
0.970195 -0.242324 0.000000 281.572430 0.242324 0.970195 0.000000 29.963076 0.000000 0.000000 1.000000 0.000000
0.969637 -0.244548 0.000000 283.919283 0.244548 0.969637 0.000000 30.543761 0.000000 0.000000 1.000000 0.000000
0.970619 -0.240623 0.000000 286.260444 0.240623 0.970619 0.000000 31.121310 0.000000 0.000000 1.000000 0.000000
0.972762 -0.231807 0.000000 288.629942 0.231807 0.972762 0.000000 31.681468 0.000000 0.000000 1.000000 0.000000
0.975366 -0.220592 0.000000 291.010392 0.220592 0.975366 0.000000 32.213609 0.000000 0.000000 1.000000 0.000000
0.977109 -0.212740 0.000000 293.392917 0.212740 0.977109 0.000000 32.719125 0.000000 0.000000 1.000000 0.000000
0.978980 -0.203957 0.000000 295.764514 0.203957 0.978980 0.000000 33.208821 0.000000 0.000000 1.000000 0.000000
0.980585 -0.196097 0.000000 298.145936 0.196097 0.980585 0.000000 33.675043 0.000000 0.000000 1.000000 0.000000
0.981903 -0.189382 0.000000 300.533475 0.189382 0.981903 0.000000 34.129524 0.000000 0.000000 1.000000 0.000000
0.983278 -0.182111 0.000000 302.922924 0.182111 0.983278 0.000000 34.575088 0.000000 0.000000 1.000000 0.000000
0.984235 -0.176867 0.000000 305.338355 0.176867 0.984235 0.000000 35.001223 0.000000 0.000000 1.000000 0.000000
0.984927 -0.172971 0.000000 307.728785 0.172971 0.984927 0.000000 35.410951 0.000000 0.000000 1.000000 0.000000
0.985435 -0.170051 0.000000 310.139084 0.170051 0.985435 0.000000 35.821072 0.000000 0.000000 1.000000 0.000000
0.985839 -0.167695 0.000000 312.586141 0.167695 0.985839 0.000000 36.231245 0.000000 0.000000 1.000000 0.000000
0.986173 -0.165717 0.000000 315.061754 0.165717 0.986173 0.000000 36.637270 0.000000 0.000000 1.000000 0.000000
0.986545 -0.163492 0.000000 317.577254 0.163492 0.986545 0.000000 37.049644 0.000000 0.000000 1.000000 0.000000
0.987194 -0.159526 0.000000 320.124044 0.159526 0.987194 0.000000 37.452642 0.000000 0.000000 1.000000 0.000000
0.987875 -0.155251 0.000000 322.651134 0.155251 0.987875 0.000000 37.846905 0.000000 0.000000 1.000000 0.000000
0.988739 -0.149653 0.000000 325.165047 0.149653 0.988739 0.000000 38.228983 0.000000 0.000000 1.000000 0.000000
0.989560 -0.144124 0.000000 327.654601 0.144124 0.989560 0.000000 38.586217 0.000000 0.000000 1.000000 0.000000
0.990497 -0.137537 0.000000 330.120066 0.137537 0.990497 0.000000 38.914236 0.000000 0.000000 1.000000 0.000000
0.991179 -0.132530 0.000000 332.582218 0.132530 0.991179 0.000000 39.233206 0.000000 0.000000 1.000000 0.000000
0.992194 -0.124705 0.000000 335.041480 0.124705 0.992194 0.000000 39.539329 0.000000 0.000000 1.000000 0.000000
0.993041 -0.117769 0.000000 337.493589 0.117769 0.993041 0.000000 39.827327 0.000000 0.000000 1.000000 0.000000
0.993770 -0.111453 0.000000 339.935400 0.111453 0.993770 0.000000 40.094395 0.000000 0.000000 1.000000 0.000000
0.994528 -0.104467 0.000000 342.397821 0.104467 0.994528 0.000000 40.350046 0.000000 0.000000 1.000000 0.000000
0.995155 -0.098319 0.000000 344.849899 0.098319 0.995155 0.000000 40.584882 0.000000 0.000000 1.000000 0.000000
0.995759 -0.092001 0.000000 347.291898 0.092001 0.995759 0.000000 40.803536 0.000000 0.000000 1.000000 0.000000
0.996329 -0.085601 0.000000 349.726456 0.085601 0.996329 0.000000 41.004333 0.000000 0.000000 1.000000 0.000000
0.996862 -0.079159 0.000000 352.155029 0.079159 0.996862 0.000000 41.195474 0.000000 0.000000 1.000000 0.000000
0.997450 -0.071372 0.000000 354.604340 0.071372 0.997450 0.000000 41.369455 0.000000 0.000000 1.000000 0.000000
0.997941 -0.064133 0.000000 357.035496 0.064133 0.997941 0.000000 41.521375 0.000000 0.000000 1.000000 0.000000
0.998382 -0.056869 0.000000 359.468569 0.056869 0.998382 0.000000 41.659040 0.000000 0.000000 1.000000 0.000000
0.998741 -0.050171 0.000000 361.910888 0.050171 0.998741 0.000000 41.772432 0.000000 0.000000 1.000000 0.000000
0.998993 -0.044872 0.000000 364.362952 0.044872 0.998993 0.000000 41.873039 0.000000 0.000000 1.000000 0.000000
0.999202 -0.039953 0.000000 366.851675 0.039953 0.999202 0.000000 41.968271 0.000000 0.000000 1.000000 0.000000
0.999361 -0.035756 0.000000 369.326679 0.035756 0.999361 0.000000 42.052351 0.000000 0.000000 1.000000 0.000000
0.999436 -0.033574 0.000000 371.822333 0.033574 0.999436 0.000000 42.123611 0.000000 0.000000 1.000000 0.000000
0.999508 -0.031350 0.000000 374.302574 0.031350 0.999508 0.000000 42.197662 0.000000 0.000000 1.000000 0.000000
0.999544 -0.030188 0.000000 376.803019 0.030188 0.999544 0.000000 42.262981 0.000000 0.000000 1.000000 0.000000
0.999554 -0.029870 0.000000 379.310085 0.029870 0.999554 0.000000 42.322730 0.000000 0.000000 1.000000 0.000000
0.999568 -0.029400 0.000000 381.807751 0.029400 0.999568 0.000000 42.386707 0.000000 0.000000 1.000000 0.000000
0.999560 -0.029660 0.000000 384.282214 0.029660 0.999560 0.000000 42.452304 0.000000 0.000000 1.000000 0.000000
0.999527 -0.030748 0.000000 386.744750 0.030748 0.999527 0.000000 42.517317 0.000000 0.000000 1.000000 0.000000
0.999515 -0.031139 0.000000 389.212907 0.031139 0.999515 0.000000 42.587655 0.000000 0.000000 1.000000 0.000000
0.999432 -0.033690 0.000000 391.681928 0.033690 0.999432 0.000000 42.657937 0.000000 0.000000 1.000000 0.000000
0.999329 -0.036628 0.000000 394.149280 0.036628 0.999329 0.000000 42.734199 0.000000 0.000000 1.000000 0.000000
0.999180 -0.040485 0.000000 396.643325 0.040485 0.999180 0.000000 42.825030 0.000000 0.000000 1.000000 0.000000
0.998925 -0.046355 0.000000 399.148062 0.046355 0.998925 0.000000 42.925819 0.000000 0.000000 1.000000 0.000000
0.998632 -0.052286 0.000000 401.667269 0.052286 0.998632 0.000000 43.043049 0.000000 0.000000 1.000000 0.000000
0.998348 -0.057453 0.000000 404.172955 0.057453 0.998348 0.000000 43.173186 0.000000 0.000000 1.000000 0.000000
0.997942 -0.064117 0.000000 406.679576 0.064117 0.997942 0.000000 43.315214 0.000000 0.000000 1.000000 0.000000
0.997581 -0.069513 0.000000 409.207937 0.069513 0.997581 0.000000 43.476185 0.000000 0.000000 1.000000 0.000000
0.997142 -0.075553 0.000000 411.770183 0.075553 0.997142 0.000000 43.649350 0.000000 0.000000 1.000000 0.000000
0.996576 -0.082687 0.000000 414.324340 0.082687 0.996576 0.000000 43.838179 0.000000 0.000000 1.000000 0.000000
0.995960 -0.089798 0.000000 416.922742 0.089798 0.995960 0.000000 44.044585 0.000000 0.000000 1.000000 0.000000
0.995349 -0.096333 0.000000 419.510164 0.096333 0.995349 0.000000 44.268853 0.000000 0.000000 1.000000 0.000000
0.994969 -0.100184 0.000000 422.107102 0.100184 0.994969 0.000000 44.508130 0.000000 0.000000 1.000000 0.000000
0.994646 -0.103339 0.000000 424.712345 0.103339 0.994646 0.000000 44.754772 0.000000 0.000000 1.000000 0.000000
0.994515 -0.104597 0.000000 427.295707 0.104597 0.994515 0.000000 45.010635 0.000000 0.000000 1.000000 0.000000
0.994351 -0.106144 0.000000 429.900089 0.106144 0.994351 0.000000 45.266278 0.000000 0.000000 1.000000 0.000000
0.994315 -0.106477 0.000000 432.472450 0.106477 0.994315 0.000000 45.521851 0.000000 0.000000 1.000000 0.000000
0.994291 -0.106706 0.000000 435.019324 0.106706 0.994291 0.000000 45.779829 0.000000 0.000000 1.000000 0.000000
0.994210 -0.107453 0.000000 437.499678 0.107453 0.994210 0.000000 46.024707 0.000000 0.000000 1.000000 0.000000
0.994220 -0.107366 0.000000 439.931996 0.107366 0.994220 0.000000 46.268815 0.000000 0.000000 1.000000 0.000000
0.994205 -0.107497 0.000000 442.302758 0.107497 0.994205 0.000000 46.500135 0.000000 0.000000 1.000000 0.000000
0.994174 -0.107783 0.000000 444.650777 0.107783 0.994174 0.000000 46.739806 0.000000 0.000000 1.000000 0.000000
0.994108 -0.108392 0.000000 446.947445 0.108392 0.994108 0.000000 46.971303 0.000000 0.000000 1.000000 0.000000
0.994204 -0.107512 0.000000 449.157479 0.107512 0.994204 0.000000 47.193267 0.000000 0.000000 1.000000 0.000000
0.994472 -0.104998 0.000000 451.269352 0.104998 0.994472 0.000000 47.404980 0.000000 0.000000 1.000000 0.000000
0.994753 -0.102302 0.000000 453.305627 0.102302 0.994753 0.000000 47.600354 0.000000 0.000000 1.000000 0.000000
0.995314 -0.096692 0.000000 455.235582 0.096692 0.995314 0.000000 47.774167 0.000000 0.000000 1.000000 0.000000
0.996087 -0.088382 0.000000 457.057550 0.088382 0.996087 0.000000 47.922256 0.000000 0.000000 1.000000 0.000000
0.996970 -0.077789 0.000000 458.800633 0.077789 0.996970 0.000000 48.048432 0.000000 0.000000 1.000000 0.000000
0.998198 -0.060011 0.000000 460.483719 0.060011 0.998198 0.000000 48.142907 0.000000 0.000000 1.000000 0.000000
0.999501 -0.031579 0.000000 462.078326 0.031579 0.999501 0.000000 48.186917 0.000000 0.000000 1.000000 0.000000
0.999932 0.011704 0.000000 463.597472 -0.011704 0.999932 -0.000000 48.160817 -0.000000 0.000000 1.000000 0.000000
0.998205 0.059895 0.000000 465.017420 -0.059895 0.998205 -0.000000 48.062355 -0.000000 0.000000 1.000000 0.000000
0.993509 0.113750 0.000000 466.365506 -0.113750 0.993509 -0.000000 47.900133 -0.000000 0.000000 1.000000 0.000000
0.983827 0.179120 0.000000 467.618229 -0.179120 0.983827 -0.000000 47.663781 -0.000000 0.000000 1.000000 0.000000
0.968258 0.249954 0.000000 468.801342 -0.249954 0.968258 -0.000000 47.348949 -0.000000 0.000000 1.000000 0.000000
0.943105 0.332495 0.000000 469.894712 -0.332495 0.943105 -0.000000 46.947783 -0.000000 0.000000 1.000000 0.000000
0.907682 0.419659 0.000000 470.897928 -0.419659 0.907682 -0.000000 46.456169 -0.000000 0.000000 1.000000 0.000000
0.859752 0.510712 0.000000 471.820425 -0.510712 0.859752 -0.000000 45.880675 -0.000000 0.000000 1.000000 0.000000
0.797926 0.602756 0.000000 472.635544 -0.602756 0.797926 -0.000000 45.224398 -0.000000 0.000000 1.000000 0.000000
0.719486 0.694507 0.000000 473.332641 -0.694507 0.719486 -0.000000 44.495672 -0.000000 0.000000 1.000000 0.000000
0.626663 0.779291 0.000000 473.916949 -0.779291 0.626663 -0.000000 43.703756 -0.000000 0.000000 1.000000 0.000000
0.519133 0.854693 0.000000 474.380183 -0.854693 0.519133 -0.000000 42.854462 -0.000000 0.000000 1.000000 0.000000
0.400919 0.916114 0.000000 474.722124 -0.916114 0.400919 -0.000000 41.949132 -0.000000 0.000000 1.000000 0.000000
0.270715 0.962660 0.000000 474.940820 -0.962660 0.270715 -0.000000 41.011388 -0.000000 0.000000 1.000000 0.000000
0.129262 0.991611 0.000000 475.021894 -0.991611 0.129262 -0.000000 40.033394 -0.000000 0.000000 1.000000 0.000000
-0.018499 0.999829 0.000000 474.956744 -0.999829 -0.018499 -0.000000 39.030839 -0.000000 0.000000 1.000000 0.000000
-0.166972 0.985962 0.000000 474.731325 -0.985962 -0.166972 -0.000000 38.030177 -0.000000 0.000000 1.000000 0.000000
-0.312788 0.949823 0.000000 474.364042 -0.949823 -0.312788 -0.000000 37.039288 -0.000000 0.000000 1.000000 0.000000
-0.446535 0.894766 0.000000 473.832238 -0.894766 -0.446535 -0.000000 36.078034 -0.000000 0.000000 1.000000 0.000000
-0.560124 0.828409 0.000000 473.156914 -0.828409 -0.560124 -0.000000 35.147175 -0.000000 0.000000 1.000000 0.000000
-0.661162 0.750243 0.000000 472.345849 -0.750243 -0.661162 0.000000 34.258917 0.000000 0.000000 1.000000 0.000000
-0.749037 0.662528 0.000000 471.375326 -0.662528 -0.749037 0.000000 33.442107 0.000000 0.000000 1.000000 0.000000
-0.808903 0.587941 0.000000 470.271092 -0.587941 -0.808903 0.000000 32.667481 0.000000 0.000000 1.000000 0.000000
-0.844706 0.535231 0.000000 469.062235 -0.535231 -0.844706 0.000000 31.915530 0.000000 0.000000 1.000000 0.000000
-0.863162 0.504927 0.000000 467.770280 -0.504927 -0.863162 0.000000 31.169997 0.000000 0.000000 1.000000 0.000000
-0.867893 0.496751 0.000000 466.412680 -0.496751 -0.867893 0.000000 30.406619 0.000000 0.000000 1.000000 0.000000
-0.869919 0.493195 0.000000 465.002441 -0.493195 -0.869919 0.000000 29.613938 0.000000 0.000000 1.000000 0.000000
-0.870280 0.492558 0.000000 463.517224 -0.492558 -0.870280 0.000000 28.779516 0.000000 0.000000 1.000000 0.000000
-0.870185 0.492726 0.000000 461.961167 -0.492726 -0.870185 0.000000 27.909319 0.000000 0.000000 1.000000 0.000000
-0.870548 0.492083 0.000000 460.341395 -0.492083 -0.870548 0.000000 26.999292 0.000000 0.000000 1.000000 0.000000
-0.871447 0.490489 0.000000 458.654847 -0.490489 -0.871447 0.000000 26.057265 0.000000 0.000000 1.000000 0.000000
-0.871479 0.490432 0.000000 456.886197 -0.490432 -0.871479 0.000000 25.078890 0.000000 0.000000 1.000000 0.000000
-0.871979 0.489543 0.000000 455.060515 -0.489543 -0.871979 0.000000 24.064625 0.000000 0.000000 1.000000 0.000000
-0.872747 0.488173 0.000000 453.175276 -0.488173 -0.872747 0.000000 23.013508 0.000000 0.000000 1.000000 0.000000
-0.873100 0.487541 0.000000 451.215162 -0.487541 -0.873100 0.000000 21.936558 0.000000 0.000000 1.000000 0.000000
-0.873472 0.486874 0.000000 449.214906 -0.486874 -0.873472 0.000000 20.839777 0.000000 0.000000 1.000000 0.000000
-0.874178 0.485605 0.000000 447.169213 -0.485605 -0.874178 0.000000 19.719968 0.000000 0.000000 1.000000 0.000000
-0.874797 0.484490 0.000000 445.076863 -0.484490 -0.874797 0.000000 18.573566 0.000000 0.000000 1.000000 0.000000
-0.875882 0.482525 0.000000 442.936155 -0.482525 -0.875882 0.000000 17.412831 0.000000 0.000000 1.000000 0.000000
-0.876729 0.480984 0.000000 440.756044 -0.480984 -0.876729 0.000000 16.227518 0.000000 0.000000 1.000000 0.000000
-0.879410 0.476066 0.000000 438.537373 -0.476066 -0.879410 0.000000 15.031488 0.000000 0.000000 1.000000 0.000000
-0.881186 0.472770 0.000000 436.255628 -0.472770 -0.881186 0.000000 13.823119 0.000000 0.000000 1.000000 0.000000
-0.883360 0.468696 0.000000 433.938085 -0.468696 -0.883360 0.000000 12.600729 0.000000 0.000000 1.000000 0.000000
-0.885133 0.465338 0.000000 431.594463 -0.465338 -0.885133 0.000000 11.372974 0.000000 0.000000 1.000000 0.000000
-0.886364 0.462989 0.000000 429.246734 -0.462989 -0.886364 0.000000 10.163147 0.000000 0.000000 1.000000 0.000000
-0.886872 0.462016 0.000000 426.915058 -0.462016 -0.886872 0.000000 8.960369 0.000000 0.000000 1.000000 0.000000
-0.887138 0.461504 0.000000 424.573591 -0.461504 -0.887138 0.000000 7.752993 0.000000 0.000000 1.000000 0.000000
-0.887781 0.460266 0.000000 422.209620 -0.460266 -0.887781 0.000000 6.545835 0.000000 0.000000 1.000000 0.000000
-0.888656 0.458575 0.000000 419.848725 -0.458575 -0.888656 0.000000 5.341484 0.000000 0.000000 1.000000 0.000000
-0.889572 0.456796 0.000000 417.492006 -0.456796 -0.889572 0.000000 4.136490 0.000000 0.000000 1.000000 0.000000
-0.890312 0.455351 0.000000 415.144308 -0.455351 -0.890312 0.000000 2.943844 0.000000 0.000000 1.000000 0.000000
-0.891361 0.453293 0.000000 412.785379 -0.453293 -0.891361 0.000000 1.749460 0.000000 0.000000 1.000000 0.000000
-0.892164 0.451711 0.000000 410.414806 -0.451711 -0.892164 0.000000 0.553430 0.000000 0.000000 1.000000 0.000000
-0.892666 0.450718 0.000000 408.029031 -0.450718 -0.892666 0.000000 -0.643745 0.000000 0.000000 1.000000 0.000000
-0.892208 0.451624 0.000000 405.637643 -0.451624 -0.892208 0.000000 -1.845867 0.000000 0.000000 1.000000 0.000000
-0.892700 0.450651 0.000000 403.273588 -0.450651 -0.892700 0.000000 -3.037038 0.000000 0.000000 1.000000 0.000000
-0.892770 0.450513 0.000000 400.902132 -0.450513 -0.892770 0.000000 -4.225728 0.000000 0.000000 1.000000 0.000000
-0.893280 0.449501 0.000000 398.525984 -0.449501 -0.893280 0.000000 -5.416290 0.000000 0.000000 1.000000 0.000000
-0.893694 0.448676 0.000000 396.155873 -0.448676 -0.893694 0.000000 -6.598235 0.000000 0.000000 1.000000 0.000000
-0.894129 0.447809 0.000000 393.782224 -0.447809 -0.894129 0.000000 -7.781057 0.000000 0.000000 1.000000 0.000000
-0.894894 0.446279 0.000000 391.387196 -0.446279 -0.894894 0.000000 -8.964189 0.000000 0.000000 1.000000 0.000000
-0.896015 0.444024 0.000000 389.007282 -0.444024 -0.896015 0.000000 -10.142180 0.000000 0.000000 1.000000 0.000000
-0.897054 0.441922 0.000000 386.645353 -0.441922 -0.897054 0.000000 -11.296468 0.000000 0.000000 1.000000 0.000000
-0.898619 0.438731 0.000000 384.310658 -0.438731 -0.898619 0.000000 -12.428371 0.000000 0.000000 1.000000 0.000000
-0.901033 0.433750 0.000000 381.976334 -0.433750 -0.901033 0.000000 -13.543252 0.000000 0.000000 1.000000 0.000000
-0.904145 0.427225 0.000000 379.640354 -0.427225 -0.904145 0.000000 -14.638396 0.000000 0.000000 1.000000 0.000000
-0.907511 0.420029 0.000000 377.307069 -0.420029 -0.907511 0.000000 -15.706708 0.000000 0.000000 1.000000 0.000000
-0.910953 0.412511 0.000000 374.967615 -0.412511 -0.910953 0.000000 -16.760838 0.000000 0.000000 1.000000 0.000000
-0.914355 0.404914 0.000000 372.608288 -0.404914 -0.914355 0.000000 -17.803099 0.000000 0.000000 1.000000 0.000000
-0.917657 0.397374 0.000000 370.227194 -0.397374 -0.917657 0.000000 -18.830237 0.000000 0.000000 1.000000 0.000000
-0.920849 0.389919 0.000000 367.836326 -0.389919 -0.920849 0.000000 -19.839470 0.000000 0.000000 1.000000 0.000000
-0.923881 0.382679 0.000000 365.432275 -0.382679 -0.923881 0.000000 -20.828378 0.000000 0.000000 1.000000 0.000000
-0.927619 0.373527 0.000000 363.004004 -0.373527 -0.927619 0.000000 -21.802731 0.000000 0.000000 1.000000 0.000000
-0.931172 0.364580 0.000000 360.557842 -0.364580 -0.931172 0.000000 -22.751576 0.000000 0.000000 1.000000 0.000000
-0.934509 0.355940 0.000000 358.134870 -0.355940 -0.934509 0.000000 -23.669631 0.000000 0.000000 1.000000 0.000000
-0.937327 0.348450 0.000000 355.715566 -0.348450 -0.937327 0.000000 -24.561934 0.000000 0.000000 1.000000 0.000000
-0.939681 0.342051 0.000000 353.271820 -0.342051 -0.939681 0.000000 -25.437089 0.000000 0.000000 1.000000 0.000000
-0.940133 0.340807 0.000000 350.843286 -0.340807 -0.940133 0.000000 -26.306069 0.000000 0.000000 1.000000 0.000000
-0.939863 0.341553 0.000000 348.167369 -0.341553 -0.939863 0.000000 -27.265158 0.000000 0.000000 1.000000 0.000000
-0.938942 0.344074 0.000000 345.464174 -0.344074 -0.938942 0.000000 -28.233369 0.000000 0.000000 1.000000 0.000000
-0.938432 0.345464 0.000000 342.770949 -0.345464 -0.938432 0.000000 -29.211410 0.000000 0.000000 1.000000 0.000000
-0.937723 0.347385 0.000000 340.071005 -0.347385 -0.937723 0.000000 -30.204320 0.000000 0.000000 1.000000 0.000000
