1.000000 -0.000085 0.000000 -0.001091 0.000085 1.000000 0.000000 -0.000432 0.000000 0.000000 1.000000 0.000000
1.000000 -0.000008 0.000000 0.010214 0.000008 1.000000 0.000000 -0.002057 0.000000 0.000000 1.000000 0.000000
1.000000 0.000038 0.000000 0.010250 -0.000038 1.000000 -0.000000 -0.001328 -0.000000 0.000000 1.000000 0.000000
1.000000 -0.000064 0.000000 0.009388 0.000064 1.000000 0.000000 -0.001496 0.000000 0.000000 1.000000 0.000000
1.000000 -0.000042 0.000000 0.007903 0.000042 1.000000 0.000000 -0.002327 0.000000 0.000000 1.000000 0.000000
1.000000 0.000044 0.000000 0.014039 -0.000044 1.000000 -0.000000 -0.001430 -0.000000 0.000000 1.000000 0.000000
1.000000 0.000029 0.000000 0.012849 -0.000029 1.000000 -0.000000 -0.001417 -0.000000 0.000000 1.000000 0.000000
1.000000 0.000008 0.000000 0.006918 -0.000008 1.000000 -0.000000 -0.001384 -0.000000 0.000000 1.000000 0.000000
1.000000 -0.000011 0.000000 0.010107 0.000011 1.000000 0.000000 -0.001682 0.000000 0.000000 1.000000 0.000000
1.000000 0.000031 0.000000 0.002100 -0.000031 1.000000 -0.000000 -0.000412 -0.000000 0.000000 1.000000 0.000000
1.000000 0.000080 0.000000 0.012077 -0.000080 1.000000 -0.000000 -0.000998 -0.000000 0.000000 1.000000 0.000000
1.000000 0.000042 0.000000 0.015482 -0.000042 1.000000 -0.000000 -0.001785 -0.000000 0.000000 1.000000 0.000000
1.000000 0.000034 0.000000 0.012945 -0.000034 1.000000 -0.000000 -0.000933 -0.000000 0.000000 1.000000 0.000000
1.000000 -0.000022 0.000000 0.012555 0.000022 1.000000 0.000000 -0.002544 0.000000 0.000000 1.000000 0.000000
1.000000 0.000007 0.000000 0.017841 -0.000007 1.000000 -0.000000 -0.001580 -0.000000 0.000000 1.000000 0.000000
1.000000 0.000009 0.000000 0.010484 -0.000009 1.000000 -0.000000 -0.000871 -0.000000 0.000000 1.000000 0.000000
1.000000 -0.000012 0.000000 0.010513 0.000012 1.000000 0.000000 -0.001069 0.000000 0.000000 1.000000 0.000000
1.000000 -0.000123 0.000000 0.001050 0.000123 1.000000 0.000000 -0.003941 0.000000 0.000000 1.000000 0.000000
1.000000 -0.000030 0.000000 0.012446 0.000030 1.000000 0.000000 -0.002534 0.000000 0.000000 1.000000 0.000000
1.000000 0.000089 0.000000 0.014386 -0.000089 1.000000 -0.000000 -0.002084 -0.000000 0.000000 1.000000 0.000000
1.000000 0.000120 0.000000 0.013587 -0.000120 1.000000 -0.000000 -0.000747 -0.000000 0.000000 1.000000 0.000000
1.000000 0.000115 0.000000 0.010303 -0.000115 1.000000 -0.000000 -0.000119 -0.000000 0.000000 1.000000 0.000000
1.000000 0.000065 0.000000 0.010094 -0.000065 1.000000 -0.000000 -0.000167 -0.000000 0.000000 1.000000 0.000000
1.000000 0.000014 0.000000 0.012856 -0.000014 1.000000 -0.000000 -0.000922 -0.000000 0.000000 1.000000 0.000000
1.000000 0.000001 0.000000 0.011607 -0.000001 1.000000 -0.000000 -0.001204 -0.000000 0.000000 1.000000 0.000000
1.000000 0.000001 0.000000 0.010139 -0.000001 1.000000 -0.000000 -0.001548 -0.000000 0.000000 1.000000 0.000000
1.000000 -0.000001 0.000000 0.010175 0.000001 1.000000 0.000000 -0.001399 0.000000 0.000000 1.000000 0.000000
1.000000 0.000077 0.000000 0.011815 -0.000077 1.000000 -0.000000 -0.001358 -0.000000 0.000000 1.000000 0.000000
1.000000 -0.000003 0.000000 0.009112 0.000003 1.000000 0.000000 -0.001516 0.000000 0.000000 1.000000 0.000000
1.000000 -0.000129 0.000000 0.009499 0.000129 1.000000 0.000000 -0.001690 0.000000 0.000000 1.000000 0.000000
1.000000 -0.000070 0.000000 0.013844 0.000070 1.000000 0.000000 -0.001743 0.000000 0.000000 1.000000 0.000000
1.000000 -0.000078 0.000000 0.012731 0.000078 1.000000 0.000000 -0.001901 0.000000 0.000000 1.000000 0.000000
1.000000 -0.000039 0.000000 0.030526 0.000039 1.000000 0.000000 -0.001835 0.000000 0.000000 1.000000 0.000000
0.999937 -0.011217 0.000000 0.277240 0.011217 0.999937 0.000000 0.008725 0.000000 0.000000 1.000000 0.000000
0.999738 -0.022892 0.000000 0.450266 0.022892 0.999738 0.000000 0.020375 0.000000 0.000000 1.000000 0.000000
0.998269 -0.058809 0.000000 0.962323 0.058809 0.998269 0.000000 0.063291 0.000000 0.000000 1.000000 0.000000
0.994382 -0.105855 0.000000 1.764833 0.105855 0.994382 0.000000 0.162445 0.000000 0.000000 1.000000 0.000000
0.988639 -0.150312 0.000000 2.856606 0.150312 0.988639 0.000000 0.332403 0.000000 0.000000 1.000000 0.000000
0.984996 -0.172576 0.000000 4.261001 0.172576 0.984996 0.000000 0.573624 0.000000 0.000000 1.000000 0.000000
0.985641 -0.168852 0.000000 5.978712 0.168852 0.985641 0.000000 0.855002 0.000000 0.000000 1.000000 0.000000
0.987272 -0.159038 0.000000 8.038725 0.159038 0.987272 0.000000 1.157745 0.000000 0.000000 1.000000 0.000000
0.990794 -0.135375 0.000000 10.400322 0.135375 0.990794 0.000000 1.469996 0.000000 0.000000 1.000000 0.000000
0.998422 -0.056157 0.000000 15.900713 0.056157 0.998422 0.000000 1.890197 0.000000 0.000000 1.000000 0.000000
0.999508 -0.031356 0.000000 17.299202 0.031356 0.999508 0.000000 1.926161 0.000000 0.000000 1.000000 0.000000
0.999986 -0.005346 0.000000 20.371605 0.005346 0.999986 0.000000 1.922016 0.000000 0.000000 1.000000 0.000000
0.999970 -0.007749 0.000000 23.602730 0.007749 0.999970 0.000000 1.911797 0.000000 0.000000 1.000000 0.000000
0.999955 -0.009533 0.000000 26.804735 0.009533 0.999955 0.000000 1.920637 0.000000 0.000000 1.000000 0.000000
0.999944 -0.010557 0.000000 30.238128 0.010557 0.999944 0.000000 1.914487 0.000000 0.000000 1.000000 0.000000
0.999938 -0.011102 0.000000 33.732524 0.011102 0.999938 0.000000 1.932151 0.000000 0.000000 1.000000 0.000000
0.999959 -0.009088 0.000000 37.300208 0.009088 0.999959 0.000000 1.942265 0.000000 0.000000 1.000000 0.000000
0.999976 -0.006870 0.000000 41.084292 0.006870 0.999976 0.000000 1.938697 0.000000 0.000000 1.000000 0.000000
0.999999 -0.001332 0.000000 48.900109 0.001332 0.999999 0.000000 1.911110 0.000000 0.000000 1.000000 0.000000
0.999999 0.001477 0.000000 50.801706 -0.001477 0.999999 -0.000000 1.900367 -0.000000 0.000000 1.000000 0.000000
0.999987 0.005154 0.000000 54.645108 -0.005154 0.999987 -0.000000 1.843749 -0.000000 0.000000 1.000000 0.000000
0.999954 0.009626 0.000000 58.825504 -0.009626 0.999954 -0.000000 1.783958 -0.000000 0.000000 1.000000 0.000000
0.999893 0.014621 0.000000 63.107272 -0.014621 0.999893 -0.000000 1.718003 -0.000000 0.000000 1.000000 0.000000
0.999823 0.018800 0.000000 67.389727 -0.018800 0.999823 -0.000000 1.628794 -0.000000 0.000000 1.000000 0.000000
0.999741 0.022770 0.000000 71.888168 -0.022770 0.999741 -0.000000 1.519532 -0.000000 0.000000 1.000000 0.000000
0.999725 0.023467 0.000000 76.595126 -0.023467 0.999725 -0.000000 1.383399 -0.000000 0.000000 1.000000 0.000000
0.999709 0.024109 0.000000 81.078413 -0.024109 0.999709 -0.000000 1.259927 -0.000000 0.000000 1.000000 0.000000
0.999748 0.022447 0.000000 90.077316 -0.022447 0.999748 -0.000000 1.014151 -0.000000 0.000000 1.000000 0.000000
0.999830 0.018445 0.000000 92.400750 -0.018445 0.999830 -0.000000 0.959990 -0.000000 0.000000 1.000000 0.000000
0.999986 0.005213 0.000000 97.320091 -0.005213 0.999986 -0.000000 0.892554 -0.000000 0.000000 1.000000 0.000000
0.999967 -0.008175 0.000000 102.210065 0.008175 0.999967 0.000000 0.893290 0.000000 0.000000 1.000000 0.000000
0.999824 -0.018760 0.000000 106.808159 0.018760 0.999824 0.000000 0.941517 0.000000 0.000000 1.000000 0.000000
0.999857 -0.016894 0.000000 111.782818 0.016894 0.999857 0.000000 1.017952 0.000000 0.000000 1.000000 0.000000
0.999901 -0.014091 0.000000 116.745020 0.014091 0.999901 0.000000 1.073653 0.000000 0.000000 1.000000 0.000000
0.999922 -0.012497 0.000000 121.390117 0.012497 0.999922 0.000000 1.116746 0.000000 0.000000 1.000000 0.000000
0.999923 -0.012390 0.000000 126.096402 0.012390 0.999923 0.000000 1.154424 0.000000 0.000000 1.000000 0.000000
0.999939 -0.011013 0.000000 135.143309 0.011013 0.999939 0.000000 1.248201 0.000000 0.000000 1.000000 0.000000
0.999947 -0.010304 0.000000 137.387298 0.010304 0.999947 0.000000 1.271121 0.000000 0.000000 1.000000 0.000000
0.999964 -0.008484 0.000000 141.791158 0.008484 0.999964 0.000000 1.318586 0.000000 0.000000 1.000000 0.000000
0.999972 -0.007509 0.000000 145.938694 0.007509 0.999972 0.000000 1.353512 0.000000 0.000000 1.000000 0.000000
0.999982 -0.006043 0.000000 149.354934 0.006043 0.999982 0.000000 1.376708 0.000000 0.000000 1.000000 0.000000
0.999987 -0.005188 0.000000 153.090738 0.005188 0.999987 0.000000 1.389467 0.000000 0.000000 1.000000 0.000000
0.999986 -0.005224 0.000000 156.552186 0.005224 0.999986 0.000000 1.386226 0.000000 0.000000 1.000000 0.000000
0.999985 -0.005426 0.000000 159.775027 0.005426 0.999985 0.000000 1.407817 0.000000 0.000000 1.000000 0.000000
0.999979 -0.006506 0.000000 162.779200 0.006506 0.999979 0.000000 1.414167 0.000000 0.000000 1.000000 0.000000
0.999902 -0.014003 0.000000 167.993673 0.014003 0.999902 0.000000 1.441543 0.000000 0.000000 1.000000 0.000000
0.999872 -0.015988 0.000000 169.105410 0.015988 0.999872 0.000000 1.456996 0.000000 0.000000 1.000000 0.000000
0.999822 -0.018842 0.000000 171.153276 0.018842 0.999822 0.000000 1.493150 0.000000 0.000000 1.000000 0.000000
0.999777 -0.021140 0.000000 172.908407 0.021140 0.999777 0.000000 1.522774 0.000000 0.000000 1.000000 0.000000
0.999756 -0.022093 0.000000 174.365846 0.022093 0.999756 0.000000 1.549507 0.000000 0.000000 1.000000 0.000000
0.999765 -0.021661 0.000000 175.584529 0.021661 0.999765 0.000000 1.572269 0.000000 0.000000 1.000000 0.000000
0.999756 -0.022071 0.000000 176.547844 0.022071 0.999756 0.000000 1.596059 0.000000 0.000000 1.000000 0.000000
0.999742 -0.022719 0.000000 177.207102 0.022719 0.999742 0.000000 1.603657 0.000000 0.000000 1.000000 0.000000
0.999734 -0.023054 0.000000 177.667042 0.023054 0.999734 0.000000 1.612234 0.000000 0.000000 1.000000 0.000000
0.999723 -0.023536 0.000000 178.047831 0.023536 0.999723 0.000000 1.623583 0.000000 0.000000 1.000000 0.000000
0.999725 -0.023442 0.000000 178.168406 0.023442 0.999725 0.000000 1.626244 0.000000 0.000000 1.000000 0.000000
0.999724 -0.023490 0.000000 178.339106 0.023490 0.999724 0.000000 1.630408 0.000000 0.000000 1.000000 0.000000
0.999725 -0.023430 0.000000 178.495515 0.023430 0.999725 0.000000 1.634282 0.000000 0.000000 1.000000 0.000000
0.999720 -0.023656 0.000000 178.714198 0.023656 0.999720 0.000000 1.638314 0.000000 0.000000 1.000000 0.000000
0.999713 -0.023949 0.000000 178.990621 0.023949 0.999713 0.000000 1.644010 0.000000 0.000000 1.000000 0.000000
0.999717 -0.023788 0.000000 179.430237 0.023788 0.999717 0.000000 1.653848 0.000000 0.000000 1.000000 0.000000
0.999733 -0.023087 0.000000 180.073861 0.023087 0.999733 0.000000 1.663799 0.000000 0.000000 1.000000 0.000000
0.999763 -0.021792 0.000000 180.941750 0.021792 0.999763 0.000000 1.678668 0.000000 0.000000 1.000000 0.000000
0.999848 -0.017447 0.000000 183.524490 0.017447 0.999848 0.000000 1.713901 0.000000 0.000000 1.000000 0.000000
0.999853 -0.017166 0.000000 184.372856 0.017166 0.999853 0.000000 1.716440 0.000000 0.000000 1.000000 0.000000
0.999904 -0.013851 0.000000 186.393843 0.013851 0.999904 0.000000 1.746219 0.000000 0.000000 1.000000 0.000000
0.999937 -0.011195 0.000000 188.794822 0.011195 0.999937 0.000000 1.767310 0.000000 0.000000 1.000000 0.000000
0.999951 -0.009874 0.000000 191.566662 0.009874 0.999951 0.000000 1.786346 0.000000 0.000000 1.000000 0.000000
0.999952 -0.009759 0.000000 194.631465 0.009759 0.999952 0.000000 1.798177 0.000000 0.000000 1.000000 0.000000
0.999956 -0.009377 0.000000 197.972936 0.009377 0.999956 0.000000 1.815782 0.000000 0.000000 1.000000 0.000000
0.999939 -0.011058 0.000000 201.551758 0.011058 0.999939 0.000000 1.830993 0.000000 0.000000 1.000000 0.000000
0.999910 -0.013393 0.000000 205.285620 0.013393 0.999910 0.000000 1.859233 0.000000 0.000000 1.000000 0.000000
0.999708 -0.024162 0.000000 213.106744 0.024162 0.999708 0.000000 2.006924 0.000000 0.000000 1.000000 0.000000
0.999576 -0.029107 0.000000 215.124963 0.029107 0.999576 0.000000 2.060827 0.000000 0.000000 1.000000 0.000000
0.999152 -0.041175 0.000000 219.207170 0.041175 0.999152 0.000000 2.208291 0.000000 0.000000 1.000000 0.000000
0.998410 -0.056374 0.000000 223.267610 0.056374 0.998410 0.000000 2.414539 0.000000 0.000000 1.000000 0.000000
0.997042 -0.076854 0.000000 227.332070 0.076854 0.997042 0.000000 2.691248 0.000000 0.000000 1.000000 0.000000
0.994935 -0.100525 0.000000 231.493090 0.100525 0.994935 0.000000 3.075171 0.000000 0.000000 1.000000 0.000000
0.993232 -0.116143 0.000000 235.260291 0.116143 0.993232 0.000000 3.495718 0.000000 0.000000 1.000000 0.000000
0.991713 -0.128476 0.000000 239.443158 0.128476 0.991713 0.000000 4.018058 0.000000 0.000000 1.000000 0.000000
0.991218 -0.132235 0.000000 243.684175 0.132235 0.991218 0.000000 4.572983 0.000000 0.000000 1.000000 0.000000
0.991163 -0.132651 0.000000 252.192494 0.132651 0.991163 0.000000 5.695920 0.000000 0.000000 1.000000 0.000000
0.991236 -0.132103 0.000000 254.350558 0.132103 0.991236 0.000000 5.977334 0.000000 0.000000 1.000000 0.000000
0.991405 -0.130828 0.000000 258.720671 0.130828 0.991405 0.000000 6.544158 0.000000 0.000000 1.000000 0.000000
0.991461 -0.130402 0.000000 263.132535 0.130402 0.991461 0.000000 7.109831 0.000000 0.000000 1.000000 0.000000
0.991493 -0.130158 0.000000 267.639994 0.130158 0.991493 0.000000 7.686135 0.000000 0.000000 1.000000 0.000000
0.991518 -0.129970 0.000000 272.046316 0.129970 0.991518 0.000000 8.243625 0.000000 0.000000 1.000000 0.000000
0.991631 -0.129102 0.000000 276.613271 0.129102 0.991631 0.000000 8.838765 0.000000 0.000000 1.000000 0.000000
0.991693 -0.128625 0.000000 281.277880 0.128625 0.991693 0.000000 9.424715 0.000000 0.000000 1.000000 0.000000
0.991822 -0.127625 0.000000 285.823413 0.127625 0.991822 0.000000 9.996683 0.000000 0.000000 1.000000 0.000000
0.989881 -0.141899 0.000000 295.200031 0.141899 0.989881 0.000000 11.240874 0.000000 0.000000 1.000000 0.000000
0.989305 -0.145863 0.000000 297.416689 0.145863 0.989305 0.000000 11.552810 0.000000 0.000000 1.000000 0.000000
0.989354 -0.145531 0.000000 301.959555 0.145531 0.989354 0.000000 12.199579 0.000000 0.000000 1.000000 0.000000
0.989973 -0.141259 0.000000 306.339094 0.141259 0.989973 0.000000 12.810605 0.000000 0.000000 1.000000 0.000000
0.990288 -0.139029 0.000000 310.669498 0.139029 0.990288 0.000000 13.399887 0.000000 0.000000 1.000000 0.000000
0.990690 -0.136139 0.000000 314.762399 0.136139 0.990690 0.000000 13.951136 0.000000 0.000000 1.000000 0.000000
0.991095 -0.133158 0.000000 318.785506 0.133158 0.991095 0.000000 14.479010 0.000000 0.000000 1.000000 0.000000
0.991676 -0.128757 0.000000 322.644782 0.128757 0.991676 0.000000 14.977724 0.000000 0.000000 1.000000 0.000000
0.992145 -0.125089 0.000000 326.380618 0.125089 0.992145 0.000000 15.436382 0.000000 0.000000 1.000000 0.000000
0.993268 -0.115836 0.000000 333.245088 0.115836 0.993268 0.000000 16.228196 0.000000 0.000000 1.000000 0.000000
0.993713 -0.111961 0.000000 334.682342 0.111961 0.993713 0.000000 16.384384 0.000000 0.000000 1.000000 0.000000
0.994662 -0.103190 0.000000 337.663265 0.103190 0.994662 0.000000 16.684645 0.000000 0.000000 1.000000 0.000000
0.995398 -0.095825 0.000000 340.459723 0.095825 0.995398 0.000000 16.944018 0.000000 0.000000 1.000000 0.000000
0.995871 -0.090776 0.000000 342.982507 0.090776 0.995871 0.000000 17.164086 0.000000 0.000000 1.000000 0.000000
0.996282 -0.086150 0.000000 345.297319 0.086150 0.996282 0.000000 17.352280 0.000000 0.000000 1.000000 0.000000
0.996634 -0.081983 0.000000 347.388662 0.081983 0.996634 0.000000 17.514310 0.000000 0.000000 1.000000 0.000000
0.997205 -0.074708 0.000000 349.257616 0.074708 0.997205 0.000000 17.648149 0.000000 0.000000 1.000000 0.000000
0.998462 -0.055440 0.000000 350.885919 0.055440 0.998462 0.000000 17.731672 0.000000 0.000000 1.000000 0.000000
0.999780 -0.020998 0.000000 353.524550 0.020998 0.999780 0.000000 17.781454 0.000000 0.000000 1.000000 0.000000
0.999887 -0.015051 0.000000 354.068206 0.015051 0.999887 0.000000 17.785251 0.000000 0.000000 1.000000 0.000000
0.999943 -0.010660 0.000000 354.969624 0.010660 0.999943 0.000000 17.782325 0.000000 0.000000 1.000000 0.000000
0.999956 -0.009391 0.000000 355.565207 0.009391 0.999956 0.000000 17.781641 0.000000 0.000000 1.000000 0.000000
0.999970 -0.007802 0.000000 355.836349 0.007802 0.999970 0.000000 17.782709 0.000000 0.000000 1.000000 0.000000
0.999977 -0.006840 0.000000 355.971279 0.006840 0.999977 0.000000 17.783895 0.000000 0.000000 1.000000 0.000000
0.999993 -0.003624 0.000000 356.244753 0.003624 0.999993 0.000000 17.782251 0.000000 0.000000 1.000000 0.000000
0.999988 0.004942 0.000000 356.705967 -0.004942 0.999988 -0.000000 17.768477 -0.000000 0.000000 1.000000 0.000000
0.999836 0.018117 0.000000 357.387871 -0.018117 0.999836 -0.000000 17.738159 -0.000000 0.000000 1.000000 0.000000
0.998752 0.049939 0.000000 359.366840 -0.049939 0.998752 -0.000000 17.632658 -0.000000 0.000000 1.000000 0.000000
0.998595 0.052983 0.000000 359.974772 -0.052983 0.998595 -0.000000 17.594254 -0.000000 0.000000 1.000000 0.000000
0.998259 0.058989 0.000000 361.372829 -0.058989 0.998259 -0.000000 17.507786 -0.000000 0.000000 1.000000 0.000000
0.998068 0.062136 0.000000 362.908332 -0.062136 0.998068 -0.000000 17.397282 -0.000000 0.000000 1.000000 0.000000
0.997995 0.063301 0.000000 364.764148 -0.063301 0.997995 -0.000000 17.263031 -0.000000 0.000000 1.000000 0.000000
0.997969 0.063708 0.000000 367.039928 -0.063708 0.997969 -0.000000 17.110601 -0.000000 0.000000 1.000000 0.000000
0.998305 0.058201 0.000000 369.692084 -0.058201 0.998305 -0.000000 16.946748 -0.000000 0.000000 1.000000 0.000000
0.998543 0.053959 0.000000 372.548511 -0.053959 0.998543 -0.000000 16.782002 -0.000000 0.000000 1.000000 0.000000
0.998649 0.051965 0.000000 375.589474 -0.051965 0.998649 -0.000000 16.611046 -0.000000 0.000000 1.000000 0.000000
0.998776 0.049467 0.000000 382.316802 -0.049467 0.998776 -0.000000 16.240369 -0.000000 0.000000 1.000000 0.000000
0.998802 0.048932 0.000000 384.090127 -0.048932 0.998802 -0.000000 16.151881 -0.000000 0.000000 1.000000 0.000000
0.998939 0.046046 0.000000 387.724996 -0.046046 0.998939 -0.000000 15.973468 -0.000000 0.000000 1.000000 0.000000
0.999156 0.041074 0.000000 391.437108 -0.041074 0.999156 -0.000000 15.799520 -0.000000 0.000000 1.000000 0.000000
0.999371 0.035454 0.000000 395.171153 -0.035454 0.999371 -0.000000 15.648788 -0.000000 0.000000 1.000000 0.000000
0.999549 0.030030 0.000000 398.845516 -0.030030 0.999549 -0.000000 15.520701 -0.000000 0.000000 1.000000 0.000000
0.999706 0.024254 0.000000 402.423412 -0.024254 0.999706 -0.000000 15.410346 -0.000000 0.000000 1.000000 0.000000
0.999815 0.019249 0.000000 405.953200 -0.019249 0.999815 -0.000000 15.317449 -0.000000 0.000000 1.000000 0.000000
0.999899 0.014244 0.000000 409.361939 -0.014244 0.999899 -0.000000 15.239053 -0.000000 0.000000 1.000000 0.000000
0.999990 0.004512 0.000000 415.985625 -0.004512 0.999990 -0.000000 15.134013 -0.000000 0.000000 1.000000 0.000000
0.999999 0.001695 0.000000 417.680746 -0.001695 0.999999 -0.000000 15.117379 -0.000000 0.000000 1.000000 0.000000
0.999993 -0.003721 0.000000 421.113103 0.003721 0.999993 0.000000 15.094786 0.000000 0.000000 1.000000 0.000000
0.999976 -0.006933 0.000000 424.379082 0.006933 0.999976 0.000000 15.089831 0.000000 0.000000 1.000000 0.000000
0.999960 -0.008980 0.000000 427.624455 0.008980 0.999960 0.000000 15.098055 0.000000 0.000000 1.000000 0.000000
0.999932 -0.011621 0.000000 430.717665 0.011621 0.999932 0.000000 15.102910 0.000000 0.000000 1.000000 0.000000
0.999895 -0.014478 0.000000 433.724233 0.014478 0.999895 0.000000 15.116954 0.000000 0.000000 1.000000 0.000000
0.999845 -0.017586 0.000000 436.885344 0.017586 0.999845 0.000000 15.156362 0.000000 0.000000 1.000000 0.000000
0.999818 -0.019059 0.000000 439.960395 0.019059 0.999818 0.000000 15.189507 0.000000 0.000000 1.000000 0.000000
0.999480 -0.032232 0.000000 446.487534 0.032232 0.999480 0.000000 15.316836 0.000000 0.000000 1.000000 0.000000
0.999351 -0.036025 0.000000 448.119387 0.036025 0.999351 0.000000 15.356104 0.000000 0.000000 1.000000 0.000000
0.999059 -0.043367 0.000000 451.333981 0.043367 0.999059 0.000000 15.468372 0.000000 0.000000 1.000000 0.000000
0.998774 -0.049505 0.000000 454.354372 0.049505 0.998774 0.000000 15.590152 0.000000 0.000000 1.000000 0.000000
0.998684 -0.051278 0.000000 457.225361 0.051278 0.998684 0.000000 15.713743 0.000000 0.000000 1.000000 0.000000
0.999009 -0.044517 0.000000 459.943182 0.044517 0.999009 0.000000 15.836013 0.000000 0.000000 1.000000 0.000000
0.999668 -0.025780 0.000000 462.563209 0.025780 0.999668 0.000000 15.882948 0.000000 0.000000 1.000000 0.000000
0.999653 0.026337 0.000000 464.971016 -0.026337 0.999653 -0.000000 15.829528 -0.000000 0.000000 1.000000 0.000000
0.994114 0.108343 0.000000 467.212706 -0.108343 0.994114 -0.000000 15.592142 -0.000000 0.000000 1.000000 0.000000
0.938134 0.346273 0.000000 470.981053 -0.346273 0.938134 -0.000000 14.526684 -0.000000 0.000000 1.000000 0.000000
0.905709 0.423899 0.000000 471.744365 -0.423899 0.905709 -0.000000 14.124040 -0.000000 0.000000 1.000000 0.000000
0.820495 0.571654 0.000000 473.015517 -0.571654 0.820495 -0.000000 13.221784 -0.000000 0.000000 1.000000 0.000000
0.712801 0.701366 0.000000 473.955351 -0.701366 0.712801 -0.000000 12.241641 -0.000000 0.000000 1.000000 0.000000
0.594779 0.803889 0.000000 474.636596 -0.803889 0.594779 -0.000000 11.237399 -0.000000 0.000000 1.000000 0.000000
0.475621 0.879651 0.000000 475.143747 -0.879651 0.475621 -0.000000 10.206191 -0.000000 0.000000 1.000000 0.000000
0.346111 0.938194 0.000000 475.476726 -0.938194 0.346111 -0.000000 9.152218 -0.000000 0.000000 1.000000 0.000000
0.187891 0.982190 0.000000 475.669168 -0.982190 0.187891 -0.000000 7.961637 -0.000000 0.000000 1.000000 0.000000
-0.016308 0.999867 0.000000 475.622668 -0.999867 -0.016308 -0.000000 6.505687 -0.000000 0.000000 1.000000 0.000000
-0.500276 0.865866 0.000000 474.158901 -0.865866 -0.500276 -0.000000 2.981275 -0.000000 0.000000 1.000000 0.000000
-0.609022 0.793153 0.000000 473.413613 -0.793153 -0.609022 0.000000 2.068154 0.000000 0.000000 1.000000 0.000000
-0.771296 0.636477 0.000000 471.438157 -0.636477 -0.771296 0.000000 0.322168 0.000000 0.000000 1.000000 0.000000
-0.859416 0.511278 0.000000 468.837889 -0.511278 -0.859416 0.000000 -1.311744 0.000000 0.000000 1.000000 0.000000
-0.891103 0.453801 0.000000 465.684176 -0.453801 -0.891103 0.000000 -2.962431 0.000000 0.000000 1.000000 0.000000
-0.900677 0.434490 0.000000 462.122151 -0.434490 -0.900677 0.000000 -4.674083 0.000000 0.000000 1.000000 0.000000
-0.905462 0.424428 0.000000 458.129939 -0.424428 -0.905462 0.000000 -6.542609 0.000000 0.000000 1.000000 0.000000
-0.908258 0.418411 0.000000 453.726771 -0.418411 -0.908258 0.000000 -8.545134 0.000000 0.000000 1.000000 0.000000
-0.910054 0.414490 0.000000 448.948325 -0.414490 -0.910054 0.000000 -10.708607 0.000000 0.000000 1.000000 0.000000
-0.912164 0.409824 0.000000 439.194009 -0.409824 -0.912164 0.000000 -15.030682 0.000000 0.000000 1.000000 0.000000
-0.911683 0.410895 0.000000 436.854363 -0.410895 -0.911683 0.000000 -16.067811 0.000000 0.000000 1.000000 0.000000
-0.911851 0.410520 0.000000 432.043397 -0.410520 -0.911851 0.000000 -18.221572 0.000000 0.000000 1.000000 0.000000
-0.911790 0.410657 0.000000 427.365811 -0.410657 -0.911790 0.000000 -20.296578 0.000000 0.000000 1.000000 0.000000
-0.912111 0.409943 0.000000 422.796090 -0.409943 -0.912111 0.000000 -22.328807 0.000000 0.000000 1.000000 0.000000
-0.914961 0.403542 0.000000 418.347878 -0.403542 -0.914961 0.000000 -24.306320 0.000000 0.000000 1.000000 0.000000
-0.917263 0.398282 0.000000 414.146153 -0.398282 -0.917263 0.000000 -26.126993 0.000000 0.000000 1.000000 0.000000
-0.919791 0.392408 0.000000 410.187647 -0.392408 -0.919791 0.000000 -27.811024 0.000000 0.000000 1.000000 0.000000
-0.922328 0.386409 0.000000 406.459527 -0.386409 -0.922328 0.000000 -29.373203 0.000000 0.000000 1.000000 0.000000
-0.925681 0.378305 0.000000 399.684914 -0.378305 -0.925681 0.000000 -32.151424 0.000000 0.000000 1.000000 0.000000
-0.926055 0.377389 0.000000 398.213149 -0.377389 -0.926055 0.000000 -32.748637 0.000000 0.000000 1.000000 0.000000
-0.926953 0.375178 0.000000 395.535958 -0.375178 -0.926953 0.000000 -33.832758 0.000000 0.000000 1.000000 0.000000
-0.926832 0.375475 0.000000 393.198821 -0.375475 -0.926832 0.000000 -34.773092 0.000000 0.000000 1.000000 0.000000
-0.926350 0.376663 0.000000 391.163442 -0.376663 -0.926350 0.000000 -35.594657 0.000000 0.000000 1.000000 0.000000
-0.926797 0.375562 0.000000 389.405078 -0.375562 -0.926797 0.000000 -36.306767 0.000000 0.000000 1.000000 0.000000
-0.927135 0.374726 0.000000 387.967540 -0.374726 -0.927135 0.000000 -36.886392 0.000000 0.000000 1.000000 0.000000
-0.927354 0.374184 0.000000 386.856478 -0.374184 -0.927354 0.000000 -37.333218 0.000000 0.000000 1.000000 0.000000
-0.927576 0.373634 0.000000 386.105163 -0.373634 -0.927576 0.000000 -37.635285 0.000000 0.000000 1.000000 0.000000
-0.927630 0.373500 0.000000 385.060809 -0.373500 -0.927630 0.000000 -38.053410 0.000000 0.000000 1.000000 0.000000
-0.927618 0.373531 0.000000 384.835441 -0.373531 -0.927618 0.000000 -38.141893 0.000000 0.000000 1.000000 0.000000
-0.927630 0.373500 0.000000 384.506186 -0.373500 -0.927630 0.000000 -38.272052 0.000000 0.000000 1.000000 0.000000
-0.927814 0.373044 0.000000 384.351318 -0.373044 -0.927814 0.000000 -38.340859 0.000000 0.000000 1.000000 0.000000
-0.927788 0.373109 0.000000 384.179303 -0.373109 -0.927788 0.000000 -38.410364 0.000000 0.000000 1.000000 0.000000
-0.927853 0.372946 0.000000 384.024739 -0.372946 -0.927853 0.000000 -38.472228 0.000000 0.000000 1.000000 0.000000
-0.927848 0.372960 0.000000 383.884871 -0.372960 -0.927848 0.000000 -38.527529 0.000000 0.000000 1.000000 0.000000
-0.927788 0.373109 0.000000 383.751839 -0.373109 -0.927788 0.000000 -38.580021 0.000000 0.000000 1.000000 0.000000
-0.927806 0.373063 0.000000 383.606664 -0.373063 -0.927806 0.000000 -38.637221 0.000000 0.000000 1.000000 0.000000
-0.927930 0.372755 0.000000 383.406001 -0.372755 -0.927930 0.000000 -38.718971 0.000000 0.000000 1.000000 0.000000
-0.927918 0.372783 0.000000 383.366901 -0.372783 -0.927918 0.000000 -38.734409 0.000000 0.000000 1.000000 0.000000
-0.927873 0.372896 0.000000 383.314377 -0.372896 -0.927873 0.000000 -38.750121 0.000000 0.000000 1.000000 0.000000
-0.927846 0.372963 0.000000 383.277080 -0.372963 -0.927846 0.000000 -38.760887 0.000000 0.000000 1.000000 0.000000
-0.927819 0.373031 0.000000 383.227476 -0.373031 -0.927819 0.000000 -38.775679 0.000000 0.000000 1.000000 0.000000
-0.927844 0.372970 0.000000 383.177095 -0.372970 -0.927844 0.000000 -38.805692 0.000000 0.000000 1.000000 0.000000
-0.927767 0.373160 0.000000 383.138507 -0.373160 -0.927767 0.000000 -38.821182 0.000000 0.000000 1.000000 0.000000
-0.927873 0.372896 0.000000 383.121313 -0.372896 -0.927873 0.000000 -38.830259 0.000000 0.000000 1.000000 0.000000
-0.927875 0.372891 0.000000 383.096945 -0.372891 -0.927875 0.000000 -38.840914 0.000000 0.000000 1.000000 0.000000
-0.927882 0.372873 0.000000 383.007839 -0.372873 -0.927882 0.000000 -38.875476 0.000000 0.000000 1.000000 0.000000
-0.927863 0.372921 0.000000 382.978744 -0.372921 -0.927863 0.000000 -38.886786 0.000000 0.000000 1.000000 0.000000
-0.927953 0.372697 0.000000 382.796249 -0.372697 -0.927953 0.000000 -38.961390 0.000000 0.000000 1.000000 0.000000
-0.928030 0.372505 0.000000 382.567735 -0.372505 -0.928030 0.000000 -39.050805 0.000000 0.000000 1.000000 0.000000
-0.927998 0.372586 0.000000 382.338874 -0.372586 -0.927998 0.000000 -39.142804 0.000000 0.000000 1.000000 0.000000
-0.927929 0.372758 0.000000 382.114517 -0.372758 -0.927929 0.000000 -39.219859 0.000000 0.000000 1.000000 0.000000
-0.928080 0.372381 0.000000 381.855418 -0.372381 -0.928080 0.000000 -39.333880 0.000000 0.000000 1.000000 0.000000
-0.928097 0.372340 0.000000 381.563691 -0.372340 -0.928097 0.000000 -39.453338 0.000000 0.000000 1.000000 0.000000
-0.928051 0.372453 0.000000 381.087594 -0.372453 -0.928051 0.000000 -39.638707 0.000000 0.000000 1.000000 0.000000
-0.927661 0.373423 0.000000 379.010526 -0.373423 -0.927661 0.000000 -40.457296 0.000000 0.000000 1.000000 0.000000
-0.927541 0.373720 0.000000 378.192569 -0.373720 -0.927541 0.000000 -40.784056 0.000000 0.000000 1.000000 0.000000
-0.928000 0.372579 0.000000 376.226984 -0.372579 -0.928000 0.000000 -41.561721 0.000000 0.000000 1.000000 0.000000
-0.930258 0.366906 0.000000 373.687945 -0.366906 -0.930258 0.000000 -42.558952 0.000000 0.000000 1.000000 0.000000
-0.934413 0.356192 0.000000 370.754649 -0.356192 -0.934413 0.000000 -43.669306 0.000000 0.000000 1.000000 0.000000
-0.942326 0.334696 0.000000 367.418564 -0.334696 -0.942326 0.000000 -44.868432 0.000000 0.000000 1.000000 0.000000
-0.950505 0.310708 0.000000 363.631711 -0.310708 -0.950505 0.000000 -46.128538 0.000000 0.000000 1.000000 0.000000
-0.957158 0.289567 0.000000 359.474323 -0.289567 -0.957158 0.000000 -47.400833 0.000000 0.000000 1.000000 0.000000
-0.960376 0.278708 0.000000 354.993301 -0.278708 -0.960376 0.000000 -48.691805 0.000000 0.000000 1.000000 0.000000
-0.964659 0.263502 0.000000 345.429599 -0.263502 -0.964659 0.000000 -51.308376 0.000000 0.000000 1.000000 0.000000
-0.964530 0.263974 0.000000 342.870610 -0.263974 -0.964530 0.000000 -51.998431 0.000000 0.000000 1.000000 0.000000
-0.963124 0.269059 0.000000 337.654397 -0.269059 -0.963124 0.000000 -53.436917 0.000000 0.000000 1.000000 0.000000
-0.960414 0.278577 0.000000 332.292799 -0.278577 -0.960414 0.000000 -54.954585 0.000000 0.000000 1.000000 0.000000
-0.957236 0.289308 0.000000 326.932816 -0.289308 -0.957236 0.000000 -56.528804 0.000000 0.000000 1.000000 0.000000
-0.954907 0.296905 0.000000 321.524541 -0.296905 -0.954907 0.000000 -58.182537 0.000000 0.000000 1.000000 0.000000
-0.952545 0.304398 0.000000 315.981734 -0.304398 -0.952545 0.000000 -59.916852 0.000000 0.000000 1.000000 0.000000
-0.950449 0.310880 0.000000 310.436012 -0.310880 -0.950449 0.000000 -61.692035 0.000000 0.000000 1.000000 0.000000
-0.949058 0.315101 0.000000 305.111843 -0.315101 -0.949058 0.000000 -63.427476 0.000000 0.000000 1.000000 0.000000
-0.948110 0.317944 0.000000 294.478188 -0.317944 -0.948110 0.000000 -66.966258 0.000000 0.000000 1.000000 0.000000
-0.948301 0.317374 0.000000 291.944584 -0.317374 -0.948301 0.000000 -67.805964 0.000000 0.000000 1.000000 0.000000
-0.948599 0.316481 0.000000 286.911877 -0.316481 -0.948599 0.000000 -69.465909 0.000000 0.000000 1.000000 0.000000
-0.947002 0.321228 0.000000 281.953399 -0.321228 -0.947002 0.000000 -71.105397 0.000000 0.000000 1.000000 0.000000
-0.941736 0.336352 0.000000 277.080733 -0.336352 -0.941736 0.000000 -72.762633 0.000000 0.000000 1.000000 0.000000
-0.936687 0.350168 0.000000 272.295857 -0.350168 -0.936687 0.000000 -74.477627 0.000000 0.000000 1.000000 0.000000
-0.932107 0.362182 0.000000 267.646475 -0.362182 -0.932107 0.000000 -76.238372 0.000000 0.000000 1.000000 0.000000
-0.928898 0.370335 0.000000 262.988311 -0.370335 -0.928898 0.000000 -78.071599 0.000000 0.000000 1.000000 0.000000
-0.926353 0.376656 0.000000 258.327523 -0.376656 -0.926353 0.000000 -79.942636 0.000000 0.000000 1.000000 0.000000
-0.924333 0.381588 0.000000 249.048151 -0.381588 -0.924333 0.000000 -83.720130 0.000000 0.000000 1.000000 0.000000
-0.924568 0.381017 0.000000 246.807113 -0.381017 -0.924568 0.000000 -84.634262 0.000000 0.000000 1.000000 0.000000
-0.927187 0.374598 0.000000 242.008758 -0.374598 -0.927187 0.000000 -86.561712 0.000000 0.000000 1.000000 0.000000
-0.929274 0.369391 0.000000 237.385536 -0.369391 -0.929274 0.000000 -88.388832 0.000000 0.000000 1.000000 0.000000
-0.931040 0.364918 0.000000 232.499928 -0.364918 -0.931040 0.000000 -90.303786 0.000000 0.000000 1.000000 0.000000
-0.931650 0.363358 0.000000 227.673028 -0.363358 -0.931650 0.000000 -92.166588 0.000000 0.000000 1.000000 0.000000
-0.931700 0.363228 0.000000 222.807665 -0.363228 -0.931700 0.000000 -94.045168 0.000000 0.000000 1.000000 0.000000
-0.931642 0.363378 0.000000 217.903876 -0.363378 -0.931642 0.000000 -95.932752 0.000000 0.000000 1.000000 0.000000
-0.931238 0.364412 0.000000 213.054706 -0.364412 -0.931238 0.000000 -97.791922 0.000000 0.000000 1.000000 0.000000
-0.929221 0.369524 0.000000 203.064906 -0.369524 -0.929221 0.000000 -101.653223 0.000000 0.000000 1.000000 0.000000
-0.928627 0.371014 0.000000 200.683913 -0.371014 -0.928627 0.000000 -102.578838 0.000000 0.000000 1.000000 0.000000
-0.927568 0.373654 0.000000 195.844268 -0.373654 -0.927568 0.000000 -104.492697 0.000000 0.000000 1.000000 0.000000
-0.926363 0.376632 0.000000 190.930411 -0.376632 -0.926363 0.000000 -106.455949 0.000000 0.000000 1.000000 0.000000
-0.926167 0.377113 0.000000 186.187457 -0.377113 -0.926167 0.000000 -108.365865 0.000000 0.000000 1.000000 0.000000
-0.926936 0.375220 0.000000 181.378837 -0.375220 -0.926936 0.000000 -110.290837 0.000000 0.000000 1.000000 0.000000
-0.931822 0.362915 0.000000 176.604889 -0.362915 -0.931822 0.000000 -112.151238 0.000000 0.000000 1.000000 0.000000
-0.936926 0.349527 0.000000 171.988240 -0.349527 -0.936926 0.000000 -113.875356 0.000000 0.000000 1.000000 0.000000
-0.941336 0.337472 0.000000 167.528389 -0.337472 -0.941336 0.000000 -115.471965 0.000000 0.000000 1.000000 0.000000
-0.944001 0.329943 0.000000 159.397664 -0.329943 -0.944001 0.000000 -118.313665 0.000000 0.000000 1.000000 0.000000
-0.944105 0.329644 0.000000 157.523897 -0.329644 -0.944105 0.000000 -118.957546 0.000000 0.000000 1.000000 0.000000
-0.943850 0.330373 0.000000 153.958754 -0.330373 -0.943850 0.000000 -120.189391 0.000000 0.000000 1.000000 0.000000
-0.943579 0.331148 0.000000 150.605706 -0.331148 -0.943579 0.000000 -121.346996 0.000000 0.000000 1.000000 0.000000
-0.944514 0.328471 0.000000 147.560160 -0.328471 -0.944514 0.000000 -122.393320 0.000000 0.000000 1.000000 0.000000
-0.946351 0.323140 0.000000 144.903160 -0.323140 -0.946351 0.000000 -123.297869 0.000000 0.000000 1.000000 0.000000
-0.946161 0.323696 0.000000 142.483199 -0.323696 -0.946161 0.000000 -124.103945 0.000000 0.000000 1.000000 0.000000
-0.946824 0.321752 0.000000 140.413315 -0.321752 -0.946824 0.000000 -124.791266 0.000000 0.000000 1.000000 0.000000
-0.947783 0.318917 0.000000 138.463240 -0.318917 -0.947783 0.000000 -125.436609 0.000000 0.000000 1.000000 0.000000
-0.949543 0.313637 0.000000 134.598878 -0.313637 -0.949543 0.000000 -126.697741 0.000000 0.000000 1.000000 0.000000
-0.949989 0.312284 0.000000 133.567068 -0.312284 -0.949989 0.000000 -127.030286 0.000000 0.000000 1.000000 0.000000
-0.950938 0.309382 0.000000 131.439532 -0.309382 -0.950938 0.000000 -127.717733 0.000000 0.000000 1.000000 0.000000
-0.952013 0.306058 0.000000 128.896606 -0.306058 -0.952013 0.000000 -128.533979 0.000000 0.000000 1.000000 0.000000
-0.952991 0.302999 0.000000 126.280373 -0.302999 -0.952991 0.000000 -129.356524 0.000000 0.000000 1.000000 0.000000
-0.954149 0.299333 0.000000 123.315706 -0.299333 -0.954149 0.000000 -130.275186 0.000000 0.000000 1.000000 0.000000
-0.955102 0.296278 0.000000 120.192167 -0.296278 -0.955102 0.000000 -131.233253 0.000000 0.000000 1.000000 0.000000
-0.957613 0.288058 0.000000 117.025956 -0.288058 -0.957613 0.000000 -132.190178 0.000000 0.000000 1.000000 0.000000
-0.961000 0.276549 0.000000 113.860392 -0.276549 -0.961000 0.000000 -133.100710 0.000000 0.000000 1.000000 0.000000
-0.966538 0.256524 0.000000 107.917986 -0.256524 -0.966538 0.000000 -134.694502 0.000000 0.000000 1.000000 0.000000
-0.967966 0.251080 0.000000 106.458096 -0.251080 -0.967966 0.000000 -135.062349 0.000000 0.000000 1.000000 0.000000
-0.970090 0.242747 0.000000 103.675982 -0.242747 -0.970090 0.000000 -135.747090 0.000000 0.000000 1.000000 0.000000
-0.972122 0.234476 0.000000 101.099512 -0.234476 -0.972122 0.000000 -136.354062 0.000000 0.000000 1.000000 0.000000
-0.973601 0.228256 0.000000 98.658266 -0.228256 -0.973601 0.000000 -136.916721 0.000000 0.000000 1.000000 0.000000
-0.973610 0.228217 0.000000 96.253861 -0.228217 -0.973610 0.000000 -137.467065 0.000000 0.000000 1.000000 0.000000
-0.973456 0.228875 0.000000 93.856932 -0.228875 -0.973456 0.000000 -138.013194 0.000000 0.000000 1.000000 0.000000
-0.973359 0.229288 0.000000 91.472393 -0.229288 -0.973359 0.000000 -138.563542 0.000000 0.000000 1.000000 0.000000
-0.972495 0.232922 0.000000 89.086583 -0.232922 -0.972495 0.000000 -139.117148 0.000000 0.000000 1.000000 0.000000
-0.936187 0.351502 0.000000 84.666839 -0.351502 -0.936187 0.000000 -140.423572 0.000000 0.000000 1.000000 0.000000
-0.907310 0.420461 0.000000 83.665146 -0.420461 -0.907310 0.000000 -140.888816 0.000000 0.000000 1.000000 0.000000
-0.809491 0.587132 0.000000 81.932913 -0.587132 -0.809491 0.000000 -142.047259 0.000000 0.000000 1.000000 0.000000
-0.664327 0.747442 0.000000 80.574369 -0.747442 -0.664327 0.000000 -143.497314 0.000000 0.000000 1.000000 0.000000
-0.482035 0.876152 0.000000 79.594850 -0.876152 -0.482035 0.000000 -145.194631 0.000000 0.000000 1.000000 0.000000
-0.273276 0.961936 0.000000 79.011801 -0.961936 -0.273276 -0.000000 -147.127030 -0.000000 0.000000 1.000000 0.000000
-0.067747 0.997703 0.000000 78.845279 -0.997703 -0.067747 -0.000000 -149.241483 -0.000000 0.000000 1.000000 0.000000
0.129961 0.991519 0.000000 79.067052 -0.991519 0.129961 -0.000000 -151.450652 -0.000000 0.000000 1.000000 0.000000
0.306468 0.951881 0.000000 79.705333 -0.951881 0.306468 -0.000000 -153.697216 -0.000000 0.000000 1.000000 0.000000
0.531846 0.846841 0.000000 82.022818 -0.846841 0.531846 -0.000000 -158.320925 -0.000000 0.000000 1.000000 0.000000
0.577291 0.816538 0.000000 82.822753 -0.816538 0.577291 -0.000000 -159.483402 -0.000000 0.000000 1.000000 0.000000
0.643817 0.765179 0.000000 84.645885 -0.765179 0.643817 -0.000000 -161.758515 -0.000000 0.000000 1.000000 0.000000
0.703813 0.710386 0.000000 86.754881 -0.710386 0.703813 -0.000000 -163.997921 -0.000000 0.000000 1.000000 0.000000
0.768215 0.640192 0.000000 89.201711 -0.640192 0.768215 -0.000000 -166.212635 -0.000000 0.000000 1.000000 0.000000
0.847787 0.530336 0.000000 91.969421 -0.530336 0.847787 -0.000000 -168.138562 -0.000000 0.000000 1.000000 0.000000
0.926176 0.377092 0.000000 95.063470 -0.377092 0.926176 -0.000000 -169.601932 -0.000000 0.000000 1.000000 0.000000
0.978604 0.205754 0.000000 98.460541 -0.205754 0.978604 -0.000000 -170.523428 -0.000000 0.000000 1.000000 0.000000
0.999162 0.040920 0.000000 102.117147 -0.040920 0.999162 -0.000000 -170.868723 -0.000000 0.000000 1.000000 0.000000
0.991088 -0.133211 0.000000 109.955312 0.133211 0.991088 0.000000 -170.236611 0.000000 0.000000 1.000000 0.000000
0.989836 -0.142212 0.000000 111.993413 0.142212 0.989836 0.000000 -169.963459 0.000000 0.000000 1.000000 0.000000
0.988544 -0.150935 0.000000 115.906828 0.150935 0.988544 0.000000 -169.389432 0.000000 0.000000 1.000000 0.000000
0.988049 -0.154143 0.000000 119.887917 0.154143 0.988049 0.000000 -168.792042 0.000000 0.000000 1.000000 0.000000
0.989356 -0.145515 0.000000 123.912401 0.145515 0.989356 0.000000 -168.195605 0.000000 0.000000 1.000000 0.000000
0.992082 -0.125593 0.000000 127.985368 0.125593 0.992082 0.000000 -167.670531 0.000000 0.000000 1.000000 0.000000
0.994106 -0.108413 0.000000 132.209176 0.108413 0.994106 0.000000 -167.205523 0.000000 0.000000 1.000000 0.000000
0.995709 -0.092534 0.000000 136.506481 0.092534 0.995709 0.000000 -166.808173 0.000000 0.000000 1.000000 0.000000
0.996957 -0.077955 0.000000 140.746713 0.077955 0.996957 0.000000 -166.485826 0.000000 0.000000 1.000000 0.000000
0.998400 -0.056542 0.000000 149.401446 0.056542 0.998400 0.000000 -165.978002 0.000000 0.000000 1.000000 0.000000
0.998600 -0.052897 0.000000 151.595082 0.052897 0.998600 0.000000 -165.869007 0.000000 0.000000 1.000000 0.000000
0.998912 -0.046640 0.000000 155.990391 0.046640 0.998912 0.000000 -165.672839 0.000000 0.000000 1.000000 0.000000
0.999192 -0.040203 0.000000 160.382388 0.040203 0.999192 0.000000 -165.511779 0.000000 0.000000 1.000000 0.000000
0.999503 -0.031527 0.000000 164.751081 0.031527 0.999503 0.000000 -165.373492 0.000000 0.000000 1.000000 0.000000
